0,42.076,0,5.15,80.143,-6.248,15,5,10,0,0,-3.909,-4.563,-35.415,-52.901,-106.519,-16.947,6.174,-2.908,-0.972,-3.267,-57.832,15.206,5.001,8.906,-16.962,75.008,-62.168,19.908,15.081,1.535,-6.452,15.603,-114.092,20.489,0,0
0,42.483,0,6.001,85.018,40.695,15,5,10,1,0,6.593,-7.331,-13.094,-3.588,-128.473,-23.908,7.939,-1.449,-0.431,6.443,-69.237,32.626,6.467,5.148,-25.598,266.489,-375.206,313.16,10.253,-0.309,-11.228,18.153,-118.382,21.817,1,0
0,43.069,0,6.946,94.494,58.56,5,5,10,1,0,17.129,-9.772,-2.191,28.183,-102.214,-21.145,12.95,-6.1,-2.539,32.366,-65.053,44.168,5.947,7.499,-14.167,27.74,-70.412,42.015,15.347,3.018,-7.659,11.023,-121.878,25.649,0,0
0.655,43.746,0,7.941,99.529,67.738,5,5,10,1,0,13.458,-10.236,-4.73,53.374,-96.626,-7.618,12.406,-6.323,-6.847,57.481,-44.321,64.885,0.096,14.038,-15.098,83.893,-62.534,331.969,14.353,0.163,-9.774,8.122,-137.328,27.13,0,0
1.273,44.611,0,9.058,111.695,86.472,5,15,10,1,0,5.873,-4.723,-7.813,60.519,-97.16,-5.863,11.661,-1.145,-7.125,69.679,-18.672,91.756,10.313,18.256,-15.17,23.863,-4.885,47.237,14.145,1.667,-8.074,2.84,-136.427,29.511,0,0
1.852,45.735,0,10.248,119.053,112.393,5,15,10,1,0,1.08,-2.254,-15.908,59.176,-105.756,-14.29,6.565,0.053,-5.338,66.076,-11.282,107.969,9.012,8.993,-13.599,-5.13,3.359,19.924,18.583,1.717,-4.517,-11.588,-133.802,31.099,0,0
2.394,47.006,0,11.493,124.501,127.121,5,15,10,1,0,-0.836,-4.234,-24.774,81.588,-107.313,-21.466,3.011,-2.714,-8.938,56.153,-36.809,108.595,10.536,7.477,-12.013,-21.252,14.443,20.153,17.342,-0.958,-6.498,-16.321,-140.366,30.718,0,0
2.897,48.156,0,12.925,143.2,114.979,5,15,10,1,0,5.42,0.968,-30.117,79.756,-111.557,-26.351,7.377,-3.308,-10.21,59.863,-60.779,93.008,1.82,12.387,-9.254,-68.885,126.534,72.061,15.915,0.594,-7.702,-19.038,-150.351,27.908,0,0
3.363,48.958,0,14.698,177.281,80.223,5,15,10,1,0,12.895,-2.326,-23.107,103.069,-99.313,-22.183,11.455,-3.837,-10.723,67.863,-71.527,62.641,2.007,10.045,-7.865,-85.191,191.145,80.244,13.347,3.073,-7.619,-34.198,-165.511,25.008,0,0
3.791,49.056,0,16.8,210.171,9.853,5,15,10,1,0,10.672,1.669,-19.117,105.038,-73.756,-5.756,13.417,-2.666,-11.712,67.267,-89.389,37.74,4.306,9.187,-3.64,-112.855,285.435,51.969,14.746,2.932,-4.936,-60.076,-179.069,23.557,0,0
4.181,48.309,0,19.224,242.421,-74.696,5,15,10,1,0,10.382,4.095,-16.166,65.649,-39.237,5.115,14.064,-0.431,-10.682,62.565,-117.664,22.916,10.272,6.081,-8.215,-52.275,182.962,11.511,19.802,0.096,-5.123,-65.496,-170.55,23.939,0,0
4.534,46.782,0,21.912,268.776,-152.733,5,15,10,1,0,7.825,6.684,-20.164,15.466,-12.427,15.496,15.359,3.628,-9.379,46.519,-145.527,9.405,10.778,15.798,5.097,-447.389,-68.275,49.588,16.602,1.162,-1.909,-79.237,-177.847,22.214,0,0
4.848,44.694,0,24.842,293.015,-208.775,5,15,10,1,0,10.869,0.709,-19.567,-45.069,4.351,20.779,14.993,4.855,-10.255,18.55,-169.145,4.58,11.336,8.002,-7.413,-62.015,290.198,14.229,20.813,-0.362,-2.8,-82.336,-155.588,21.344,0,0
5.124,42.271,0,27.907,306.519,-242.386,5,15,10,1,0,13.788,1.959,-17.733,-76.107,21.679,36.885,14.765,6.898,-10.734,-22.519,-178.733,-7.496,2.203,10.289,4.848,412.336,-248.916,138.015,18.878,0.994,-6.105,-83.053,-150.015,22.137,0,0
5.363,39.48,0,31.254,334.706,-279.099,5,15,10,1,0,6.337,-0.618,-16.914,-106.412,47.16,40.733,8.663,2.191,-13.118,-37.954,-189.786,-6.046,8.998,8.991,-10.624,-79.053,387.176,18.534,13.932,5.377,-13.333,-72.336,-159.695,26.076,0,0
5.564,36.44,0,34.876,362.16,-303.933,5,15,10,1,0,12.821,-0.575,-12.94,-133.496,59.588,43.13,11.501,7.911,-13.206,-64.305,-202.443,-12.992,9.362,9.353,-11.989,-107.053,414.824,-3.847,13.084,9.606,-14.986,-95.588,-185.344,50.84,0,0
5.727,33.126,0,38.941,406.518,-331.41,5,15,10,1,0,2.726,4.958,-9.384,-172.718,59.344,50.153,13.625,2.57,-7.116,-68.824,-205.13,-17.71,7.827,14.422,-25.972,71.099,-399.405,-273.344,12.639,12.617,-16.181,-103.649,-192.901,13.267,0,0
5.852,29.83,0,43.336,439.465,-329.568,5,15,10,1,0,8.397,4.304,-15.69,-191.802,61.817,54.092,9.269,0.328,-7.47,-85.008,-207.511,-17.679,2.778,27.431,-36.749,-73.878,-227.206,495.389,11.233,6.311,-16.533,-146.153,-216.87,17.282,0,0
5.939,26.468,0,48.034,469.85,-336.24,5,15,10,1,0,7.939,0.742,-18.511,-179.771,47.924,44.351,7.743,-1.267,-6.567,-89.145,-193.42,-14.489,5.516,8.336,-27.533,-301.176,-72.824,-159.756,13.98,5.338,-16.25,-159.847,-214.595,6.427,0,0
5.988,23.48,0,52.879,484.487,-298.806,5,15,10,1,0,9.333,-4.323,-18.152,-149.053,30.824,38.763,8.838,-0.786,-8.201,-87.969,-184.534,-5.389,5.966,1.329,-18.564,-135.298,-487.618,-170.198,12.83,4.081,-18.949,-155.435,-211.985,10.779,0,0
5.999,20.928,0,57.86,498.059,-255.238,5,15,10,1,0,7.899,-4.934,-19.175,-106.855,29.908,37.084,12.761,1.969,-8.694,-91.176,-172.198,-3.282,8.078,3.921,-18.846,-113.405,-485.084,-359.328,11.29,8.512,-17.086,-171.374,-201.695,1.969,0,0
5.973,18.859,0,62.661,480.103,-206.852,5,15,10,1,0,7.765,-10.885,-15.055,-61.588,18.672,34.366,13.673,-2.541,-9.966,-89.527,-152.901,10.992,9.46,6.517,-19.249,-78.046,259.771,-179.511,13.937,1.157,-14.222,-172.244,-162.656,-8.901,0,0
5.908,17.108,0,67.164,450.383,-175.061,5,15,10,1,0,5.707,-3.451,-18.205,-31.008,20.275,35.115,9.894,-5.068,-11.302,-91.176,-148.794,22.855,8.51,1.38,-17.072,-55.908,-485.695,-181.924,18.93,-4.117,-9.975,-119.771,-129.023,-5.237,0,0
5.806,15.515,0,70.896,373.181,-159.302,5,15,10,1,0,4.685,-6.658,-13.913,-17.969,17.267,30.901,10.907,-6.802,-10.55,-83.145,-147.313,30.733,0.853,5.783,-22.863,-58.198,479.069,-227.603,13.022,-6.867,-8.066,-82.366,-59.099,-0.015,0,0
5.666,13.882,0,73.684,278.733,-163.342,5,15,10,1,0,6.131,-3.336,-14.107,-15.053,25.542,28.412,8.713,-4.857,-10.928,-77.588,-153.069,35.771,7.75,4.416,-15.256,-24.733,431.496,-152.061,13.048,-10.687,-9.477,-17.405,1.084,6.076,0,0
5.488,12.256,0,75.639,195.534,-162.587,5,15,10,1,0,6.68,-4.788,-12.787,-41.511,23.878,23.74,7.863,-3.43,-9.712,-69.313,-154.122,30.687,4.335,7.814,-22.015,-59.237,387.527,-48.061,11.134,-7.671,-10.675,44.489,50.626,13.786,0,0
5.272,10.571,0,76.935,129.605,-168.503,5,15,10,1,0,9.163,-5.003,-14.008,-41.542,25.496,22.427,9.669,-0.685,-9.094,-71.099,-154.351,24.443,3.068,2.817,-15.184,-34.046,358.137,17.252,9.75,-3.808,-11.772,82.275,85.74,14.504,0,0
5.018,8.909,0,77.803,86.804,-166.226,5,15,10,1,0,6.567,-3.734,-12.212,-64,22.244,18.214,10.102,0.536,-8.95,-80.351,-148.412,17.847,3.341,1.794,-12.94,-27.725,174.901,43.359,7.381,-1.973,-15.06,104.275,110.534,8.855,0,0
4.727,7.257,0,78.389,58.617,-165.219,5,15,10,1,0,4.148,-6.368,-13.805,-53.252,25.008,18.931,8.462,-0.247,-9.654,-89.466,-146.504,13.176,2.11,1.823,-14.816,-11.695,171.847,5.618,6.835,2.711,-12.866,92.702,136.977,1.832,0,0
4.397,5.628,0,78.594,20.508,-162.907,5,15,10,1,0,6.459,-3.463,-10.845,-57.725,22.122,14.214,9.791,-0.532,-9.247,-95.634,-139.878,10.779,1.353,2.989,-15.146,6.336,168.809,7.389,4.78,0.695,-14.955,79.45,157.053,-0.489,0,0
4.03,4.027,0,78.54,-5.47,-160.012,5,15,10,1,0,7.413,-8.67,-12.356,-42.687,30.931,14.733,8.045,-0.594,-9.815,-89.45,-139.618,8.687,0.8,2.946,-15.551,20.794,163.817,31.145,4.385,-0.16,-15.165,63.328,176.137,2.58,0,0
3.625,2.504,0,78.561,2.174,-152.355,5,15,10,1,0,3.487,-3.147,-12.967,-41.023,17.466,12.351,10.665,-1.071,-9.764,-90.916,-134.046,6.534,1.645,3.693,-13.168,26.809,318.534,55.176,1.526,1.403,-13.884,57.053,178.382,10.382,0,0
3.181,1.225,0,78.327,-23.415,-127.877,5,15,10,1,0,6.399,-5.947,-12.356,-28.748,18.519,9.74,9.372,-3.243,-11.245,-81.771,-129.71,5.695,-0.002,4.577,-16.43,31.817,302.137,5.985,8.785,-1.085,-14.526,20.382,212.29,9.023,0,0
2.7,0.054,0,77.818,-50.892,-117.165,5,15,10,1,0,5.863,-5.403,-11.98,-9.099,11.878,9.924,11.281,-3.461,-9.997,-64.702,-118.641,7.16,0.259,5.353,-15.302,28.55,291.176,36.824,5.595,-1.363,-13.343,12.092,221.771,12.977,0,0
2.182,-0.95,0,77.104,-71.423,-100.331,5,15,10,1,0,3.681,-3.645,-13.146,-7.252,5.969,7.496,13.204,-3.561,-8.969,-49.145,-109.802,2.626,0.302,7.065,-16.147,4.397,264.794,-500.275,7.693,-1.224,-12.526,-4.916,246.519,20.947,0,0
1.625,-1.613,0,76.034,-106.98,-66.284,5,15,10,1,0,10.16,-6.89,-10.449,2.366,-0.015,1.344,11.134,-2.86,-9.966,-40.198,-93.313,3.405,0.429,5.998,-20.501,2.198,-485.618,18.87,6.249,-4.184,-15.371,-1.145,254.336,26.595,0,0
1.03,-2.078,0,74.698,-133.61,-46.497,5,15,10,1,0,5.152,-4.067,-13.05,19.893,-8.748,4.733,13.292,-5.621,-9.654,-21.038,-79.74,-2.748,-0.867,5.311,-37.295,-28.458,-65.099,28.214,6.759,-1.933,-16.475,-4.137,275.359,39.298,0,0
0.398,-2.386,0,73.072,-162.655,-30.796,5,15,10,1,0,3.899,-4.888,-12.868,21.985,-12.473,4.26,12.27,-2.316,-8.818,-1.573,-70.29,0.351,-1.7,6.011,-17.136,-21.893,201.344,11.969,6.502,-0.704,-16.957,-15.313,288.947,45.985,0,0
0,-2.411,0,71.197,-187.477,-2.563,5,15,10,1,0,4.567,-4.452,-10.885,22.443,-34.305,-3.557,13.175,-2.381,-7.003,11.496,-56.092,-2.733,-1.892,5.935,-16.435,-36.885,389.008,0.366,8.49,0.666,-16.887,-19.679,295.542,52.031,0,0
0,-2.436,0,69.106,-209.084,-2.529,5,15,10,1,0,9.132,-7.166,-10.701,43.878,-18.26,-0.718,7.312,-2.28,-11.795,21.695,-67.573,-4.198,-2.637,6.477,-23.658,-70.229,190.015,0.794,7.293,-1.712,-18.001,-28.214,304.947,55.481,0,0
0,-2.495,0,66.791,-231.492,-5.836,5,15,10,1,0,4.606,-2.263,-10.948,28.305,-35.466,-0.855,8.754,-1.255,-7.834,34.84,-70.137,-5.954,-2.608,7.837,-16.662,-61.771,75.664,-0.351,11.752,5.422,-13.05,-35.969,317.71,63.847,0,0
0,-2.744,0,64.309,-248.246,-24.914,5,15,10,1,0,11.067,-5.964,-9.163,30.656,-22.015,-0.214,5.94,-2.723,-10.303,39.099,-81.282,-4.443,-4.723,6.623,-34.929,415.389,-496.977,4.153,6.313,1.669,-15.275,-19.939,313.679,65.328,0,0
0,-3.356,0,61.649,-265.915,-61.18,5,15,10,1,0,7.664,-1.693,-11.046,14.275,-24.29,-0.656,6.912,0.081,-9.654,41.756,-97.542,-2.672,-2.754,6.565,-16.363,-90.87,105.649,2.26,8.78,-3.549,-18.959,-12.412,326.641,63.588,0,0
0,-4.198,0,58.918,-273.137,-84.24,5,15,10,1,0,5.444,-2.388,-10.368,-11.817,-21.771,-1.053,8.533,0.956,-7.971,30.672,-112.076,-2.885,-5.212,2.6,-38.454,157.802,319.74,-5.74,8.418,0.702,-17.666,-9.008,323.099,63.13,0,0
0,-5.096,0,56.135,-278.332,-89.745,5,15,10,1,0,6.598,-4.182,-9.681,-29.069,-24.992,-3.282,10.972,2.251,-8.335,8.489,-110.137,0.397,-4.347,5.322,-15.798,-118.046,66.84,4.947,10.227,-1.111,-21.792,0.214,314.748,57.893,0,0
0,-6.007,0,53.384,-275.071,-91.129,5,15,10,1,0,7.322,-4.409,-10.507,-37.405,-23.679,-2.931,12.698,2.088,-8.974,-19.725,-105.267,3.084,-2.512,2.669,-16.209,-200.794,135.328,67.664,10.05,3.875,-20.647,-2.977,297.679,53.053,0,0
0,-6.802,0,50.707,-267.678,-79.514,5,15,10,1,0,6.773,-4.577,-10.502,-46.824,-30.931,-5.084,13.122,2,-8.172,-41.008,-95.71,8.611,-1.959,2.485,-13.278,416.733,283.359,227.786,8.517,3.696,-21.622,-4.015,277.695,45.695,0,0
0,-7.392,0,48.078,-262.894,-58.972,5,15,10,1,0,5.552,-5.303,-10.703,-48.122,-42.137,-8.046,15.747,-0.06,-7.075,-60.031,-81.771,11.069,-1.795,-2.778,-3.123,-215.328,243.053,250.382,6.644,1.305,-23.826,-6.427,255.313,40.58,0,0
0,-7.758,0,45.576,-250.191,-36.61,5,15,10,1,0,5.806,-6.308,-10.203,-41.191,-51.802,-10.412,14.737,-1.411,-6.828,-67.908,-69.771,17.786,-3.304,-0.642,1.657,189.557,140.947,-395.237,5.453,1.049,-23.739,-4.305,234.565,34.763,0,0
0,-7.897,0,43.226,-235.039,-13.893,5,15,10,1,0,7.425,-8.026,-7.889,-29.344,-61.893,-13.298,11.331,-2.788,-6.582,-64.244,-65.893,21.511,-4.136,1.166,-5.949,56.672,6.962,74.748,4.792,1.104,-22.975,16.55,196.885,29.786,0,0
0,-7.897,0,41.084,-214.234,0,5,15,10,1,0,4.903,-6.138,-9.396,-26.229,-75.13,-15.023,12.464,-3.379,-5.683,-57.084,-61.496,19.664,-3.765,7.166,-1.059,134.977,-53.069,136.855,5.166,4.589,-20.106,36.092,156.595,21.481,0,0
0,-7.812,0,39.197,-188.633,8.457,5,15,10,0,0,5.178,-4.682,-11.597,-16.855,-79.023,-14.565,11.934,-2.357,-8.392,-43.74,-64.229,15.74,-0.886,9.374,1.475,129.695,-65.038,59.359,1.784,1.53,-24.549,68.229,116.031,11.786,0,0
0,-7.403,0,37.692,-150.513,40.947,5,15,10,0,0,8.397,-3.688,-10.507,-21.832,-94.504,-17.45,13.371,-3.264,-9.144,-42.626,-45.099,12.321,3.039,4.527,-3.619,51.542,-52.305,64.977,9.053,-1.945,-23.304,89.603,74.779,14.443,0,0
0,-6.696,0,36.553,-113.926,70.679,5,15,10,0,0,6.795,-6.397,-12.78,-4.076,-109.695,-21.557,14.317,-2.021,-9.367,-41.435,-35.084,14.305,1.653,6.397,-6.414,52.763,-49.435,22.519,7.769,3.605,-23.047,111.893,49.298,16.214,0,0
0,-5.783,0,35.781,-77.202,91.255,5,15,10,0,0,9.024,-4.347,-12.686,2.321,-116.26,-24.977,14.82,-1.207,-10.335,-41.832,-22.611,15.328,1.368,5.221,-0.671,63.313,-199.634,48.489,7.034,9.101,-24.925,104.885,-0.931,8.55,0,0
0,-4.729,0,35.433,-34.824,105.469,5,15,10,0,0,11.13,-6.9,-10.802,5.023,-122.351,-29.374,13.774,-1.415,-9.738,-44.29,-17.16,15.679,4.261,5.853,3.856,61.908,-188.641,35.664,1.6,5.614,-32.503,89.221,-72.473,5.985,0,0
0,-3.579,0,35.715,28.21,115.002,5,15,10,0,0,10.806,-1.552,-12.461,-4.931,-121.282,-29.145,11.956,-0.268,-10.967,-46.626,-17.649,11.985,-3.252,8.773,-8.857,8.351,-217.847,-10.748,3.739,7.559,-28.235,44.122,-125.16,-0.595,0,0
0,-2.4,0,36.535,82.009,117.886,5,15,10,0,0,8.874,-1.25,-12.962,-17.969,-122.824,-33.099,12.485,0.599,-10.828,-52.794,-18.198,6.641,0.903,1.37,-8.622,-2.58,-249.908,-178.687,9.628,8.327,-10.754,-2.489,-162.29,0.626,0,0
0,-1.302,0,37.545,101.052,109.818,5,15,10,0,1,9.884,-1.399,-13.005,-27.786,-119.038,-35.267,12.739,0.194,-10.509,-58.885,-17.45,2.977,3.782,4.111,-20.276,-67.618,-264.321,-153.099,16.882,7.24,5.082,-64.565,-115.893,4.137,0,0
0,-0.199,0,38.435,88.978,110.287,5,5,10,0,1,11.362,-0.393,-12.131,-43.328,-123.145,-39.634,13.479,0.266,-10.205,-65.084,-16.198,-1.282,4.234,19.489,-28.098,328.534,254.992,192.977,16.09,8.708,13.992,-101.725,-74.534,0.29,0,0
0,0.925,0.662,38.739,30.396,112.416,5,5,10,0,1,9.554,-1.835,-11.034,-55.191,-122.305,-41.954,14.804,0.048,-10.042,-72.748,-8.214,-12.489,7.686,8.652,-17.771,-243.374,-74.458,-134.198,12.176,-7.506,-5.255,-100.885,-41.618,-9.45,0,0
0,2.053,1.286,38.744,0.446,112.747,5,5,10,0,1,13.223,-3.861,-10.05,-55.771,-124.641,-45.557,17.103,-2.254,-9.321,-68.718,1.649,-18.824,6.301,-0.982,-9.221,-154.183,-55.344,-309.985,5.262,-5.923,-17.053,-82.397,-41.374,-14.153,0,0
0,3.134,1.871,39.509,76.515,108.101,5,5,10,0,1,13.558,-4.51,-8.739,-48.107,-124.153,-45.786,17.151,-2.108,-9.053,-56.855,2.427,-22.092,1.745,-17.704,9.858,-260.046,-265.557,-278.229,2.402,-5.032,-24.297,-7.878,-134.321,-18.656,0,0
0,4.17,2.417,41.142,163.342,103.592,15,5,10,0,1,12.368,-1.296,-10.814,-44.702,-118.336,-45.389,16.26,-1.36,-9.559,-38.336,1.878,-27.695,-2.206,-2.184,-5.427,-103.71,-101.389,380.214,2.127,7.336,-19.606,-27.466,-172.763,-25.42,0,0
0,5.302,2.925,42.885,174.26,113.205,15,5,10,0,1,11.388,-1.193,-9.882,-43.527,-128.504,-47.603,17.235,-0.393,-7.314,-25.786,9.603,-26.702,0.735,2.112,-8.354,-23.573,-47.863,-155.756,10.136,9.039,-14.394,-85.145,-142.565,-26.641,0,0
0,6.675,3.394,44.097,121.273,137.284,15,5,10,0,1,10.888,0.381,-11.221,-29.649,-133.359,-51.206,18.13,0.319,-7.195,-17.42,22.229,-26.809,3.403,5.829,-14.605,26.763,-275.13,-252.153,15.714,-0.06,-16.186,-101.282,-90.198,-21.115,0,0
0,8.444,3.824,44.5,40.238,176.892,15,5,10,0,1,12.219,-6,-9.321,-2.733,-141.924,-49.511,16.166,-0.553,-8.581,-10.168,42.962,-22.076,3.777,7.253,-28.477,69.908,-189.542,-103.695,20.252,-6.112,-14.825,-80.977,-47.603,-12.397,0,0
0,10.473,4.215,44.141,-35.9,202.904,15,5,10,0,1,10.509,-2.69,-10.375,30.595,-150.626,-46.885,15.108,0.467,-6.89,-10.443,58.565,-22.107,4.469,2.117,-17.134,8.977,-117.939,-29.496,10.672,-12.318,-18.796,14.687,-57.954,-17.863,0,0
0,12.849,4.567,43.416,-72.464,237.683,15,5,10,0,1,12.581,-3.2,-5.583,20.229,-165.695,-50.015,20.978,0.663,-1.871,-2.26,92.534,-23.313,6.756,-1.894,-16.169,9.359,453.481,-284.336,19.143,4.91,-8.287,35.786,-31.298,-22.366,0,0
0,15.61,4.881,42.01,-140.671,276.066,15,5,10,0,1,18.399,-5.31,-1.636,-5.466,-165.374,-49.496,21.103,-0.259,-5.032,2.611,126.443,-22.305,5.767,7.611,-12.967,17.053,372.076,-24.794,9.137,1.31,-9.139,49.115,-1.557,-30.779,0,0
0,18.803,5.156,39.728,-228.15,319.325,15,5,10,0,1,8.725,-10.502,-12.488,-2.275,-162.229,-43.511,18.094,-1.691,-4.012,15.893,160.763,-26.916,0.666,5.614,-17.168,50.26,-181.802,-1.16,13.585,-4.522,-15.034,81.176,36.382,-15.374,0,0
0,22.371,5.393,36.839,-288.884,356.77,15,5,10,0,1,9.293,-6.383,-18.173,22.229,-174.183,-43.328,15.51,-4.905,-6.9,20.58,189.099,-20.931,5.116,2.657,-24.563,494.229,-130.198,265.771,12.66,0.738,-12.971,92.366,60.122,-1.756,0,0
0,26.505,5.59,33.367,-347.214,413.361,15,5,10,0,1,7.928,-10.315,-17.984,53.435,-196.046,-50.336,14.911,-6.742,-10.078,42.137,213.115,-2.702,1.514,-0.946,-16.542,76.718,174.962,72.427,8.62,-1.973,-8.993,108.153,66.351,-7.618,0,0
0,31.05,5.749,29.694,-367.299,454.503,15,5,10,0,1,8.342,-7.152,-21.787,81.573,-217.756,-54.458,11.549,-8.078,-11.927,72.962,222.107,16.656,-1.981,2.977,-16.377,70.885,-212.885,25.053,6.055,-9.242,-9.69,149.527,53.191,-23.084,0,0
0,36.012,5.869,25.922,-377.221,496.194,15,5,10,0,1,11.652,-11.836,-18.707,123.863,-224.244,-67.084,14.459,-4.584,-12.423,104.901,241.466,44.427,-1.633,1.835,-15.168,55.969,-221.634,21.344,3.652,-1.696,-14.396,155.038,38.489,-13.221,0,0
0,41.256,5.95,22.432,-349.011,524.415,15,5,10,0,1,14.167,-4.96,-23.646,136.397,-240.183,-68.718,7.841,-2.809,-16.626,123.328,245.145,71.618,8.756,1.499,-10.775,50.351,-210.931,27.679,4.17,0.328,-15.97,163.481,15.008,-5.771,0,0
0,46.695,5.993,19.656,-277.554,543.882,15,5,10,0,1,9.374,-11.463,-23.977,159.954,-245.084,-68.366,13.376,2.56,-10.857,130.458,265.481,85.405,8.962,6.31,-16.118,125.298,-365.038,20.58,8.977,10.208,-12.852,124.321,13.344,-5.328,0,0
0,52.326,5.997,17.569,-208.729,563.165,15,5,10,0,1,12.998,-16.775,-23.263,219.817,-239.725,-56.779,17.948,-0.17,-15.062,85.573,277.74,112,8.222,7.283,-12.009,73.679,-155.847,6.565,10.354,8.919,-11.625,64.84,4.656,-13.252,0,0
0,57.586,5.962,16.031,-153.797,525.949,15,5,10,0,1,8.22,15.422,-38.433,254.168,-178.076,-35.45,13.343,-4.723,-21.761,78.55,262.458,124,8.224,7.01,-13.295,70.855,-278.58,-12,10.176,8.054,-9.539,14.992,7.695,-16.473,0,0
0,62.076,5.888,14.767,-126.377,448.987,15,5,10,0,1,10.069,-4.783,-14.349,278.855,-144.397,-45.069,18.039,2.009,-16.849,71.282,268.931,154.824,5.061,10.059,-13.714,56.366,-129.099,-13.924,8.945,3.921,-10.318,-6.397,4.931,-18.611,0,0
0,65.771,5.776,13.574,-119.362,369.508,15,5,10,0,1,13.029,5.703,-9.93,214.855,-81.496,-45.969,12.785,1.284,-14.804,77.313,252.916,130.168,-0.357,2.003,-24.377,92.321,448.473,-92.214,10.378,0.929,-10.421,-11.496,15.542,-17.298,0,0
0,68.879,5.625,12.237,-133.633,310.856,15,5,10,0,1,12.49,6.608,-11.791,128.794,-32.901,-42.153,10.064,-0.319,-10.337,66.443,220.687,99.053,-0.055,7.46,-14.935,21.053,441.573,-93.802,10.869,0.936,-8.272,3.145,13.878,-14.061,0,0
0,71.19,5.435,10.758,-147.95,231.102,15,5,10,0,1,8.011,4.699,-15.45,59.435,-10.809,-23.053,12.682,-0.889,-8.481,71.878,191.252,64.153,2.79,4.978,-14.859,108.015,442.794,-60.824,9.688,-1.449,-8.878,26.366,14.687,-10.748,0,0
0,72.897,5.207,9.281,-147.641,170.678,15,5,10,0,1,7.274,2.704,-16.756,19.298,27.145,-1.45,12.658,-1.978,-9.877,79.527,170.901,22.076,6.752,2.182,-10.416,39.45,-131.756,-5.817,7.604,-1.777,-9.702,66.183,7.847,-3.74,0,0
0,74.072,4.939,8,-128.105,117.485,15,5,10,0,1,5.379,2.455,-17.493,-20.26,55.847,9.389,11.764,-1.032,-10.569,75.908,160.977,-8.809,5.664,2.747,-12.083,61.573,-487.16,-10.26,7.755,1.708,-8.72,74.397,9.649,-1.252,0,0
0,74.907,4.633,6.876,-112.461,83.531,15,5,10,0,1,2.33,1.899,-17.884,-52.672,81.573,10.458,12.109,-1.219,-9.975,68.26,159.42,-33.893,3.379,6.447,-13.122,64.015,-453.145,-25.954,11.781,3.272,-6.323,61.466,17.313,2.641,0,0
0,75.475,4.288,5.77,-110.562,56.809,15,5,10,0,1,2.623,0.783,-18.24,-77.176,101.634,10.046,10.802,1.281,-11.331,62.672,162.504,-46.626,3.916,6.764,-13.156,71.069,-217.023,-17.099,10.37,2.376,-8.318,51.008,17.985,1.511,0,0
0,75.892,3.905,4.712,-105.835,41.691,15,5,10,0,1,3.688,0.237,-17.97,-90.885,121.664,14.015,9.523,1.317,-10.723,52.275,165.191,-56.519,5.707,6.324,-12.497,160.351,-395.191,-8.611,7.08,2.328,-10.136,44.84,10.565,2,0,0
0,76.087,3.483,3.946,-76.573,19.466,15,5,10,0,1,2.096,-0.568,-17.259,-93.71,136.519,18.656,8.989,0.903,-10.964,44.214,163.466,-59.42,5.542,12.448,-16.123,318.763,328.046,-39.573,9.115,5.542,-7.075,30.229,1.252,3.252,0,0
0,76.013,3.022,3.319,-62.668,-7.404,15,5,10,0,1,2.599,-7.678,-11.321,-85.145,151.008,23.649,9.575,3.25,-10.802,29.145,159.664,-58.031,2.457,16.06,-27.025,-384.26,282.122,-20.153,6.622,2.426,-11.101,8.565,9.573,-3.756,0,0
0,76.053,2.522,2.744,-57.484,4.028,15,5,10,0,1,3.607,-1.629,-16.315,-87.511,170.519,26.122,8.531,1.08,-12.073,8.779,158.122,-61.511,4.388,7.411,-15.793,119.802,-322.031,-7.939,8.557,1.583,-8.102,9.924,-4.901,-0.931,0,0
0,76.024,1.983,2.353,-39.127,-2.872,15,5,10,0,1,3.346,0.362,-18.552,-72.977,189.679,15.084,6.723,4.888,-13.312,-11.725,159.893,-49.344,2.797,6.765,-18.37,84.321,-301.802,24.794,5.827,2.237,-9.844,19.618,-11.008,-3.099,0,0
0,75.896,1.406,2.294,-5.917,-12.852,15,5,10,0,1,0.496,-4.481,-15.992,-36.397,202.565,11.695,5.801,0.999,-11.64,-23.481,168,-35.939,3.329,8.581,-14.346,44.855,-57.588,3.603,10.382,0.829,-7.437,14.824,-24.55,-0.443,0,0
0,75.482,0.79,2.389,9.522,-41.348,15,5,10,0,1,4.311,-7.312,-16.504,4.916,222.305,3.038,7.707,-0.661,-12.782,-14.595,166.168,-11.328,3.7,8.871,-14.131,28.84,-108.412,-1.13,10.665,3.93,-6.297,-0.443,-28.397,-0.977,0,0
0,74.827,0.136,2.422,3.296,-65.54,15,5,10,0,1,2.247,-3.832,-20.303,39.969,241.069,-0.733,5.841,-2.385,-13.577,8.84,157.405,1.618,3.485,8.167,-13.038,15.863,-52.931,-0.901,11.362,2.807,-7.135,-13.237,-27.634,-4.809,0,0
0,73.959,0,2.408,-1.442,-86.838,15,5,10,0,1,2.318,-4.337,-19.685,65.023,249.74,-10.351,5.671,-3.655,-12.722,32.29,144.382,14.473,1.083,9.034,-13.659,-2.55,-117.053,-2.229,10.902,-0.869,-9.714,-18.656,-26.153,-2.641,0,0
0,72.871,0,2.36,-4.749,-108.742,15,5,10,0,1,3.205,-3.334,-20.293,84.504,260.046,-17.191,3.942,-2.783,-13.374,51.206,128.107,19.924,2.661,7.104,-12.703,-15.069,-228.275,17.038,5.755,0.259,-9.491,-9.359,-41.069,-2.366,0,0
0,71.633,0,2.331,-2.941,-123.768,15,5,10,0,1,1.363,-2.68,-18.767,85.679,264.092,-26.366,4.661,-3.195,-11.441,65.511,116.061,22.229,2.354,7.53,-12.821,-16.702,-56.443,-0.031,10.493,2.5,-6.809,-9.573,-44.611,0.031,0,0
0,70.168,0,2.188,-14.236,-146.542,15,5,10,0,1,2.369,-1.274,-19.057,75.099,271.954,-34.794,4.27,-4.117,-11.364,81.328,97.74,21.191,2.354,7.53,-12.821,-17.13,-56.626,-0.015,12.895,1.43,-7.86,-18.366,-28.061,0.076,0,0
0,68.535,0,1.83,-35.889,-163.296,15,5,10,0,1,2.206,1.466,-21.759,53.405,279.527,-40.855,4.33,-4.63,-10.763,102.611,79.847,12.824,1.564,7.359,-16.353,-54.458,-151.725,10.992,6.265,0.146,-9.269,-6.672,-38.214,2.611,0,0
0,66.675,0,1.419,-41.039,-186.047,15,5,10,0,1,2.23,0.055,-20.964,32.305,276.656,-43.145,3.42,-2.352,-12.516,114.809,59.985,7.176,2.814,5.753,-12.334,-18.031,-76.122,2.962,8.145,-0.029,-8.04,10.198,-43.634,6.947,0,0
0,64.69,0,1.126,-29.308,-198.441,15,5,10,0,1,4.313,-0.759,-22.391,15.405,281.237,-42.87,5.264,-2.012,-11.213,132.977,49.053,-5.802,5.058,4.311,-11.834,-5.023,-131.298,1.344,9.762,-0.754,-8.668,25.13,-48.84,8.763,0,0
0,62.515,0,1.002,-12.428,-217.553,15,5,10,0,1,4.242,-3.866,-22.635,6.794,274.198,-39.206,5.437,-1.08,-10.493,136.87,39.405,-17.985,4.354,5.711,-17.766,12.901,-125.802,4.611,8.948,2.829,-8.16,18.046,-48.214,10.336,0,0
0,60.284,0,0.976,-2.563,-223.057,15,5,10,0,1,1.665,-4.347,-23.938,4.763,265.496,-34.641,6.704,2.62,-8.495,129.679,31.756,-27.985,4.081,6.565,-13.477,14.046,-54.779,-1.74,9.187,3.166,-8.581,9.847,-57.359,8.58,0,0
0,57.915,0,0.969,-0.755,-236.893,15,5,10,0,1,4.701,-2.158,-24.01,4.321,265.924,-26.504,3.272,3.638,-9.606,102.015,19.45,-41.023,3.063,6.132,-17.019,36.748,-249.908,-35.053,9.475,0.697,-10.095,3.374,-54.87,7.313,0,0
0,55.568,0,0.972,0.355,-234.753,15,5,10,0,1,1.504,-2.05,-25.33,-7.206,246.504,-20.611,3.252,4.742,-7.93,67.359,10.55,-49.496,3.157,4.757,-12.696,6.58,-126.183,-20.397,9.139,-0.57,-8.658,7.053,-59.008,7.588,0,0
0,53.22,0,0.979,0.71,-234.742,15,5,10,0,1,-3.806,-0.774,-28.082,-21.466,219.008,-12.916,5.544,5.676,-4.723,32.198,-2.565,-49.924,2.879,4.373,-12.679,15.771,-268.534,-20.824,9.884,-0.999,-8.505,16.977,-62.489,9.481,0,0
0,51.023,0,0.979,-0,-219.773,15,5,10,0,1,0.733,-3.533,-26.355,-35.527,196.168,-3.588,4.491,5.595,-4.919,4.122,-15.649,-42.107,2.843,4.776,-13.295,27.344,-141.206,-13.832,10.521,0.268,-8.83,24.916,-65.985,10.092,0,0
0,48.994,0,0.979,-0,-202.858,15,5,10,0,1,0.616,-3.952,-27.028,-52.84,162.763,6.107,4.697,4.127,-4.677,-11.664,-24.656,-36.794,3.83,4.867,-13.865,34.489,-73.542,-8.076,9.882,1.916,-9.621,23.16,-71.527,8.611,0,0
0,47.192,0,0.979,-0,-180.199,15,5,10,0,0,-0.247,-4.852,-26.192,-65.634,126.519,13.832,3.782,3.073,-4.505,-27.863,-37.13,-28.443,4.464,8.618,-15.28,76.26,-279.649,-28.641,9.997,0.079,-9.544,24.656,-76.641,7.817,0,0
0,45.632,0,0.983,0.401,-155.96,15,5,10,0,0,-0.304,-2.711,-28.628,-77.496,96.504,24.931,2.596,1.732,-5.6,-31.863,-51.466,-30.412,0.192,5.458,-15.893,47.603,-75.16,-26.046,10.136,1.039,-8.169,20.901,-72.947,5.725,0,0
0,44.442,0,1.023,4.017,-119.053,15,5,10,0,0,-1.49,-5.295,-25.006,-94.565,53.542,30.855,3.676,2.323,-3.921,-35.481,-59.13,-22.031,3.051,4.953,-13.309,52.519,-75.237,-9.053,10.145,-0.805,-8.145,25.74,-85.634,6.275,0,0
0,43.446,0,1.104,8.034,-99.552,15,5,10,0,0,7.47,-5.794,-20.98,-96.901,24.397,25.985,12.04,3.046,0.328,-45.588,-52.824,-24.534,7.734,3.693,-10.864,62.519,-65.176,0.977,7.793,-4.366,-11.225,55.282,-96.901,12.87,0,0
0,42.691,0,1.481,37.731,-75.497,15,5,10,0,0,8.696,-3.49,-25.061,-90.718,21.145,19.206,14.401,-1.878,-3.375,-57.084,-50.779,-23.405,8.603,8.935,-10.964,141.42,-188.336,22.534,10.457,3.015,-4.481,59.344,-111.786,20.672,0,0
0,42.102,0,2.053,57.186,-58.903,15,5,10,0,0,-0.594,-6.665,-34.845,-83.405,-33.924,10.29,8.488,-3.042,-5.221,-33.954,-55.649,-3.939,8.059,7.119,-11.372,169.756,-58.626,2.595,12.342,2.084,-7.092,60.366,-109.405,19.038,0,0
0,41.845,0,2.855,80.189,-25.681,15,5,10,1,0,-2.376,-2.608,-32.172,-41.038,-92.183,-4.015,3.415,-4.725,-9.082,-17.527,-77.786,26.458,7.202,7.584,-16.435,163.038,-58.382,15.45,12.591,2.359,-7.271,54.031,-119.252,20.458,1,0
0,41.944,0,3.888,103.272,9.865,5,5,10,1,0,9.171,-3.506,-14.08,-11.74,-99.832,-22.992,8.842,-5.087,-6.95,17.588,-80.87,38.794,8.241,9.142,-12.31,69.42,-3.664,20.214,11.637,3.676,-9.254,42.962,-134.321,20.672,0,0
0.666,42.439,0,5.18,129.273,49.45,5,5,10,1,0,12.665,-9.913,-6.989,7.893,-100.718,-29.939,15.074,-4.895,-5.729,45.847,-53.481,40.962,0.436,19.307,-16.353,216.061,94.901,82.321,13.587,3.43,-6.888,30.779,-154.824,21.527,0,0
1.293,43.219,0,6.682,150.147,78.015,5,5,10,1,0,10.845,-11.688,-7.793,53.298,-99.695,-9.527,15.297,-2.924,-3.947,64.458,-23.771,60.183,0.201,-33.388,-21.44,254.779,132.275,0,15.101,2.029,-7.755,19.74,-159.649,21.206,0,0
1.881,44.237,0,8.323,164.074,101.864,5,5,10,1,0,5.832,-4.289,-8.962,66.046,-107.771,1.405,11.024,-1.322,-4.263,73.053,-8.198,84.244,1.7,17.2,-20.473,42.87,71.634,-343.939,13.268,1.609,-8.392,7.618,-164,21.344,0,0
2.429,45.277,0,10.069,174.649,103.947,5,15,10,1,0,6.086,-16.76,-11.585,102.901,-99.954,-5.176,2.96,-12.15,-12.983,76.198,-22.733,107.466,0.134,15.732,-17.354,2.626,72.427,25.649,18.478,1.777,-6.107,-21.603,-167.924,21.252,0,0
2.939,46.116,0,11.805,173.584,83.92,5,15,10,1,0,1.952,2.213,-25.653,96.916,-101.588,-9.069,1.329,-5.35,-6.799,95.511,-59.435,106.626,9.257,4.579,-12.777,-24.107,-329.221,7.695,19.048,-5.41,-9.108,-29.267,-162.931,18.641,0,0
3.409,46.618,0,13.687,188.187,50.171,5,15,10,1,0,5.928,-0.675,-25.998,89.176,-97.206,-20.58,12.169,-2.354,-6.773,103.969,-79.908,74.382,9.65,6.22,-11.733,-25.221,24.031,18.809,13.295,-4.737,-9.063,-40.305,-177.206,25.252,0,0
3.84,46.658,0,15.778,209.107,3.971,5,15,10,1,0,11.527,-2.144,-20.724,86.137,-78.55,-16.519,15.345,0.968,-10.517,93.374,-89.405,51.282,2.927,8.608,-8.277,-97.527,123.573,28.427,14.085,-3.267,-8.16,-42.931,-186.275,25.649,0,0
4.232,46.226,0,18.235,245.728,-43.19,5,15,10,1,0,11.587,1.008,-15.958,64.229,-59.542,-1.588,15.105,5.798,-10.505,61.74,-100.198,40.748,11.882,7.482,-8.069,-55.176,71.298,5.069,14.665,2.196,-4.014,-52.565,-197.634,27.725,0,0
4.584,45.339,0,20.949,271.363,-88.669,5,15,10,1,0,11.829,3.971,-17.057,23.71,-29.786,13.634,14.15,4.352,-10.014,26.076,-119.176,25.649,1.93,16.487,-4.603,-136.336,214.595,19.176,18.71,2.05,-0.872,-79.237,-197.954,24.321,0,0
4.898,43.922,0,23.89,294.137,-141.724,5,15,10,1,0,11.163,4.685,-19.297,-17.557,-4.397,27.099,6.955,4.376,-13.479,-2.351,-142,17.908,11.985,16.214,-3.731,-168,-464.366,471.206,18.578,3.054,-1.092,-99.191,-191.649,21.191,0,0
5.172,42.033,0,27.01,311.989,-188.897,5,15,10,1,0,5.564,7.379,-21.859,-57.282,14.092,33.13,13.003,0.865,-13.273,-27.115,-160.962,0.885,3.53,11.673,-6.658,-186.168,318.595,19.542,19.654,1.456,-4.582,-101.878,-176.84,17.664,0,0
5.407,39.758,0,30.383,337.269,-227.44,5,15,10,1,0,6.637,-0.072,-17.807,-84.092,35.908,36.168,11.465,2.855,-13.405,-40,-163.084,-2.763,7.93,6.265,-8.385,-115.634,370.931,12.733,15.673,2.805,-9.199,-97.725,-172.107,22.076,0,0
5.603,37.202,0,34.001,361.806,-255.661,5,15,10,1,0,6.598,2.134,-16.847,-123.802,47.481,39.405,12.033,-0.096,-11.108,-63.206,-177.099,-5.985,7.154,7.834,-11.403,-112.58,202.153,-1.16,13.757,5.645,-14.732,-101.267,-170.687,23.313,0,0
5.76,34.295,0,37.971,397.019,-290.715,5,15,10,1,0,12.456,1.851,-13.529,-137.802,58.611,41.603,10.837,3.102,-10.37,-68.58,-186.595,-6.229,5.829,17.638,-18.83,-493.985,-139.374,-99.664,14.672,15.678,-16.315,-124,-195.374,21.389,0,0
5.878,31.218,0,42.252,428.079,-307.618,5,15,10,1,0,3.387,5.125,-14.77,-151.893,58.183,50.107,7.846,5.271,-9.103,-76.427,-190.305,-9.206,9.781,9.223,-16.372,-142.29,230.397,-58.321,11.12,6.246,-19.019,-149.435,-212.595,24.412,0,0
5.956,28.076,0,46.855,460.305,-314.232,5,15,10,1,0,4.668,1.284,-17.979,-158.519,45.634,46.015,7.722,3.911,-7.391,-83.878,-186.412,-12.901,12.38,3.796,-17.498,-150.748,251.573,-61.618,11.798,3.954,-16.564,-166.015,-206.885,24.992,0,0
5.995,25.183,0,51.56,470.571,-289.33,5,15,10,1,0,3.48,-4.701,-16.89,-141.649,44.351,46.351,3.104,3.262,-10.038,-95.527,-179.191,-4.992,0.062,4.307,-27.136,-305.588,104.397,-392.55,16.241,2.759,-13.867,-179.985,-192.504,23.527,0,0
5.995,22.521,0,56.402,484.132,-266.213,5,15,10,1,0,5.226,-3.808,-14.899,-126.031,19.542,44.412,12.471,0.968,-7.956,-105.985,-175.679,-9.847,8.684,-1.837,-19.472,-120.153,275.42,-101.435,12.421,2.251,-21.634,-161.313,-173.176,14.611,0,0
5.956,20.276,0,61.24,483.811,-224.453,5,15,10,1,0,6.352,-5.37,-15.596,-97.191,11.832,38.336,14.222,-1.219,-6.32,-124.962,-165.008,-4.153,7.602,0.453,-20.116,-90.855,262.489,-211.298,10.248,7.837,-21.936,-174.748,-174.763,-2.565,0,0
5.878,18.25,0,65.993,475.285,-202.572,5,15,10,1,0,6.821,-10.749,-16.198,-66.153,24.565,40.092,9.688,-4.261,-11.079,-128.351,-163.511,6.122,5.738,0.214,24.65,-164.244,36.137,273.832,0.726,-4.23,-17.603,-159.771,-147.328,-9.466,0,0
5.76,16.328,0,70.062,406.918,-192.227,5,15,10,1,0,6.603,-6.282,-14.028,-61.786,16.336,36.076,11.46,-7.08,-11.906,-130.473,-166.885,19.069,2.27,0.75,-16.887,-24.366,468.87,-92.58,21.292,-4.905,-6.68,-121.618,-81.008,-4.092,0,0
5.603,14.372,0,73.112,305.054,-195.58,5,15,10,1,0,3.442,-8.646,-16.863,-51.939,24.305,31.496,9.489,-9.59,-10.945,-110.824,-175.634,26.977,7.319,3.087,-14.449,-2.504,432.656,-90.443,14.619,-11.704,-7.796,-41.893,-3.542,-4.626,0,0
5.407,12.457,0,75.101,198.841,-191.517,5,15,10,1,0,8.253,-6.098,-14.509,-61.802,26.84,24.672,10.66,-7.499,-11.76,-96.397,-177.466,31.802,5.686,3.964,-14.025,-1.649,188.382,-7.893,10.871,-11.202,-8.51,40.427,52.718,-4.061,0,0
5.172,10.564,0,76.196,109.486,-189.354,5,15,10,1,0,5.082,-7.99,-15.968,-49.573,26.519,20.626,10.699,-6.246,-9.355,-75.13,-173.435,28.565,2.594,2.67,-14.449,-8.366,164.214,48.519,6.867,-10.646,-11.733,110.29,99.053,-3.191,0,0
4.898,8.773,0,76.789,59.281,-179.055,5,15,10,1,0,8.411,-7.161,-13.058,-45.863,28.366,13.634,8.533,-6.067,-9.046,-64.718,-165.664,26.626,0.958,2.286,-22.317,-14.137,304.153,84.824,6.708,-4.941,-13.458,146.992,129.206,-8.534,0,0
4.584,7.048,0,76.972,18.368,-172.463,5,15,10,1,0,5.489,-6.548,-14.588,-21.725,27.298,13.084,8.871,-3.885,-9.537,-51.42,-162.015,17.954,0.939,1.377,-15.448,3.053,297.71,114.565,6.059,-0.019,-14.717,157.603,150.351,-12.977,0,0
4.232,5.467,0,76.858,-11.387,-158.169,5,15,10,1,0,8.696,-3.123,-12.775,-22.427,24.947,9.71,10.241,-2.476,-9.465,-45.969,-149.237,10.885,1.753,4.487,-29.66,197.634,231.695,-495.878,4.498,-0.204,-17.52,144.046,164.687,-15.374,0,0
3.84,3.917,0,76.928,6.958,-154.953,5,15,10,1,0,6.057,-6.27,-12.701,6.962,28.336,11.16,8.083,-0.843,-10.514,-32.137,-151.756,6.519,1.2,2.321,-14.921,44.244,312.427,110.84,3.866,2.34,-15.798,123.084,172.519,-15.786,0,0
3.409,2.445,0,76.829,-9.888,-147.24,5,15,10,1,0,4.692,-2.259,-11.113,0.214,14.107,9.756,10.778,0.532,-8.342,-31.038,-141.115,1.298,2.376,4.05,-14.411,63.298,162.015,19.878,6.929,4.512,-12.025,81.969,185.359,-13.221,0,0
2.939,1.112,0,76.544,-28.542,-133.267,5,15,10,1,0,5.216,-2.752,-12.65,7.191,12.58,12.382,10.744,0.235,-9.935,-24.168,-136.275,-4.565,3.559,4.285,-14.186,66.122,159.695,0.824,5.43,2.563,-13.934,44.443,205.282,-11.038,0,0
2.429,-0.17,0,76.137,-40.684,-128.197,5,15,10,1,0,6.39,-2.534,-10.404,12.641,6.763,11.695,10.574,1.164,-9.865,-16.534,-128.504,-3.847,-0.196,7.511,-15.944,69.664,157.115,13.252,7.777,0.364,-12.425,24.672,221.985,-4.672,0,0
1.881,-1.242,0,75.558,-57.884,-107.243,5,15,10,1,0,5.65,-2.903,-11.034,2.977,-2.794,10.458,12.955,0.956,-8.418,-18.168,-113.527,-6.137,-0.489,7.453,-17.742,54.534,143.023,1.71,10.09,-0.206,-13.089,-4.84,244.031,4.885,0,0
1.293,-2.074,0,74.651,-90.74,-83.176,5,15,10,1,0,4.912,-6.21,-10.56,11.389,-10.656,10.656,12.885,-1.427,-8.902,-19.756,-97.74,-4.702,-0.752,15.305,-22.623,64.489,278.519,-11.053,6.38,-3.008,-15.122,-8,256.031,15.603,0,0
0.666,-2.704,0,73.511,-113.903,-63.023,5,15,10,1,0,3.54,-4.951,-10.229,19.298,-19.924,9.863,13.963,0.465,-9.063,-12.992,-82.534,-2.061,-1.277,7.819,-22.643,15.511,259.954,-22.962,7.24,-1.547,-16.037,-14.733,271.893,28.412,0,0
0,-3.026,0,72.119,-139.206,-32.192,5,15,10,1,0,3.82,-4.663,-11.882,13.832,-28.214,6.168,14.076,0.563,-7.906,-8.824,-65.893,-1.695,-2.247,8.765,15.213,-129.588,-43.496,-113.099,6.804,-0.596,-17.445,-14.977,277.802,38.412,0,0
0,-3.048,0,70.545,-157.46,-2.163,5,15,10,1,0,7.666,-7.911,-9.101,26.733,-32.779,5.679,11.405,-3.284,-9.024,-3.679,-57.237,-0.107,-0.764,8.293,-19.275,-67.664,442.244,-55.45,6.661,1.76,-16.286,-27.13,281.939,45.71,0,0
0,-3.136,0,68.725,-181.973,-8.812,5,15,10,1,0,2.711,-1.061,-14.305,32.244,-33.221,10.611,9.97,-4.117,-9.285,13.924,-69.267,-1.664,-0.915,6.7,-29.123,-442.504,-185.786,-161.221,7.492,0.563,-17.306,-36.321,288.244,52.198,0,0
0,-3.272,0,66.7,-202.538,-13.584,5,15,10,1,0,6.294,-5.2,-9.36,19.679,-40.366,2.641,9.513,-2.814,-7.07,23.939,-73.221,1.832,-2.115,7.991,-23.351,-138.931,355.893,-51.603,10.323,4.752,-13.52,-53.985,302.687,61.588,0,0
0,-3.626,0,64.44,-225.975,-35.454,5,15,10,1,0,5.463,-5.947,-10.787,21.389,-36.427,3.908,9.264,-0.752,-8.011,28.107,-86.29,5.16,-5.006,10.235,-37.286,307.786,-422.366,-120.183,5.24,-0.695,-18.674,-43.557,303.466,64.931,0,0
0,-4.205,0,62.056,-238.415,-57.884,5,15,10,1,0,8.854,-2.57,-11.24,4.29,-27.023,4.336,7.781,-1.751,-9.063,20.275,-101.786,4.611,-4.036,6.754,-17.338,-117.954,124.809,-18.626,8.148,-0.378,-18.633,-46.702,310.137,63.863,0,0
0,-4.916,0,59.555,-250.111,-71.102,5,15,10,1,0,4.541,-3.511,-9.901,-17.725,-35.267,0.595,10.279,0.414,-7.626,5.191,-108,10.885,-3.681,6.129,-16.698,-120.183,248.473,-36.458,10.162,0.496,-18.135,-33.496,307.267,62.107,0,0
0,-5.692,0,57.017,-253.796,-77.603,5,15,10,1,0,6.407,-5.003,-9.369,-27.481,-31.847,-0.733,10.943,1.672,-7.255,-19.771,-108.702,15.008,-2.165,3.061,-13.062,-128.122,49.359,-3.786,10.169,2.68,-17.033,-26.336,292.534,57.908,0,0
0,-6.48,0,54.425,-259.209,-78.77,5,15,10,1,0,8.469,-3.482,-11.333,-41.344,-31.435,-1.435,12.205,2.11,-8.129,-43.084,-103.145,17.557,-2.922,2.788,-12.497,-119.298,41.069,8.733,9.082,1.576,-18.492,-19.405,287.588,52.809,0,0
0,-7.139,0,51.817,-260.754,-65.907,5,15,10,0,0,6.356,-4.294,-11.793,-49.969,-39.924,-3.603,13.63,0.522,-7.084,-63.542,-93.893,19.13,-2.129,1.478,-10.423,-95.603,67.908,50.076,6.723,-1.914,-21.922,-17.74,275.618,48.305,0,0
0,-7.625,0,49.209,-260.788,-48.637,5,15,10,0,0,4.907,-4.888,-11.654,-50.26,-50.626,-5.817,14.202,0.635,-7.408,-77.237,-79.939,23.725,-3.061,0.086,-10.057,-57.802,46.412,32.122,8.495,-2.989,-23.486,-7.13,264.275,41.664,0,0
0,-7.9,0,46.731,-247.857,-27.5,5,15,10,0,0,6.658,-5.458,-10.976,-44.534,-59.344,-7.618,12.507,-2.002,-8.162,-78.443,-74.153,23.786,-2.63,-1.274,-6.713,-15.603,4.214,122.015,7.647,1.916,-20.149,2.702,237.282,40.733,0,0
0,-7.959,0,44.368,-236.241,-5.825,5,15,10,0,0,6.476,-6.067,-10.742,-37.13,-69.786,-9.725,13.587,-3.221,-9.082,-72.275,-59.237,19.084,-1.934,-4.186,6.304,262.229,42.504,252.336,7.626,1.724,-21.809,17.527,214.336,34.702,0,0
0,-7.897,0,42.138,-222.989,6.18,5,15,10,0,0,7.975,-12.684,-5.595,-15.069,-77.328,-13.191,11.968,-5.401,-8.991,-57.939,-52.58,20.351,-3.032,1.499,-6.208,64.122,-10.626,12.916,5.386,1.921,-22.434,28.229,186.336,26.29,0,0
0,-7.838,0,40.069,-206.967,5.836,5,15,10,0,0,10.66,-2.189,-12.27,-21.634,-72.366,-10.763,9.673,-3.54,-10.909,-40.504,-62.336,11.527,-3.492,3.818,-2.596,157.756,-117.13,252.336,4.608,0.453,-22.353,56.122,143.695,16.565,0,0
0,-7.523,0,38.186,-188.221,31.563,5,15,10,0,0,7.223,-5.635,-10.066,-31.527,-94.366,-21.649,13.237,-2.441,-10.641,-36.718,-52.84,15.954,-2.84,9.278,-0.992,164.198,-180.641,216.061,3.731,4.091,-18.894,74.031,103.45,11.038,0,0
0,-6.967,0,36.612,-157.471,55.596,5,15,10,0,0,10.179,-7.614,-10.873,-16.397,-93.298,-23.924,12.562,-2.807,-11.645,-27.649,-45.313,15.313,3.351,5.384,3.482,322.183,-196.397,-269.924,9.659,-2.105,-21.026,113.771,79.099,17.511,0,0
0,-6.296,0,35.426,-118.618,67.074,5,15,10,0,0,9.113,-4.522,-12.682,-2.382,-98.779,-25.695,13.314,-1.394,-11.884,-24.885,-39.573,15.679,0.766,7.185,10.768,-452.901,-428.947,133.863,8.323,7.357,-20.679,118.947,42.351,13.863,0,0
0,-5.568,0,34.602,-82.386,72.842,5,15,10,0,0,9.623,-4.153,-11.455,-1.603,-101.603,-26.748,12.03,-1.142,-11.259,-26.137,-37.359,14.076,2.242,6.057,-2.378,47.908,-50.504,12.214,2.783,4.596,-30.776,110.473,-25.481,6.977,0,0
0,-4.817,0,34.341,-26.07,75.108,5,15,10,0,0,8.354,-3.684,-12.181,-6.198,-104.87,-28.58,12.516,0.146,-10.267,-27.832,-34.214,10.641,-0.656,8.313,-5.377,36.29,-117.618,28.336,4.107,7.472,-32.203,76.427,-79.908,2.015,0,0
0,-4,0,34.612,27.111,81.665,5,15,10,0,0,10.059,-1.31,-12.878,-17.863,-105.71,-29.084,12.418,1.923,-10.921,-36.55,-29.71,5.618,0.577,8.43,-6.857,8.718,-56.626,1.954,3.011,5.492,-30.548,48.214,-124.779,0.473,0,0
0,-3.199,0,35.55,93.807,80.143,5,15,10,0,0,10.998,-1.044,-12.806,-25.878,-104.794,-31.008,12.133,1.308,-11.221,-48.26,-30.595,3.618,1.207,1.386,-11.194,-33.481,-246,-133.863,10.816,8.201,-8.653,-15.435,-168.672,3.176,0,0
0,-2.396,0,36.81,125.931,80.223,5,15,10,0,1,10.78,-2.1,-11.621,-33.221,-107.588,-34.702,13.158,0.424,-9.654,-56.931,-29.405,-0.947,3.679,4.461,-16.004,-105.359,-177.969,-370.076,18.154,8.169,8.155,-71.618,-143.42,0.382,0,1
0,-1.667,0,37.963,115.38,72.888,5,5,10,0,1,11.525,-0.987,-12.993,-33.985,-102.427,-36.015,12.473,-0.73,-10.622,-59.786,-30.992,-6.107,8.258,3.431,-21.546,311.069,-465.847,82.565,16.181,4.321,6.986,-107.099,-101.16,-9.237,0,0
0,-0.964,0.666,38.97,100.662,70.336,5,5,10,0,1,12.193,-0.91,-13.182,-37.496,-103.466,-39.298,13.031,-1.011,-11.692,-62.504,-31.45,-12.046,6.138,7.512,-17.982,-263.557,-33.13,-372.275,6.991,-1.427,-3.894,-104.046,-92.412,-20.198,0,0
0,-0.243,1.293,40.006,103.649,72.086,5,5,10,0,1,12.38,-0.936,-12.849,-38.26,-103.893,-40.244,15.915,-1.358,-10.746,-53.237,-25.145,-19.069,3.056,0.889,-9.005,-175.832,-19.985,-417.405,-0.795,-4.84,-19.371,-100.031,-120.855,-22.351,0,0
0,0.636,1.881,41.665,165.894,87.959,15,5,10,0,1,13.137,-1.928,-10.26,-40.656,-109.389,-42.534,16.847,0.98,-10.449,-51.008,-10.656,-19.802,-0.204,-0.228,-6.076,-149.573,-9.588,-110.931,5.571,-1.174,-20.209,-74.702,-161.588,-15.191,0,0
0,1.698,2.429,43.811,214.577,106.178,15,5,10,0,1,11.039,-3.827,-8.773,-38.382,-115.756,-42.733,17.232,-0.671,-8.653,-47.588,5.359,-18.321,-3.882,3.07,-5.283,-120.87,-105.435,402.809,7.65,8.785,-16.617,-94.718,-183.023,-18.916,0,0
0,2.925,2.939,45.796,198.532,122.647,15,5,10,0,1,8.064,-4.44,-8.555,-25.511,-116.214,-42.26,15.086,-1.281,-6.888,-40.58,12.809,-13.847,1.478,2.002,-10.198,-45.511,-89.603,-368,14.749,5.829,-16.983,-116.916,-157.176,-21.45,0,0
0,4.221,3.409,47.159,136.219,129.639,15,5,10,0,1,10.267,-4.512,-8.498,-25.695,-118.565,-42.534,15.654,-1.645,-7.53,-33.71,22.519,-12.519,7.523,5.37,-12.363,7.008,-68.885,-58.794,17.069,-2.256,-15.865,-108.87,-106.351,-18.427,0,0
0,5.682,3.84,47.631,47.218,146.118,15,5,10,0,1,10.32,-3.679,-6.989,-19.817,-124.58,-43.008,15.163,-1.597,-5.269,-18.565,35.496,-10.122,6.764,4.054,-23.155,22.092,252.687,378.87,19.711,-7.456,-13.894,-60.672,-65.771,-12.55,0,0
0,7.404,4.232,47.372,-25.932,172.142,15,5,10,0,1,8.27,-3.674,-8.737,-19.71,-132.305,-43.099,16.887,-0.443,-4.773,-17.481,53.252,-15.969,9.072,4.413,-13.594,8.656,135.557,-213.008,23.615,-0.354,-7.185,16.122,-56.26,-12.031,0,0
0,9.414,4.584,46.438,-93.395,201.027,15,5,10,0,1,10.172,-5.001,-7.247,-25.42,-142.763,-43.71,16.741,0.845,-3.403,-6.473,74.718,-14.29,1.447,1,27.725,156.794,-183.466,-29.802,13.781,-6.244,-17.742,69.618,-23.557,-26.336,0,0
0,11.809,4.898,44.834,-160.389,239.48,15,5,10,0,1,12.533,-6.495,-7.324,-28.58,-148.84,-42.977,19.088,-0.34,-3.53,-13.008,107.725,-18.565,2.606,4.551,-17.388,25.176,328.534,-15.511,10.411,-0.644,-15.85,71.282,20.458,-22.427,0,0
0,14.512,5.172,42.449,-238.427,270.333,15,5,10,0,1,11.558,-6.313,-11.834,-23.496,-152.87,-37.389,17.148,-2.172,-5.154,-11.298,138.855,-25.511,2.294,9.525,-20.312,42.87,-194.702,18.015,10.998,-7.202,-20.427,84.794,49.725,-11.679,0,0
0,17.753,5.407,39.436,-301.369,324.097,15,5,10,0,1,14.085,-7.226,-15.01,-5.16,-167.847,-39.756,14.547,-3.535,-7.817,-6,168.824,-22.229,1.765,3.221,-16.605,67.008,199.45,126.29,13.582,-0.584,-12.775,88.641,65.634,0.458,0,0
0,21.426,5.603,35.938,-349.812,367.276,15,5,10,0,1,11.621,-11.949,-16.044,28.214,-188.076,-40.977,13.086,-3.497,-9.726,16.916,197.008,-12.87,0.182,5.396,-13.913,66.473,-206.565,45.038,11.039,-4.816,-9.257,98.992,66.305,-1.618,0,0
0,25.777,5.76,32.25,-368.764,435.094,15,5,10,0,1,8.83,-4.16,-18.693,50.015,-217.191,-41.344,10.603,-7.152,-12.957,45.191,214.305,3.924,-2.002,7.197,-13.824,44.626,-204.55,27.557,9.731,-8.15,-9.539,133.313,49.893,-19.389,0,0
0,30.534,5.878,28.724,-352.605,475.709,15,5,10,0,1,10.646,-5.19,-18.353,76.336,-229.328,-48.443,10.928,-7.01,-14.349,69.588,228.473,27.42,-1.59,4.298,-20.391,58.183,164.336,88.183,7.784,-1.315,-15.172,129.802,34.29,-13.023,0,0
0,35.671,5.956,25.564,-316.029,513.715,15,5,10,0,1,9.523,-14.873,-16.396,121.802,-235.16,-56.992,15.977,-3.482,-12.306,95.481,247.008,51.878,5.018,2.91,-12.811,9.115,236.885,82.504,10.366,0.522,-15.192,121.008,24.076,-8.153,0,0
0,40.952,5.995,23.147,-241.7,528.1,15,5,10,0,1,15.62,-8.086,-20.604,130.794,-237.511,-46.977,13.922,5.365,-17.788,96.87,258.229,81.939,8.692,3.813,-11.027,9.786,351.634,52.641,10.255,8.205,-12.131,86.962,15.298,-7.405,0,0
0,46.431,5.995,21.326,-182.053,547.875,15,5,10,0,1,11.53,-7.123,-22.729,183.45,-231.893,-50.931,5.655,-5.07,-23.675,111.359,261.405,104.794,5.238,6.776,-12.346,28.26,-284.214,22.229,8.895,8.486,-13.357,17.13,6.58,-17.511,0,0
0,51.906,5.956,19.854,-147.206,547.498,15,5,10,0,1,14.2,-15.544,-17.481,233.832,-217.191,-42.244,17.817,-1.08,-13.01,84.702,271.924,117.237,2.929,7.853,-14.035,24.809,441.878,-120.183,8.866,3.487,-11.18,-20.351,5.359,-21.221,0,0
0,56.974,5.878,18.561,-129.273,506.814,15,5,10,0,0,12.004,-10.076,-10.382,251.542,-186.626,-41.435,20.806,2.646,-11.848,63.603,290.229,149.084,4.206,7.926,-20.731,161.924,-61.939,-261.863,9.566,0.522,-9.621,-15.405,0.229,-16.794,0,0
0,61.148,5.76,17.382,-117.886,417.458,15,5,10,0,1,8.651,4.807,-16.894,229.664,-123.374,-31.206,24.171,-1.957,-13.956,78.458,284.58,135.359,0.956,8.484,-20.051,47.618,-279.649,-79.634,11.623,1.406,-8.119,-8.947,10.198,-13.939,0,0
0,64.668,5.603,16.013,-136.963,351.952,15,5,10,0,1,8.236,2.165,-14.008,188.351,-83.359,-35.634,16.859,0.481,-9.786,75.542,266.87,120.092,2.036,0.234,-26.508,180.84,360.046,-499.298,10.073,-1.456,-9.312,12.29,11.557,-13.878,0,0
0,67.601,5.407,14.518,-149.437,293.336,15,5,10,0,1,6.191,7.664,-15.587,126.275,-41.939,-31.099,13.805,-0.39,-8.524,79.603,241.725,92.168,1.911,2.073,-19.898,209.053,369.817,-329.282,10.893,-0.723,-7.868,39.176,14.321,-7.786,0,0
0,70.029,5.172,12.954,-156.418,242.81,15,5,10,0,1,7.099,4.881,-16.392,86.443,-4.809,-20.076,12.454,-1.202,-9.07,83.466,211.893,67.985,4.773,2.12,-11.793,36.824,-142.046,-4.076,7.997,-1.693,-10.315,75.42,8.534,-3.008,0,0
0,71.912,4.898,11.552,-140.259,188.244,15,5,10,0,1,8.579,2.472,-16.097,50.885,26.595,-5.053,12.14,0.012,-11.819,86.901,196.046,35.466,4.016,2.66,-14.691,107.374,453.481,-109.435,9.642,1.581,-9.039,80.763,10.641,0.595,0,0
0,73.479,4.584,10.238,-131.413,156.716,15,5,10,0,1,4.958,2.682,-17.493,10.107,48.595,3.282,14.174,0.517,-10.251,76.336,194.885,7.496,3.856,4.936,-13.86,73.328,-125.832,-8.412,10.746,2.649,-8.586,72.763,13.618,1.664,0,0
0,74.771,4.232,9.102,-113.526,129.238,15,5,10,0,1,3.925,2.014,-17.539,-30.046,71.466,5.328,13.187,0.958,-11.101,64.519,197.038,-11.42,5.547,6.39,-11.324,76.809,-230.183,-32.305,8.452,3.154,-8.969,64.336,7.145,0.489,0,0
0,75.797,3.84,8.176,-92.663,102.539,15,5,10,0,1,3.43,1.511,-18.212,-58.962,95.802,6.977,11.836,1.37,-11.932,56.748,197.878,-26.641,4.546,4.883,-12.603,74.183,-208.901,-14.687,7.913,1.677,-10.723,37.252,6.595,-2.458,0,0
0,76.647,3.409,7.458,-71.777,85.041,15,5,10,0,1,2.745,0.268,-18.339,-72.504,116.015,13.618,11.122,1.461,-12.243,48.153,196.473,-37.969,4.246,4.606,-12.686,70.244,-338.031,-33.71,9.609,-0.177,-9.386,26.55,0.504,-1.817,0,0
0,77.298,2.939,6.938,-51.991,65.106,15,5,10,0,1,2.618,0.601,-18.923,-78.107,132.87,18.061,10.684,0.754,-10.895,35.679,195.038,-46.214,2.378,6.883,-14.171,76.412,-311.099,-24.916,8.028,1.842,-9.858,16.153,-2.84,-4.809,0,0
0,77.727,2.429,6.572,-36.633,42.915,15,5,10,0,1,1.123,0.577,-17.168,-74.015,151.405,21.573,10.754,-0.283,-11.513,22.198,191.954,-49.466,4.088,6.603,-11.683,63.969,-66.672,-0.031,9.781,2.699,-7.106,8.107,-15.542,-5.817,0,0
0,77.822,1.881,6.337,-23.46,9.464,15,5,10,0,1,2.582,0.623,-17.508,-69.511,174.794,21.038,10.732,0.405,-11.063,10.351,185.115,-50.321,4.893,6.917,-10.703,50.153,-238.412,13.557,6.89,-0.35,-8.407,12.275,-25.023,-6.824,0,0
0,77.683,1.293,6.282,-5.493,-13.882,15,5,10,0,1,0.28,3.485,-21.289,-56.443,201.893,17.145,5.2,-0.489,-14.492,6.397,171.618,-51.573,4.172,11.643,-20.262,299.099,115.542,70.351,10.133,2.637,-6.955,8.229,-25.282,-5.13,0,0
0,77.705,0.666,6.279,-0.332,2.197,15,5,10,0,1,-11.973,3.408,-19.986,-57.939,194.168,9.496,18.844,-3.224,-11.451,-3.344,182.351,-54.443,3.238,8.738,-16.253,58.244,-214.962,15.939,9.041,2.309,-7.87,-0.183,-31.221,-5.634,0,0
0,77.39,0,6.319,3.971,-31.54,15,5,10,0,1,4.974,-5.595,-16.32,-8.229,233.786,3.863,12.698,-3.463,-14.42,-7.084,173.832,-27.359,3.154,9.149,-13.462,13.679,-54.443,1.053,9.377,2.814,-8.122,-7.115,-32.58,-4.977,0,0
0,76.782,0,6.447,12.829,-60.745,15,5,10,0,1,1.863,-1.212,-20.444,11.573,251.038,0.763,7.496,-2.232,-13.506,9.542,163.13,-18.382,3.231,1.606,-13.546,-11.435,-113.038,17.527,0.069,5.729,-7.147,-15.023,-54.061,-3.313,0,0
0,75.9,0,6.411,-3.616,-88.246,15,5,10,0,1,0.752,-1.954,-20.358,32.443,263.725,-8.031,6.622,-2.848,-12.943,22.519,152.122,-7.924,4.414,5.995,-10.421,-14.519,-58.916,-2.916,9.307,1.516,-9.647,-16.046,-41.084,-4.595,0,0
0,74.768,0,6.393,-1.808,-113.137,15,5,10,0,1,0.398,-3.751,-20.307,44.122,274.107,-15.756,5.542,-2.654,-12.775,36.412,137.389,-2.656,2.505,14.163,-21.833,-168.809,76.443,-61.557,10.006,1.339,-7.671,-10.992,-43.954,-3.542,0,0
0,73.373,0,6.341,-5.15,-139.55,15,5,10,0,1,1.36,-1.547,-20.037,51.878,282.885,-20.962,4.227,-3.557,-13.503,57.435,118.244,-1.878,1.329,8.155,-13.661,-22.473,-61.771,-6.962,11.783,3.142,-6.287,-16.901,-39.74,-1.191,0,0
0,71.736,0,6.048,-29.285,-163.697,15,5,10,0,1,-0.304,0.455,-19.943,43.084,286.504,-28.137,4.328,-3.466,-12.672,81.71,97.618,-0.458,2.577,4.531,-13.053,-21.618,-68.55,-8.519,11.53,1.008,-7.532,-13.206,-35.374,0.198,0,0
0,69.857,0,5.616,-43.224,-187.889,15,5,10,0,1,1.363,-0.489,-20.521,29.191,291.802,-35.267,3.684,-3.854,-11.63,99.282,78.824,-3.664,1.806,5.18,-13.829,-20.947,-79.527,-0.534,9.262,-0.874,-9.69,3.053,-32.534,1.328,0,0
0,67.829,0,5.136,-47.985,-202.835,15,5,10,0,1,0.098,-1.784,-21.232,9.924,286.29,-37.389,4.409,-0.436,-10.354,119.542,63.954,-7.695,2.989,3.875,-12.588,-8.931,-80.29,1.527,8.711,-1.049,-9.76,20.855,-40.397,3.893,0,0
0,65.61,0,4.722,-41.405,-221.924,15,5,10,0,1,1.056,-3.803,-20.571,3.389,285.771,-33.466,3.724,-0.508,-10.818,125.282,48.977,-15.985,6.244,3.207,-10.962,6.977,-156.275,27.603,5.988,-2.294,-12.349,38.58,-47.069,5.405,0,0
0,63.372,0,4.47,-25.223,-223.755,15,5,10,0,1,1.698,-2.891,-23.05,-2.84,277.084,-30.458,3.202,0.972,-10.591,121.969,37.817,-22.458,7.262,3.339,-9.805,14.672,-142.534,10.137,6.469,1.181,-11.127,34.947,-52.702,6.565,0,0
0,61.065,0,4.257,-21.252,-230.725,15,5,10,0,1,3.571,-1.66,-25.152,-4.672,275.038,-26.122,2.184,2.474,-10.895,109.924,24.198,-34.779,4.943,4.504,-14.911,71.13,-296.916,10.382,10.452,1.138,-11.367,22.855,-43.221,6.58,0,0
0,58.758,0,4.096,-16.09,-230.702,15,5,10,0,1,0.314,-3.372,-24.638,-3.679,260.122,-20.885,3.458,3.674,-8.651,85.282,17.924,-42.519,1.384,13.131,-20.861,74.183,-312.443,-27.603,10.141,1.854,-8.474,17.985,-50.611,6.137,0,0
0,56.366,0,4.019,-7.702,-239.136,15,5,10,0,1,1.806,-3.195,-23.996,-9.908,242.748,-14.397,5.331,5.077,-6.948,54.779,7.13,-42.046,5.624,5.803,-9.994,40.809,-259.313,282.137,8.411,2.134,-8.208,19.908,-68.824,8.519,0,0
0,54.019,0,4.023,0.332,-234.742,15,5,10,0,1,2.292,-2.117,-25.126,-12.534,232.534,-4.321,2.582,4.189,-8.011,33.924,-10.336,-45.069,3.3,6.419,-13.345,45.954,-71.847,-10.992,11.106,1.14,-8.49,19.145,-62.473,5.374,0,0
0,51.7,0,4.023,-0,-231.846,15,5,10,0,1,1.502,-3.085,-26.695,-29.588,202.046,0.443,3.593,3.755,-6.091,15.237,-19.954,-39.74,2.579,6.16,-13.939,38.84,-77.176,-22.351,10.042,1.308,-9.424,16.489,-68.046,4.137,0,0
0,49.547,0,4.023,-0,-215.298,15,5,10,0,1,0.302,-4.586,-27.26,-41.176,169.802,7.206,4.311,3.413,-4.776,-10.031,-33.618,-37.542,3.53,5.075,-12.816,38.809,-78.824,-24.611,9.851,0.043,-9.19,18.366,-73.42,4.046,0,0
0,47.628,0,4.023,-0,-191.906,15,5,10,0,0,0.144,-5.183,-27.198,-51.328,134.977,14.275,4.649,1.588,-4.345,-26.168,-44.198,-31.038,3.248,7.071,-14.547,97.878,-159.71,-85.618,9.923,0.036,-8.081,25.252,-80.87,3.863,0,0
0,45.921,0,4.027,0.378,-170.723,15,5,10,0,0,-0.036,-6.095,-26.084,-57.71,101.267,19.496,5.113,-0.263,-2.977,-30.977,-54.076,-24.748,4.78,4.699,-11.633,59.008,-154.458,-23.542,11.075,-1.135,-8.603,38.947,-85.634,4.947,0,0
0,44.46,0,4.063,3.628,-146.073,15,5,10,0,0,8.943,-3.408,-21.421,-53.786,93.634,12.183,8.366,-2.309,-3.633,-34.916,-55.16,-32.473,-0.35,8.407,-8.49,59.16,-69.863,-11.725,11.175,-0.987,-8.78,53.496,-92.427,10.489,0,0
0,43.351,0,4.078,1.499,-110.985,15,5,10,0,0,2.314,-5.782,-30.843,-79.405,32.947,3.13,7.077,-0.625,-2.52,-3.191,-51.802,-17.359,7.187,7.281,-11.961,79.374,-66.031,13.115,8.55,5.396,-7.561,48.305,-85.695,20.076,0,0
0,42.794,0,4.132,5.47,-55.676,15,5,10,1,0,-2.699,-8.294,-40.667,-88.504,-46.611,5.527,8.9,0.005,-0.022,0.58,-50.718,-5.878,6.155,5.853,-13.28,89.817,-60.092,7.405,14.052,-0.733,-9.127,60.397,-80.351,21.237,1,0
0,42.868,0,4.37,23.792,7.381,5,5,10,1,0,-0.125,-10.859,-35.829,-65.313,-122.794,-0.26,6.32,0.251,-2.682,3.435,-62.855,16.214,8.622,12.891,-15.381,362.489,-187.481,64,13.106,1.341,-6.253,76.183,-106.183,27.099,0,0
0.67,43.56,0,4.993,62.245,69.191,5,5,10,1,0,9.578,-4.299,-17.242,-55.802,-164.26,-11.053,10.555,-1.851,-2.074,12.412,-70.702,29.847,8.114,9.463,-12.198,80.595,-47.603,17.038,12.775,3.734,-5.449,74.29,-118.092,28.183,0,0
1.3,44.665,0,5.788,79.491,110.55,5,5,10,1,0,17.57,-11.563,2.668,-25.527,-142.763,-13.847,15.074,-3.729,-3.078,12.55,-54.336,46.855,8.957,17.264,-16.506,159.008,-50.626,24.672,12.423,2.141,-9.812,59.252,-121.389,28.641,0,0
1.891,45.786,0,6.791,100.331,112.084,5,5,10,1,0,10.742,-14.358,-4.167,50.504,-103.847,4.26,13.573,-6.593,-10.881,4.443,-25.786,66.84,10.069,10.418,-11.726,61.282,-5.008,13.176,13.122,1.784,-8.852,52.809,-137.695,29.618,0,0
2.442,46.585,0,8.029,123.791,79.868,5,5,10,1,0,-4.716,-11.381,-1.554,97.771,-107.878,4,14.919,-6.605,-6.84,19.344,-2.931,99.878,5.034,19.595,-13.278,309.252,75.481,278.229,14.703,2.263,-7.695,31.802,-150.901,31.466,0,0
2.953,46.928,0,9.501,147.183,34.378,5,15,10,1,0,4.191,2.979,-21.883,91.847,-54.397,-2.382,9.942,-5.875,-6.67,51.924,-44.855,105.115,11.003,9.053,-12.691,15.878,18.412,0.183,14.646,2.807,-8.282,5.481,-151.893,30.153,0,0
3.424,47.141,0,11.116,161.511,21.229,5,15,10,1,0,0.4,6.124,-26.364,85.985,-54.611,-4.779,3.566,-1.624,-10.033,88.962,-90.443,90.412,1.092,10.139,-20.856,-61.802,203.969,244.763,14.43,-0.431,-8.253,-21.252,-156.901,26.412,0,0
3.857,47.294,0,12.882,176.571,15.381,5,15,10,1,0,12.385,-7.537,-21.898,36.321,-92.916,-7.069,9.065,0.714,-9.053,92.87,-101.221,61.466,10.766,6.268,-11.029,-9.649,24.244,29.374,18.379,-0.237,-8.031,-30.595,-160.29,23.939,0,0
4.249,47.112,0,14.932,205.021,-18.242,5,15,10,1,0,7.69,-0.084,-20.259,33.832,-83.496,8.733,15.563,1.947,-7.652,69.679,-95.038,29.145,9.487,6.462,-9.762,-57.435,110.198,31.053,12.837,3.248,-8.229,-35.069,-179.649,28.336,0,0
4.602,46.511,0,17.32,238.816,-60.127,5,15,10,1,0,9.08,0.302,-13.683,28.015,-46.244,15.237,13.929,-0.728,-12.794,40.229,-105.298,13.359,8.989,7.504,-8.969,-53.618,76.977,19.817,17.721,-0.886,-5.686,-53.115,-191.267,29.176,0,0
4.915,45.332,0,19.986,266.591,-117.84,5,15,10,1,0,9.374,0.208,-17.072,-2.534,-23.282,17.13,14.873,-1.15,-11.76,29.939,-124.916,13.115,10.277,6.835,-8.191,-62.229,95.023,11.74,16.142,2.115,-5.638,-74.382,-195.481,26.885,0,0
5.188,43.607,0,22.865,287.865,-172.52,5,15,10,1,0,9.822,1.099,-20.377,-19.954,0.595,25.511,13.086,2.896,-10.605,17.802,-145.725,11.847,4.814,11.841,-0.01,482.321,5.13,175.145,19.491,1.923,-0.012,-96,-187.771,19.847,0,0
5.422,41.486,0,25.908,304.299,-212.071,5,15,10,1,0,8.957,2.249,-20.255,-59.313,10.733,30.916,16.794,4.481,-10.663,-18.855,-163.389,10.809,9.257,8.895,-8.862,-84.229,149.282,8.733,20.48,3.118,0.86,-99.527,-175.084,19.328,0,0
5.616,39.103,0,29.127,321.934,-238.347,5,15,10,1,0,7.063,1.756,-15.881,-76.382,27.374,35.542,10.61,4.445,-11.824,-35.053,-172.382,5.313,8.306,7.705,-8.883,-104.702,173.45,9.786,15.57,2.546,-6.852,-99.13,-164.687,23.038,0,0
5.771,36.576,0,32.58,345.315,-252.732,5,15,10,1,0,10.938,-3.212,-12.593,-103.298,42.641,38.046,12.868,5.521,-11.951,-50.794,-174.382,5.053,7.971,8.399,-11.053,-117.985,193.252,1.695,12.464,3.985,-15.125,-102.351,-172.977,24.809,0,0
5.886,33.84,0,36.399,381.902,-273.572,5,15,10,1,0,6.447,8.622,-15.807,-144.779,47.573,45.695,8.771,3.051,-10.718,-69.954,-184.519,5.374,11.369,4.633,-14.49,-263.939,419.282,-18.29,21.138,4.651,-17.848,-122.183,-179.069,25.679,0,0
5.961,31.104,0,40.567,416.795,-273.56,5,15,10,1,0,2.091,1.164,-14.569,-147.053,31.542,46.427,8.859,2.27,-6.493,-76.29,-178.275,1.237,5.767,7.745,-16.722,-146.626,442.794,-69.527,14.772,6.22,-16.844,-140.84,-209.389,20.977,0,0
5.997,28.416,0,45.079,451.173,-268.788,5,15,10,1,0,1.76,-1.904,-18.126,-134.122,28.321,44,5.822,1.236,-7.832,-76.672,-174.397,-0.885,5.087,8.462,-19.048,-152.733,233.008,-53.496,14.545,-0.026,-17,-167.359,-204.107,21.206,0,0
5.993,26.044,0,49.708,462.892,-237.294,5,15,10,1,0,4.941,-7.101,-12.734,-124.183,13.008,38.901,11.793,2.52,-7.195,-82.672,-160.382,0.977,8.447,4.261,-19.239,-155.802,247.481,-80.702,13.68,4.644,-13.113,-174.183,-193.237,30.885,0,0
5.949,23.901,0,54.439,473.134,-214.257,5,15,10,1,0,8.524,-2.745,-16.068,-83.969,13.679,38.015,11.728,0.163,-6.965,-100.427,-150.443,4.58,6.095,1.703,-18.475,-143.45,-487.466,-250.137,12.646,2.752,-16.109,-166.565,-176.534,20.473,0,0
5.866,22.03,0,59.1,466.153,-187.077,5,15,10,1,0,6.17,-6.124,-17.232,-47.374,18.656,43.221,9.542,-0.649,-8.795,-96.824,-144.412,9.45,8.373,0.551,-18.269,-114.672,320.718,-205.618,10.157,8.086,-17.857,-158.565,-176.427,15.786,0,0
5.743,20.441,0,63.65,454.904,-158.947,5,15,10,1,0,5.444,-2.453,-13.568,-52.885,1.237,37.16,12.871,-1.928,-8.562,-108.321,-137.16,15.756,6.535,-4.952,-37.602,-138.382,496.626,-198.29,12.303,4.883,-18.195,-165.466,-137.939,7.42,0,0
5.581,19.031,0,67.725,407.571,-140.991,5,15,10,1,0,9.791,-8.45,-12.045,-43.344,12.305,34.504,10.411,-3.607,-10.155,-107.237,-137.634,23.74,8.392,1.6,-19.163,-59.115,471.74,-160.702,11.611,-1.36,-14.478,-148,-109.679,3.084,0,0
5.379,17.504,0,70.977,325.139,-152.699,5,15,10,1,0,8.05,-3.475,-12.797,-49.45,15.206,32.794,9.753,-4.208,-9.958,-106.947,-144.733,30.458,8.265,2.256,-13.929,-49.16,427.282,-112.061,10.267,-4.888,-11.891,-109.832,-58.168,-0.366,0,0
5.137,15.966,0,73.376,239.949,-153.809,5,15,10,1,0,7.468,-6.625,-12.543,-71.389,16.305,30.092,9.029,-4.404,-9.077,-104.702,-148.29,29.466,6.764,5.798,-12.694,-23.664,191.374,-65.771,11.886,-7.908,-11.927,-49.069,-7.481,3.664,0,0
4.855,14.329,0,75.057,168.045,-163.719,5,15,10,1,0,6.656,-6.069,-13.494,-72.443,14.794,28.748,10.1,-4.38,-6.737,-108.947,-150.427,25.191,6.114,3.856,-13.247,-27.847,170.641,-9.527,10.495,-7.602,-11.673,11.771,38.84,10.443,0,0
4.534,12.725,0,76.123,106.613,-160.389,5,15,10,1,0,7.702,-3.729,-13.862,-86.565,15.405,22.534,10.102,-3.353,-8.088,-117.16,-146.626,22.443,4.392,2.742,-13.769,-32.015,157.45,16.015,8.668,-6.208,-13.723,59.328,76.901,12.015,0,0
4.174,11.219,0,76.851,72.842,-150.524,5,15,10,1,0,7.801,-8.562,-14.696,-70.687,20.748,19.847,7.614,-4.155,-8.706,-114.992,-141.206,18.779,2.108,3.772,-14.885,-27.359,152.901,30.26,8.847,-2.098,-13.024,78.641,105.115,6.275,0,0
3.773,9.916,0,77.203,35.179,-130.337,5,15,10,1,0,4.098,-5.616,-14.377,-56.351,8.076,16.824,10.943,-2.888,-7.829,-115.786,-128.733,17.557,2.05,5.419,-19.294,-40.366,-383.389,143.573,4.78,0.005,-14.986,91.878,118,1.771,0,0
3.333,8.839,0,77.221,1.82,-107.712,5,15,10,1,0,5.609,-7.348,-14.602,-38.641,3.282,13.069,10.414,-3.921,-9.75,-109.832,-118.489,15.435,3.66,0.127,-12.957,-7.969,143.878,91.328,-0.611,-0.965,-17.711,85.237,132.061,-3.573,0,0
2.854,7.989,0,77.203,-1.82,-84.984,5,15,10,0,0,7.264,-7.992,-13.781,-8.641,0.84,12.046,10.014,-5.403,-8.62,-90.397,-109.328,13.389,1.823,2.321,-14.404,12.092,148.351,36.885,6.605,0.611,-14.612,86.855,148.641,1.267,0,0
2.335,7.276,0,77.199,-0.423,-71.331,5,15,10,0,0,4.057,-2.879,-15.503,4.687,-5.786,11.176,11.795,-3.264,-9.657,-69.603,-100.015,9.557,2.299,6.233,-19.165,53.16,293.771,60.489,6.258,0.242,-14.689,70.046,159.771,3.328,0,0
1.776,6.803,0,77.177,-2.14,-47.321,5,15,10,0,0,4.594,-6.764,-13.036,16.809,-18.183,6.962,12.203,-2.031,-8.677,-51.237,-86.366,8.748,2.836,3.473,-14.88,36.977,297.282,19.908,6.098,-0.077,-14.526,53.053,169.878,5.237,0,0
1.177,6.524,0,77.159,-1.854,-27.832,5,15,10,0,0,6.73,-4.728,-12.907,29.008,-20.198,5.74,9.652,-3.324,-10.926,-36.656,-80.779,8.489,2.838,3.7,-14.871,37.832,149.176,19.664,7.516,1.748,-13.28,28.702,187.771,8.443,0,0
0.539,6.518,0,77.115,-4.406,-0.652,5,15,10,0,0,6.232,-7.396,-10.476,41.389,-33.573,1.847,10.988,-2.85,-8.912,-22.382,-64.489,10.702,3.995,4.167,-14.878,42.046,310.977,-13.588,10.567,1.964,-10.299,24.153,194.58,16.916,0,0
0,6.546,0,76.778,-33.691,2.872,5,15,10,0,0,6.505,-3.99,-12.028,54.656,-34.504,5.42,9.451,-3.691,-10.883,-12.519,-63.511,6.458,2.105,7.001,-15.424,23.511,295.71,-4.153,5.674,0.283,-13.189,-7.634,220.458,21.053,0,0
0,6.543,0,76.148,-62.943,-0.332,5,15,10,0,0,6.292,-2.443,-11.879,47.053,-38.336,5.344,8.462,-2.867,-10.828,11.023,-66,4.397,1.413,6.952,-19.893,18.504,-437.511,-97.466,4.752,-0.936,-14.425,-7.511,231.771,31.756,0,0
0,6.539,0,75.306,-84.24,-0.423,5,15,10,0,0,7.228,-2.275,-13.436,38.351,-35.771,4.641,7.441,-2.414,-10.634,26.672,-70.443,0.809,-0.199,7.029,-16.655,-6.351,266.305,-57.099,7.942,0.304,-15.127,-23.191,252.824,40.824,0,0
0,6.499,0,74.167,-113.892,-4.005,5,15,10,0,0,6.32,-3.674,-12.758,34.504,-41.344,3.634,9.611,-1.621,-9.846,36.351,-74.534,-0.992,-0.445,7.547,-15.534,-22.107,128.641,-18.351,8.186,1.322,-15.515,-28.427,262.031,47.573,0,0
0,6.32,0,72.775,-139.218,-17.933,5,15,10,0,0,9.891,-6.776,-10.212,42.076,-32.122,4.107,7.784,-2.829,-10.866,39.053,-80.702,0.901,-0.345,6.924,-14.796,-53.008,232.901,-71.328,6.428,0.261,-17.266,-31.511,269.588,51.313,0,0
0,5.708,0,71.16,-161.476,-61.169,5,15,10,0,0,9.944,-1.073,-13.731,33.42,-16.519,7.603,5.834,-2.706,-12.279,39.817,-100.305,-1.069,-4.139,5.671,-17.462,-51.695,200.687,-37.252,8.689,1.006,-17.546,-35.115,281.527,56.489,0,0
0,4.759,0,69.285,-187.477,-94.837,5,15,10,0,0,9.396,-1.729,-12.823,13.481,-12.947,4.794,6.677,0.644,-11.434,35.435,-116.656,-0.855,-3.454,1.623,-33.597,450.321,-308.779,-119.939,4.903,-1.289,-18.643,-39.802,285.45,57.679,0,0
0,3.573,0,67.223,-206.2,-118.653,5,15,10,0,0,7.056,-0.769,-13.067,-6.122,-4.962,7.802,8.136,1.777,-10.67,20.366,-130.107,-5.435,-3.516,7.538,20.885,432.733,-411.863,-221.313,7.983,5.274,-13.264,-39.267,289.924,60.397,0,0
0,2.273,0,64.96,-226.342,-129.994,5,15,10,0,0,5.178,-2.812,-13.664,-24.947,-7.008,6.931,10.576,2.215,-10.471,0.29,-132.092,-5.603,-3.126,3.076,-21.359,357.618,-488.198,-201.771,7.935,-0.992,-17.144,-17.756,294.015,57.786,0,0
0,0.859,0,62.539,-242.066,-141.392,5,15,10,0,0,6.589,-2.771,-13.369,-32.137,-0.626,10.031,11.07,1.004,-10.289,-24.412,-134.626,-2.183,-3.909,4.903,-16.801,-89.649,50.275,-6.26,9.365,0.043,-16.576,-18.076,302.595,54,0,0
0,-0.595,0,60.034,-250.489,-145.397,5,15,10,0,0,6.536,-2.522,-13.946,-41.893,-0.076,9.771,9.511,1.363,-11.908,-39.863,-138.198,2.076,-2.745,6.88,-16.76,-180.244,79.13,-20.153,10.531,1.708,-17.031,-8.779,296.595,50.504,0,0
0,-1.993,0,57.42,-261.464,-139.824,5,15,10,0,0,5.911,-4.194,-12.564,-53.13,-2.84,8.87,12.263,0.053,-10.315,-56.214,-131.542,3.802,-2.738,3.531,-14.116,-172.214,139.725,16.611,8.454,1.358,-19.254,1.863,289.115,42.672,0,0
0,-3.326,0,54.765,-265.435,-133.324,5,15,10,0,0,5.178,-3.832,-12.995,-53.023,-4.595,7.924,13.915,-0.29,-10.426,-66.153,-121.023,6.718,-1.88,2.153,-10.945,-68.672,27.786,28.611,9.324,1.648,-20.533,2.061,281.359,35.282,0,0
0,-4.48,0,52.092,-267.369,-115.391,5,15,10,0,0,7.441,-4.246,-10.883,-56.473,-7.679,4.687,13.455,0.005,-10.356,-72.779,-109.969,9.481,-1.758,1.499,-10.04,-60.641,45.863,36.031,7.223,1.614,-19.989,-2.397,268.382,28.794,0,0
0,-5.454,0,49.465,-262.62,-97.412,5,15,10,0,0,6.881,-4.814,-9.638,-63.557,-14.733,-0.153,13.355,-1.698,-7.777,-80.84,-95.13,13.435,-3.133,0.163,-8.488,-23.237,32.641,46.168,10.248,-1.535,-19.934,4.092,258.763,22.305,0,0
0,-6.219,0,46.932,-253.384,-76.481,5,15,10,0,0,4.795,-4.436,-9.889,-63.069,-26.168,-3.16,13.503,-2.316,-6.737,-82.947,-86.137,13.847,-1.444,0.098,-6.658,17.16,46.718,-13.924,7.698,1.538,-17.845,19.969,233.069,19.13,0,0
0,-6.78,0,44.541,-239.09,-56.053,5,15,10,0,0,5.398,-5.319,-9.544,-63.008,-39.16,-7.405,14.404,-2.345,-6.752,-82.397,-78.458,14.809,-1.075,0.527,-1.341,113.069,5.74,62.107,8.385,-1.588,-19.598,45.466,210.824,13.298,0,0
0,-7.084,0,42.325,-221.558,-30.407,5,15,10,0,0,5.892,-5.101,-11.053,-56.29,-51.008,-12.305,15.292,-3.02,-5.99,-73.405,-66.229,11.481,-0.982,2.347,-0.014,144.046,-21.374,119.023,6.773,0.936,-19.764,70.443,179.679,8.26,0,0
0,-7.142,0,40.325,-200.02,-5.848,5,15,10,0,0,9.209,-7.82,-8.948,-38.244,-58.397,-16.351,10.9,-5.221,-8.804,-59.511,-59.802,9.176,-2.038,3.212,-6.555,76.473,-48.366,126.046,8.433,1.638,-20.453,88.031,154.992,-1.71,0,0
0,-7.131,0,38.659,-166.558,1.122,5,15,10,0,0,7.535,-6.684,-12.181,-23.084,-67.649,-17.939,11.233,-5.113,-9.479,-41.084,-59.771,3.13,-0.24,6.845,-0.268,176.504,-75.359,38.351,5.98,3.868,-20.549,106.519,111.71,-8.794,0,0
0,-6.882,0,37.348,-131.104,24.88,5,15,10,0,0,3.763,-5.446,-14.358,-15.756,-88.229,-22.656,15.934,-3.664,-9.427,-24.641,-44.168,-1.389,4.651,2.472,-27.629,-326.122,-177.466,122.748,9.882,-0.148,-19.567,109.099,70.947,-8.687,0,0
0,-6.366,0,36.389,-95.947,51.59,5,15,10,0,0,8.268,-5.269,-12.689,2.824,-91.099,-24.672,14.667,-5.729,-11.613,-14.168,-39.786,-1.298,5.013,8.445,2.682,168.26,-104.427,109.679,9.355,2.041,-19.735,111.42,55.298,0.29,0,0
0,-5.623,0,35.814,-57.495,74.387,5,15,10,0,0,6.924,-4.895,-13.127,18.412,-97.481,-27.893,13.482,-4.625,-12.809,4.794,-31.389,-1.588,1.463,7.674,-5.236,62.733,-52.153,14.229,10.083,6.847,-22.441,93.71,14.183,-0.672,0,0
0,-4.832,0,35.619,-19.466,79.09,5,15,10,0,0,8.529,-5.14,-13.412,25.206,-102.198,-30.794,14.056,-3.274,-11.757,16.26,-28.321,-2.351,-0.34,0.627,-2.74,98.153,-101.511,-23.206,8.215,6.955,-27.325,64.55,-38.137,-0.672,0,0
0,-3.949,0,35.846,22.705,88.28,5,15,10,0,0,10.085,-3.099,-12.435,22.748,-101.573,-32.092,14.04,-3.25,-10.131,20.641,-27.115,-3.649,0.901,8.84,-5.844,17.878,-63.71,-44.58,2.472,4.206,-29.926,32.809,-111.359,4.031,0,0
0,-3.092,0,36.726,87.937,85.705,5,15,10,0,0,10.323,-2.443,-11.987,15.42,-100.046,-33.893,12.909,-1.039,-10.085,15.802,-23.42,-6.87,-3.137,2.443,-7.425,-16.504,-194.336,-226.687,7.693,8.294,-16.303,-15.435,-160.992,2.641,0,0
0,-2.254,0,37.937,121.17,83.794,15,15,10,0,0,10.804,-2.922,-11.182,4.611,-101.664,-35.603,12.931,2.093,-11.772,6.305,-20.702,-8.519,0.177,23.008,-13.01,-83.618,-125.878,-89.344,7.769,6.16,-6.069,-70.504,-168.214,1.435,0,0
0,-1.499,0,39.069,113.148,75.52,15,15,10,0,0,9.379,-1.619,-12.579,-2.672,-96.809,-34.076,13.525,1.655,-9.69,-4.427,-22.107,-10.748,1.835,8.595,-23.969,-184.809,399.13,48.366,15.776,4.809,4.699,-115.374,-115.191,2.733,0,0
0,-0.771,0,39.973,90.466,72.807,15,15,10,0,1,9.309,-1.576,-11.915,-15.328,-98.198,-33.389,14.159,1.09,-9.46,-18.763,-22.779,-13.344,6.728,8.341,-21.239,-266.031,-118.092,-182.748,23.835,5.947,10.461,-120.565,-71.13,6.382,0,1
0,0.002,0,40.322,34.836,77.282,15,5,10,0,1,12.392,-2.17,-11.491,-23.435,-99.756,-39.496,16.823,0.771,-9.365,-31.45,-16.58,-11.008,7.377,4.752,-9.163,-351.588,-203.313,-318.534,8.89,-6.857,-11.525,-89.71,-63.145,1.756,0,0
0,0.863,0.662,40.512,19.009,86.106,15,5,10,0,1,12.528,-3.3,-10.979,-27.786,-98.397,-39.038,15.668,-0.764,-8.49,-36.916,-10.794,-10.504,6.031,2.845,0.637,-390.183,-102.794,-222.107,-5.185,-12.112,-28.302,-62.443,-93.863,-6.153,0,0
0,1.822,1.286,41.263,75.085,95.879,15,5,10,0,1,12.483,-3.255,-9.973,-30.992,-102.214,-37.405,16.047,-0.046,-10.529,-40.336,-2.763,-13.298,0.169,-8.268,3.43,-343.71,-322.595,-16.366,8.258,2.076,-19.002,-36.641,-134.794,-10.931,0,0
0,2.826,1.871,42.365,110.184,100.399,15,5,10,0,1,11.13,-4.323,-9.252,-23.847,-102.763,-35.359,14.801,0.017,-7.781,-36.855,1.527,-12.611,1.256,-8.411,22.82,134.336,-383.038,479.634,9.559,6.926,-15.005,-61.435,-136.656,-17.191,0,0
0,3.796,2.417,43.431,106.648,97,15,5,10,0,1,11.724,-1.087,-6.924,-28.504,-97.939,-33.847,14.018,0.175,-6.886,-33.802,7.13,-12.824,3.329,0.489,-8.715,-23.374,-272.748,450.321,13.273,2.917,-11.554,-87.588,-103.664,-17.71,0,0
0,4.847,2.925,44.203,77.202,105.103,15,5,10,0,1,8.569,-1.011,-6.258,-41.817,-100.489,-37.008,15.096,0.544,-6.548,-29.435,18.473,-16.076,4.539,2.63,-11.477,22.458,-172.534,-133.74,10.073,-5.863,-14.423,-65.45,-80.84,-11.023,0,0
0,6.059,3.394,44.372,16.846,121.216,15,5,10,0,1,10.605,-5.511,-4.821,-50.885,-101.847,-41.511,14.229,1.425,-4.773,-30.107,32.489,-14.687,4.517,4.473,-29.104,255.008,136.046,-488.305,11.683,-3.094,-11.065,-37.069,-70.351,-14.031,0,0
0,7.568,3.824,43.921,-45.033,150.879,15,5,10,0,1,6.637,-3.288,-7.092,-62.611,-111.527,-42.137,17.476,-0.57,-2.783,-39.221,61.756,-20.412,3.212,4.778,-16.25,32.687,-260.992,-103.328,21.349,-2.544,-11.182,-1.282,-34.87,-13.679,0,0
0,9.418,4.215,42.955,-96.634,184.983,15,5,10,0,1,10.255,-7.298,-8.373,-58.366,-117.664,-41.573,17.381,-1.506,-3.219,-36.076,85.573,-17.237,2.807,3.922,-23.596,128.809,194.412,381.069,18.444,-1.514,-10.636,26.656,-16.656,-14.534,0,0
0,11.615,4.567,41.281,-167.382,219.67,15,5,10,0,0,7.765,-7.717,-13.539,-48.702,-134.626,-40.763,16.468,-1.523,-3.2,-37.786,111.13,-22.046,-1.188,3.692,-45.199,129.924,-430.168,13.069,4.589,-8.488,-22.132,52.58,10.321,-20.519,0,0
0,14.244,4.881,39.014,-226.685,262.94,15,5,10,0,1,10.447,-6.847,-15.199,-30.626,-151.847,-37.878,15.374,-3.593,-4.982,-30.458,136.595,-24.977,2.342,5.186,-32.419,104.718,252.031,26.748,13.817,-2.589,-13.328,59.084,36.962,-8.809,0,0
0,17.453,5.156,36.132,-288.209,320.859,15,5,10,0,1,14.887,-10.251,-14.535,-8.137,-182.458,-40.672,14.547,-2.172,-8.459,-12.779,163.557,-19.863,1.051,3.546,-21.665,85.237,187.603,154.992,13.053,-4.615,-13.074,76.489,50.977,-5.802,0,0
0,21.177,5.393,32.833,-329.934,372.437,15,5,10,0,1,13.853,-13.503,-14.828,22.076,-204.916,-41.298,15.51,-3.552,-8.246,15.298,195.481,-14.718,0.299,4.139,-14.708,46.458,-395.542,20.458,13.953,-2.053,-9.599,88.916,62.824,0.504,0,0
0,25.579,5.59,29.306,-352.673,440.198,15,5,10,0,1,9.341,-7.166,-15.201,55.588,-224.58,-37.969,10.538,-3.178,-13.151,37.527,210.779,5.634,-1.981,5.572,-17.287,84.992,175.511,96.977,5.621,-4.414,-7.111,114.397,40.168,-15.084,0,0
0,30.358,5.749,25.684,-362.206,477.895,15,5,10,0,1,8.689,-6.874,-17.893,83.221,-240.229,-36.137,9.992,-4.285,-13.503,54.931,223.817,27.817,0.072,3.469,-21.699,65.359,125.191,140.336,8.878,-3.195,-15.721,128.122,42.992,-15.542,0,0
0,35.506,5.869,22.33,-335.416,514.825,15,5,10,0,1,6.232,-12.631,-18.595,120.198,-247.634,-44.031,15.441,-3.525,-12.615,57.282,241.908,47.74,5.094,3.176,-11.992,32.427,-199.298,24.183,3.576,1.051,-15.455,140.336,15.802,-10.489,0,0
0,40.85,5.95,19.704,-262.597,534.36,15,5,10,0,1,7.573,-10.284,-18.058,133.511,-258.198,-42.26,12.394,-0.544,-12.789,79.802,247.634,79.969,7.966,2.311,-13.285,41.053,291.969,488.794,8.366,7.904,-12.993,111.267,12.076,-11.237,0,0
0,46.354,5.993,17.631,-207.253,550.428,15,5,10,0,1,13.312,-12.38,-20.657,179.893,-232.641,-33.511,15.393,0.637,-13.683,61.099,265.053,92.061,5.964,5.834,-12.957,50.687,-155.099,3.939,10.746,6.5,-12.454,52.305,5.527,-17.542,0,0
0,51.598,5.997,16.019,-161.202,524.392,15,5,10,0,1,14.739,-29.013,-10.818,235.908,-208,-14.519,13.213,-0.958,-19.922,45.817,257.802,108.855,6.843,5.803,-12.756,51.725,-144.107,-12.489,8.89,4.04,-11.534,17.969,2.733,-19.924,0,0
0,56.359,5.962,14.646,-137.306,476.087,15,5,10,0,1,26.022,-29.586,-14.088,248.489,-191.679,-22.901,8.39,-5.497,-25.418,95.511,247.893,127.695,3.092,8.465,-18.576,99.069,447.557,-51.237,12.183,4.474,-7.822,-6.809,8.565,-18.672,0,0
0,60.306,5.888,13.215,-143.132,394.73,15,5,10,0,1,11.331,2.776,-10.588,183.16,-127.084,-37.038,12.519,0.213,-13.108,79.115,241.573,124.916,3.003,7.623,-14.808,46.427,406.824,-114.321,9.168,-0.445,-10.167,4.214,11.802,-19.069,0,0
0,63.701,5.776,11.691,-152.367,339.501,15,5,10,0,1,11.867,5.319,-14.507,118.87,-78.992,-39.634,15.572,2.29,-11.101,73.481,229.893,101.008,1.7,6.165,-14.732,41.878,-304.168,-30.168,10.617,-1.72,-8.802,25.053,15.237,-15.832,0,0
0,66.51,5.625,10.065,-162.632,280.907,15,5,10,0,1,7.904,7.753,-17.764,61.084,-44.809,-25.466,13.405,1.516,-11.316,78.046,210.046,67.298,1.966,2.333,-14.818,50.55,-150.321,-14.183,9.98,-4.146,-9.432,59.618,13.908,-10.321,0,0
0,68.81,5.435,8.535,-153.008,229.947,15,5,10,0,1,8.514,1.909,-17.345,27.435,-14.58,-10.168,13.544,-0.024,-11.309,76.962,196.412,37.191,1.152,5.197,-13.69,62.977,-283.496,-112.366,12.162,4.203,-6.205,74.183,19.13,-4.687,0,0
0,70.616,5.207,6.946,-158.936,180.588,15,5,10,0,0,5.521,1.679,-18.042,3.511,13.939,1.008,13.599,-0.608,-10.687,67.832,191.145,10.992,1.7,4.915,-14.708,75.771,445.298,-61.313,9.918,0.443,-9.005,78.763,18.229,-5.389,0,0
0,72.062,4.939,5.437,-150.891,144.631,15,5,10,0,1,3.597,-0.263,-18.564,-10.794,41.45,5.435,12.701,-0.316,-11.503,59.481,187.969,-6.427,4.481,6.19,-15.371,189.115,480.779,-57.893,9.688,2.285,-8.886,84.519,17.069,-0.947,0,0
0,73.263,4.633,4.099,-133.736,120.152,15,5,10,0,1,3.063,0.474,-18.7,-27.649,63.252,9.084,12.914,0.39,-11.178,53.008,187.374,-21.664,4.728,5.365,-12.753,104.992,-235.924,-25.679,9.733,4.819,-8.768,71.298,11.252,-1.481,0,0
0,74.281,4.288,2.95,-114.956,101.807,15,5,10,0,1,3.001,0.366,-18.07,-39.038,82.656,11.603,12.488,0.719,-12.069,43.893,189.252,-30.321,4.177,3.266,-48.015,-83.557,76.687,-186.382,8.744,2.888,-10.028,49.71,10.29,-5.252,0,0
0,75.083,3.905,1.99,-95.982,80.189,15,5,10,0,1,3.001,0.235,-17.915,-40.122,84.473,11.71,10.452,0.611,-11.043,39.16,187.756,-34.977,2.199,14.728,-33.147,-109.832,263.069,-129.954,9.844,3.422,-9.321,39.374,4.107,-5.252,0,0
0,75.702,3.483,1.189,-80.132,61.867,15,5,10,0,1,1.835,-0.108,-17.364,-45.496,121.084,18.366,10.248,0.635,-12.116,36.412,182.214,-35.038,4.539,7.298,-13.652,95.069,-187.618,-10.229,8.888,1.344,-8.574,29.756,2.824,-7.282,0,0
0,76.138,3.022,0.569,-61.958,43.614,15,5,10,0,1,1.576,-0.853,-17.005,-42.137,139.435,18.626,7.745,0.948,-11.597,29.191,174.702,-34.473,3.616,9.356,-17.963,171.679,-351.649,-7.084,9.748,2.687,-8.071,26.046,-3.359,-4.443,0,0
0,76.372,2.522,0.02,-54.875,23.369,15,5,10,0,1,1.279,-1.356,-17.522,-32.718,157.603,15.481,8.27,-0.539,-12.263,22.718,169.481,-34.84,2.464,9.539,-15.093,67.328,-84.977,0.458,8.905,1.068,-8.715,21.374,-2.763,-3.267,0,0
0,76.281,1.983,-0.434,-45.422,-9.121,15,5,10,0,1,2.316,-1.461,-17.728,-18.397,177.588,9.679,9.767,-0.386,-11.946,16.489,166.504,-31.71,3.636,8.268,-14.749,55.634,-75.435,-0.794,8.124,2.134,-9.271,31.13,-13.099,-1.45,0,0
0,76.251,1.406,-0.566,-13.184,-2.964,15,5,10,0,1,-13.23,2.766,-20.887,-22.977,171.282,0.779,17.414,-3.054,-9.242,9.344,174.977,-33.756,4.692,8.632,-13.616,42.137,-54.733,1.679,8.711,5.013,-8.169,18.748,-23.771,0.656,0,0
0,76.178,0.79,-0.412,15.369,-7.278,15,5,10,0,1,2.991,-7.144,-15.927,15.237,198.427,-8.382,15.716,-4.709,-11.532,-0.168,178.244,-8.26,5.338,11.008,-13.371,42.336,-171.13,-19.664,11.848,6.479,-5.36,-1.405,-32.321,-0.779,0,0
0,75.757,0.136,-0.145,26.733,-42.149,15,5,10,0,1,-1.087,-5.219,-18.789,40.794,215.573,-8.916,7.896,-1.36,-11.422,24.794,160.748,4.916,1.073,12.302,-21.665,49.45,-80.656,-24,12.6,4.627,-4.898,-23.542,-35.344,-3.008,0,0
0,75.098,0,-0.082,6.248,-65.872,15,5,10,0,1,4.249,-2.096,-20.018,49.221,238.076,-17.618,5.75,-4.824,-13.12,45.053,147.115,7.038,0.793,0.547,-18.82,-13.42,-110.733,-17.374,9.259,2.352,-7.935,-40.076,-28.977,-4.565,0,0
0,74.179,0,-0.232,-15.003,-91.908,15,5,10,0,1,0.951,-2.321,-19.036,48.84,241.038,-25.023,7.01,-4.953,-11.257,66.214,129.878,12.84,1.528,6.869,-12.21,-27.802,-63.267,-0.641,8.136,-1.214,-8.356,-23.893,-37.359,-1.237,0,0
0,73.077,0,-0.247,-1.499,-110.23,15,5,10,0,1,3.468,-3.669,-18.327,47.679,251.023,-30.183,5.061,-3.329,-11.961,84.931,113.847,13.527,8.579,7.166,-6.155,-40.55,-63.74,14.397,5.624,4.06,-6.917,5.176,-67.893,7.527,0,0
0,71.768,0,-0.259,-1.122,-130.818,15,5,10,0,1,3.224,-2.903,-19.462,39.603,259.038,-34.901,5.961,-2.785,-11.475,97.71,101.42,8.214,4.598,10.405,-11.774,-47.557,-119.389,6.26,10.684,1.736,-7.015,14.351,-46.489,6.092,0,0
0,70.286,0,-0.291,-3.296,-148.258,15,5,10,0,1,2.905,-3.26,-20.109,35.511,265.924,-38.534,6.143,-2.692,-11.738,104.351,87.786,4.321,3.583,5.677,-15.108,-33.115,-110.046,2.718,10.744,2.704,-6.704,4.153,-48,5.45,0,0
0,68.553,0,-0.438,-14.626,-173.264,15,5,10,0,1,4.725,-0.536,-22.69,28.809,277.924,-41.13,4.761,-2.63,-12.476,120.672,73.053,-2.977,-0.505,6.852,-16.509,-4.87,-66.122,-0.794,11.024,1.552,-9.08,-5.084,-34.809,5.802,0,0
0,66.656,0,-0.723,-28.542,-189.686,15,5,10,0,1,2.639,-1.463,-22.458,28.473,276.519,-42.489,5.123,-2.311,-12.543,126.046,58.809,-5.969,0.201,5.006,-15.762,-2.153,-72.351,3.053,7.671,-2.714,-11.11,9.389,-41.435,6.595,0,0
0,64.584,0,-0.914,-19.1,-207.23,15,5,10,0,1,3.866,-1.293,-24.051,30.489,279.939,-43.252,5.058,-1.03,-12.066,131.298,48.336,-10.702,0.913,5.073,-15.898,8.214,-69.832,5.053,9.309,0.304,-8.533,23.237,-47.817,11.008,0,0
0,62.427,0,-0.954,-3.971,-215.699,15,5,10,0,1,0.994,-1.3,-23.864,30.504,275.756,-43.252,5.722,0.352,-10.708,125.053,42.137,-17.344,1.964,6.831,-14.538,20.473,-115.344,-5.252,11.302,2.903,-5.532,25.756,-59.802,11.817,0,0
0,60.189,0,-0.946,0.755,-223.801,15,5,10,0,1,2.963,-5.738,-21.9,43.74,267.695,-42.397,5.856,2.053,-9.228,109.328,34.26,-17.42,3.921,5.786,-13.187,28.718,-251.679,-28.275,9.664,2.213,-9.276,18.779,-59.863,9.176,0,0
0,57.959,0,-0.943,0.366,-223.034,15,5,10,0,1,4.527,-3.233,-24.147,47.618,268.656,-36.473,3.942,2.088,-10.677,91.756,20.656,-22.885,3.609,5.535,-12.914,34.275,-263.282,-40.855,10.109,1.253,-7.738,18.015,-62.427,9.344,0,0
0,55.649,0,-0.932,1.041,-231.011,15,5,10,0,1,2.316,-3.509,-24.199,38.977,251.893,-32.168,4.639,2.608,-8.955,72.824,9.71,-24.489,3.784,5.117,-15.232,75.038,-133.664,-24.916,9.865,0.129,-7.187,21.084,-64.702,9.786,0,0
0,53.41,0,-0.918,1.442,-223.835,15,5,10,0,1,0.527,-1.451,-26.719,22.626,233.756,-24.458,5.755,2.955,-6.158,56.458,-0.26,-25.817,3.358,4.898,-11.834,39.237,-66.183,-26.412,9.024,-0.24,-7.7,27.038,-67.542,9.969,0,0
0,51.158,0,-0.91,0.813,-225.197,15,5,10,0,0,2.912,-3.83,-24.257,1.038,214.061,-15.038,4.579,3.183,-5.853,41.206,-13.756,-24.809,2.304,4.642,-12.116,45.863,-60.58,-21.985,14.056,0.745,-4.428,34.214,-73.069,11.084,0,0
0,49.027,0,-0.841,6.878,-213.124,15,5,10,0,0,2.429,-2.328,-26.865,-28.611,189.618,-2.641,4.134,3.602,-4.831,29.267,-28.198,-28.641,2.678,4.801,-16.061,102.366,-251.069,-62.473,8.186,-1.909,-9.666,44.87,-78.458,10.198,0,0
0,46.987,0,-0.573,26.802,-203.98,15,5,10,0,0,2.304,-5.312,-25.093,-48.504,161.786,9.832,4.103,4.014,-5.185,13.328,-39.786,-31.954,2.014,5.42,-14.911,56.718,-61.206,-33.832,12.95,-0.122,-7.678,54.931,-89.924,12.687,0,0
0,45.108,0,-0.108,46.497,-187.889,15,5,10,0,0,-0.862,-4.749,-26.396,-71.573,125.924,19.786,6.852,4.234,-2.553,-3.908,-47.344,-31.45,4.658,6.114,-14.37,57.053,-65.786,-4.733,11.949,3.549,-8.61,37.344,-102.809,12.122,0,0
0,43.332,0,0.441,54.886,-177.624,15,5,10,0,0,1.504,-5.573,-25.042,-84.015,100.824,30.015,8.196,2.263,-0.663,-23.939,-57.725,-30.427,7.899,6.627,-13.791,56.366,-27.42,4.046,7.983,-0.362,-13.97,30.763,-111.74,6.885,0,0
0,41.776,0,1.327,88.635,-155.583,15,5,10,0,0,8.478,-3.217,-21.831,-91.069,86.855,26.351,10.742,1.847,-2.139,-51.496,-56.015,-27.588,8.265,7.643,-14.001,51.832,-12.183,1.267,8.998,3.255,-8.821,25.664,-133.344,8.794,0,0
0,40.414,0,2.532,120.484,-136.231,15,5,10,0,0,3.437,-4.462,-30.424,-113.618,35.985,24.076,9.19,1.976,-2.009,-36.687,-57.16,-17.053,8.397,7.068,-14.619,51.313,-44.336,0.611,11.534,3.142,-8.009,13.115,-131.389,11.282,0,0
0,39.44,0,3.851,131.848,-97.389,15,5,10,0,0,-6.1,-1.169,-39.429,-94.931,-10.458,26.046,8.44,3.693,-1.25,-45.42,-64.672,-13.74,6.22,8.203,-14.353,40.305,0.107,-16.244,13.563,1.188,-9.271,10.397,-126.702,13.328,0,0
0,38.985,0,5.253,140.259,-45.456,15,5,10,1,0,0.774,-3.327,-30.594,-74.55,-74.84,8.382,6.912,-0.081,-3.3,-47.771,-76.504,12.916,6.886,7.18,-12.133,34.412,5.176,-0.84,15.553,0.34,-8.416,11.954,-132.122,16.382,1,0
0,39.062,0,6.638,138.439,7.668,5,5,10,1,0,5.566,-6.871,-19.802,-43.328,-111.679,-6,4.38,-5.497,-7.777,-36.26,-90.611,33.802,6.857,6.301,-11.554,30.595,35.45,166.351,15.048,0.778,-7.561,12.443,-134.687,18.748,0,0
0.662,39.363,0,7.97,133.255,30.041,5,5,10,1,0,10.751,-9.211,-5.185,-9.344,-119.756,-20.046,10.138,-6.004,-9.077,-15.084,-94.321,47.252,6.996,6.482,-14.073,58.137,0.122,72.427,14.638,-1.415,-10.09,16.458,-135.74,20.901,0,0
1.286,39.718,0,9.23,125.977,35.511,5,5,10,1,0,10.591,-6.816,-5.089,27.786,-76.275,-18.305,12.991,-7.008,-12.138,8.611,-80.427,50.809,7.056,6.51,-13.527,18.748,3.939,30.321,14.794,0.357,-10.047,20.565,-132,23.924,0,0
1.871,40.088,0,10.435,120.518,36.987,5,15,10,1,0,13.721,-15.517,-2.024,72,-65.786,-12.397,13.939,-6.79,-10.311,50.412,-42.809,69.634,6.924,5.966,-14.327,20.519,0.977,8.244,14.935,-0.4,-8.833,17.557,-128.336,23.527,0,0
2.417,40.285,0,11.603,116.776,19.787,5,15,10,1,0,9.048,-3.825,-14.677,91.603,-43.481,-1.115,9.487,-5.274,-9.491,103.969,-44.656,80.489,0.489,11.655,-15.434,29.863,19.542,141.924,18.401,-1.399,-5.851,13.481,-139.573,24.489,0,0
2.925,40.462,0,12.856,125.313,17.635,5,15,10,1,0,6.807,-0.194,-21.989,59.023,-69.908,-4,5.271,-4.16,-8.62,141.344,-60.031,84.611,10.73,4.371,-11.173,11.863,10.107,21.802,17.771,1.48,-4.464,15.282,-142.87,24.473,0,0
3.394,40.604,0,14.375,151.921,14.248,5,15,10,1,0,2.563,0.424,-26.166,37.252,-89.13,-7.252,7.274,0.807,-4.208,150.214,-81.237,62.214,9.858,8.413,-14.499,19.756,41.099,50.748,12.571,0.208,-6.629,0.092,-151.863,27.542,0,0
3.824,40.561,0,16.1,172.497,-4.36,5,15,10,1,0,6.922,-2.335,-21.019,43.053,-79.069,-1.969,10.212,2.287,-6.517,117.344,-95.298,37.13,9.477,4.491,-8.567,-3.145,99.45,27.847,13.237,-1.494,-6.359,-8.901,-158.031,29.542,0,0
4.215,40.084,0,18.133,203.305,-47.642,5,15,10,1,0,10.339,-3.722,-16.31,64.198,-59.084,3.069,13.141,4.416,-8.653,65.16,-98.84,27.588,5.556,16.372,1.466,-19.42,146.931,56,13.187,0.771,-3.109,-10.687,-170.687,27.542,0,0
4.567,39.088,0,20.568,243.496,-99.621,5,15,10,1,0,11.551,2.912,-17.486,56.366,-25.725,8,14.332,3.255,-11.396,7.511,-115.176,25.847,11.503,8.715,-4.062,-32.092,221.771,18.321,20.178,1.708,2.196,-32.275,-170.794,22.702,0,0
4.881,37.685,0,23.326,275.757,-140.259,5,15,10,1,0,10.22,3.523,-18.116,14.885,-10.351,15.908,13.486,3.48,-10.236,-20.809,-138.122,27.786,10.215,10.342,-6.225,-50.565,137.527,18.992,18.013,4.673,-3.691,-56.153,-172.107,20.87,0,0
5.156,35.858,0,26.42,309.46,-182.751,5,15,10,1,0,5.99,4.946,-18.286,-23.939,3.908,30.977,11.692,5.92,-12.31,-39.145,-157.191,19.878,10.572,5.837,-5.283,-72.092,169.908,9.42,21.229,5.564,-3.988,-88.611,-164.137,18.763,0,0
5.393,33.734,0,29.863,344.239,-212.357,5,15,10,1,0,12.509,2.759,-17.026,-85.206,31.832,30.168,13.048,0.501,-14.174,-55.969,-176.229,13.298,9.628,9.762,-9.135,-86.626,397.802,13.863,14.978,3.942,-13.47,-89.664,-172.244,20.275,0,0
5.59,31.167,0,33.708,384.499,-256.714,5,15,10,1,0,7.774,1.784,-11.843,-121.725,45.313,38.198,11.498,0.316,-13.446,-68.183,-188.763,5.435,6.62,9.883,-13.69,101.267,442.611,-297.527,14.492,3.559,-17.896,-108.015,-188.046,16.336,0,0
5.749,28.164,0,37.974,426.602,-300.294,5,15,10,1,0,4.759,4.79,-13.448,-153.679,65.603,38.427,7.118,1.959,-11.245,-70.107,-201.405,0.336,6.953,2.037,-20.247,-279.328,449.695,-113.954,13.242,8.122,-16.624,-133.237,-203.847,16.214,0,0
5.869,24.604,0,42.614,464.036,-355.981,5,15,10,1,0,-2.922,3.367,-14.377,-189.16,61.45,45.359,-0.043,2.752,-9.039,-77.649,-212.55,1.13,10.303,8.92,-23.442,-327.908,494.275,-170.137,15.606,9.331,-14.114,-170.855,-216.061,27.328,0,0
5.95,21.078,0,47.415,480.058,-352.639,5,15,10,1,0,-2.273,-2.405,-15.843,-205.878,43.435,44.504,4.637,6.237,-9.147,-85.695,-209.542,-6.824,8.768,5.619,-17.766,-183.237,-490.702,-289.221,14.236,1.794,-14.43,-186.901,-210.076,21.893,0,0
5.993,17.873,0,52.3,488.572,-320.458,5,15,10,1,0,0.153,-8.287,-17.318,-180.427,37.725,43.298,7.072,5.384,-8.112,-116.046,-189.634,-8.183,9.041,3.128,-20.894,-158.473,127.374,262.473,20.145,4.304,-14.15,-207.924,-176.183,32.504,0,0
5.997,15.24,0,57.065,476.441,-263.329,5,15,10,1,0,6.512,-9.434,-14.521,-130.015,19.573,39.511,14.224,0.948,-10.416,-141.847,-172.885,-5.527,4.85,-0.922,-22.489,-149.267,253.878,-214.412,13.194,6.39,-16.863,-186.855,-165.588,23.74,0,0
5.962,13.007,0,61.771,470.593,-223.343,5,15,10,1,0,4.706,-6.694,-16.935,-87.069,20.031,35.313,13.235,-2.987,-9.822,-151.282,-160.122,6.779,6.847,-1.066,-18.952,-118.977,266.626,-113.557,10.09,7.887,-18.822,-188.046,-153.13,5.45,0,0
5.888,11.135,0,66.136,436.513,-187.146,5,15,10,1,0,8.735,-12.049,-15.053,-55.038,27.618,35.328,9.118,-7.166,-12.619,-140.137,-160.595,22.809,8.457,-1.514,-16.085,-60.107,257.42,-121.038,18.861,0.821,-9.918,-159.832,-130.489,1.053,0,0
5.776,9.388,0,69.743,360.707,-174.706,5,15,10,1,0,6.764,-6.737,-14.955,-42.458,19.496,30.962,11.704,-8.157,-13.252,-118.55,-167.328,35.13,8.292,1.777,-15.278,-42.473,443.527,-261.13,14.037,-8.299,-8.89,-119.985,-66.382,1.954,0,0
5.625,7.667,0,72.398,265.538,-172.108,5,15,10,1,0,8.931,-11.134,-14.032,-27.695,30.931,29.756,7.669,-8.608,-13.338,-84.55,-177.313,42.962,7.52,7.905,-18.13,-57.405,-204.046,-141.191,14.428,-7.602,-6.146,-42.504,-3.405,8.901,0,0
5.435,5.843,0,74.181,178.299,-182.408,5,15,10,1,0,6.304,-6.388,-12.689,-29.344,24.275,25.252,8.145,-5.612,-10.287,-67.191,-178.885,40.076,1.13,4.784,-38.742,-225.435,-248.931,-204.702,11.829,-9.465,-8.763,21.664,51.542,10.87,0,0
5.207,3.815,0,75.236,105.469,-202.835,5,15,10,1,0,8.787,-9.573,-13.45,-25.802,42.397,22.611,4.498,-4.263,-10.323,-51.405,-181.42,28.397,1.226,0.013,-31.087,-216.305,-441.16,192.244,10.335,-7.013,-8.706,81.221,101.344,16.092,0,0
4.939,1.753,0,75.763,52.734,-206.223,5,15,10,1,0,5.609,-3.202,-11.218,-40.763,28.687,17.664,9.185,-3.078,-8.859,-53.374,-175.466,17.557,3.08,3.83,-16.425,-27.603,318.779,57.16,6.517,-1.851,-12.057,119.695,129.847,15.328,0,0
4.633,-0.371,0,76.001,23.792,-212.357,5,15,10,1,0,4.426,-5.358,-14.636,-36.58,32.901,16.84,9.815,-1.365,-10.186,-56.473,-174.672,7.695,3.648,2.29,-12.888,-15.908,154.015,91.511,4.96,2.019,-13.726,133.191,145.008,10.672,0,0
4.288,-2.367,0,75.976,-2.563,-199.562,5,15,10,1,0,7.168,-3.607,-12.136,-39.817,33.511,12.977,10.806,-1.365,-10.392,-66.198,-163.893,4.565,3.296,1.791,-13.474,2.702,385.71,205.802,5.705,2.503,-15.412,113.435,167.252,5.389,0,0
3.905,-4.351,0,75.957,-1.831,-198.475,5,15,10,1,0,7.511,-4.306,-12.509,-19.115,37.939,14.794,9.743,-1.662,-12.303,-67.13,-166.473,3.359,0.4,2.008,-18.954,65.191,317.557,74.931,10.085,5.446,-12.394,98.122,171.802,4.565,0,0
3.483,-6.209,0,75.903,-5.459,-185.715,5,15,10,1,0,6.57,-3.023,-10.706,-15.756,31.466,14.901,8.44,-0.766,-13.362,-58.397,-162.351,2.962,2.426,4.419,-14.459,50.443,324.153,65.557,6.615,4.474,-12.227,58.611,188.321,5.176,0,0
3.022,-8.036,0,75.595,-30.773,-182.751,5,15,10,1,0,5.039,-2.27,-12.322,-10.702,28.992,16.763,8.974,-1.959,-11.082,-44.565,-159.756,0.977,2.433,5.643,-14.574,46.702,154.748,51.878,6.572,3.214,-11.556,19.221,211.74,6.748,0,0
2.522,-9.658,0,74.965,-62.966,-162.175,5,15,10,1,0,6.646,-2.805,-10.325,-15.924,21.649,14.26,11.187,-1.71,-10.306,-34.58,-148.702,-0.901,0.972,6.792,-15.874,44.916,142.809,28.397,6.359,-3.03,-14.126,13.817,235.176,15.206,0,0
1.983,-11.112,0,74.167,-79.834,-145.386,5,15,10,1,0,7.173,-4.266,-8.11,-18.656,12.534,11.817,13.446,-0.932,-8.711,-24.412,-128.092,-1.313,-0.683,6.704,-17.611,31.786,282.87,15.084,7.614,-1.506,-13.951,7.908,250.031,28.198,0,0
1.406,-12.229,0,73.149,-101.795,-111.74,5,15,10,1,0,4.591,-4.038,-7.978,-27.481,-0.763,8.107,17.443,0.187,-6.419,-25.42,-103.191,-3.969,-0.642,6.541,-16.799,2.687,251.603,9.771,7.02,-1.684,-15.35,0.885,260.321,35.466,0,0
0.79,-12.932,0,71.914,-123.459,-70.336,5,15,10,1,0,2.376,-4.586,-7.271,-34.855,-19.069,4.885,19.953,1.212,-4.874,-34.229,-69.145,-3.832,-0.683,6.462,-16.056,-1.221,251.802,-0.244,7.168,1.6,-14.902,-7.771,268.885,42.168,0,0
0.136,-12.961,0,70.431,-148.316,-2.872,5,15,10,1,0,-0.381,-5.535,-8.359,-44.809,-45.405,-2.244,26.034,1.073,-1.799,-51.527,-25.374,-9.908,-1.039,7.374,-16.894,-16.366,233.084,-5.496,7.846,2.278,-15.256,-22.321,284.382,49.221,0,0
0,-12.453,0,68.684,-174.683,50.835,5,15,10,1,0,7.317,-13.85,-4.881,-3.847,-40.198,-8.031,16.89,-4.766,-4.366,-61.389,3.74,-1.863,-0.596,7.886,-21.876,-278.718,-140.84,-115.786,7.003,0.165,-18.667,-25.008,293.725,56.763,0,0
0,-11.921,0,66.71,-197.4,53.158,5,15,10,1,0,3.957,-4.146,-9.824,13.42,-47.573,-4.824,10.411,-6.261,-3.015,-33.832,-10.427,4.366,-1.756,7.975,-17.805,-51.969,191.282,-19.359,9.97,3.456,-16.027,-39.557,305.16,65.985,0,0
0,-11.416,0,64.535,-217.507,50.503,5,15,10,1,0,5.695,-4.848,-8.732,3.389,-61.267,-11.42,7.604,-4.613,-4.972,-5.603,-31.099,8.321,-3.324,9.991,4.139,421.252,-366.672,-172.214,6.153,0.144,-20.137,-36,308.26,67.16,0,0
0,-11.016,0,62.195,-234.044,39.974,5,15,10,1,0,6.402,-5.959,-10.402,14.473,-67.618,-11.863,8.979,-5.461,-6.534,19.42,-51.16,6.748,-2.726,7.978,-18.399,-98.687,254.153,-172.702,8.39,2.223,-18.063,-54.229,317.618,68.733,0,0
0,-10.753,0,59.68,-251.542,26.356,5,15,10,1,0,6.859,-5.556,-10.675,26.473,-71.878,-11.359,7.944,-4.278,-9.47,41.71,-70.763,9.893,-2.079,6.403,-38.416,69.374,-43.985,449.954,12.579,3.758,-17.27,-54.107,318.687,69.267,0,0
0,-10.717,0,57.047,-263.272,3.639,5,15,10,1,0,5.341,-3.298,-13.582,30.565,-70.718,-8.962,8.464,-1.926,-10.337,55.71,-87.634,5.023,-0.175,5.706,-19.974,-262.809,97.908,-11.115,8.076,4.076,-17.361,-51.298,307.481,64.901,0,0
0,-10.585,0,54.296,-275.036,13.184,5,15,10,1,0,4.752,-3.02,-12.126,18.656,-83.084,-11.74,11.891,0.848,-9.312,49.282,-79.496,4.779,-1.89,3.387,-13.601,-136.87,40.305,-1.588,9.489,1.255,-19.855,-39.267,301.053,58.061,0,0
0,-10.523,0,51.487,-280.953,6.214,5,15,10,1,0,8.301,-5.252,-12.545,32.794,-69.023,-7.924,8.423,-0.002,-12.303,32.198,-83.71,5.679,-3.209,0.902,-15.424,-241.71,125.557,3.542,7.427,-0.584,-21.857,-23.74,293.374,51.298,0,0
0,-10.482,0,48.635,-285.199,4.017,5,15,10,1,0,5.374,-0.623,-12.373,9.725,-78.321,-9.008,11.051,2.208,-10.414,18.046,-79.176,9.847,-2.642,-0.141,-9.633,-84.855,16.092,38.351,3.856,2.433,-21.708,-12.992,273.756,47.588,0,0
0,-10.123,0,45.863,-277.222,35.889,5,15,10,1,0,7.02,-4.821,-9.561,-15.053,-91.527,-14.779,14.557,1.394,-8.972,-7.313,-53.618,12.565,-4.291,-5.355,0.68,-268.214,75.237,491.481,8.332,-0.992,-23.771,7.756,257.023,39.817,0,0
0,-9.614,0,43.247,-261.555,50.961,5,15,10,1,0,8.327,-6.613,-10.828,-5.435,-89.053,-14.305,11.283,-0.944,-10.296,-28.611,-42.198,16,-3.669,-1.839,1.336,41.756,-6.137,75.756,5.537,1.291,-23.524,31.221,220.168,32.076,0,0
0,-9.065,0,40.838,-240.967,54.875,5,15,10,0,0,7.183,-4.661,-11.776,-7.542,-94,-12.29,11.666,-3.248,-10.552,-38.489,-33.588,15.435,-3.135,-0.651,-3.973,63.16,-43.725,-46.046,5.149,2.096,-23.102,49.313,180.763,23.847,0,0
0,-8.457,0,38.637,-220.093,60.78,5,15,10,0,0,4.733,-4.881,-12.828,-10.122,-100.992,-12.87,10.485,-2.891,-9.465,-35.695,-29.893,14.779,-3.552,0.778,-5.827,83.008,-141.74,144.916,5.796,2.831,-21.819,67.298,146.305,13.42,0,0
0,-7.735,0,36.765,-187.123,72.201,5,15,10,0,0,5.523,-5.202,-13.371,-9.038,-110.198,-15.71,11.355,-2.187,-10.957,-34,-26.489,18.153,2.371,8.368,6.371,183.466,-178.382,144.977,12.545,-2.323,-21.811,100.382,106.58,14.26,0,0
0,-6.893,0,35.286,-147.915,84.229,5,15,10,0,0,7.813,-5.715,-13.024,-1.13,-113.802,-19.908,11.714,-2.335,-12.492,-32.443,-27.847,21.466,1.403,0.517,23.893,-205.084,143.16,10.748,10.114,3.614,-20.688,131.786,63.924,14.916,0,0
0,-6.022,0,34.158,-112.782,87.09,5,15,10,0,0,8.308,-4.517,-13.038,0.305,-113.786,-23.115,12.71,-2.16,-11.702,-30.489,-28.885,20.611,1.928,3.715,-4.915,86,-211.176,100.885,7.966,7.039,-24.348,128.351,23.435,5.221,0,0
0,-5.128,0,33.499,-65.975,89.413,5,15,10,0,0,10.172,-2.951,-12.131,-3.466,-110.092,-25.847,12.155,-0.297,-13.158,-32.336,-31.756,17.557,1.413,7.674,-4.186,79.679,-216.794,79.756,1.396,7.482,-31.061,117.893,-44.26,-2.321,0,0
0,-4.242,0,33.408,-9.098,88.566,5,15,10,0,0,8.668,-2.45,-12.294,-17.573,-111.435,-29.649,13.302,0.407,-9.393,-45.405,-33.053,15.771,2.031,16.727,5.997,-450.214,-454.962,19.908,4.534,8.081,-27.399,75.237,-108.656,-1.679,0,0
0,-3.366,0,33.909,50.182,87.593,5,15,10,0,0,8.96,-2.115,-11.144,-33.038,-108.321,-30.275,13.05,2.072,-9.726,-60.092,-34.015,13.481,1.226,3.479,-12.674,65.145,-129.115,-59.481,5.868,6.275,-23.198,48.061,-143.969,0.382,0,0
0,-2.52,0,34.912,100.273,84.595,5,15,10,0,0,8.129,-1.48,-12.727,-46.901,-111.023,-30.611,13.096,2.874,-11.252,-75.008,-31.496,8.87,0.977,28.909,-21.273,-34.458,-261.573,-151.023,10.299,9.283,-6.201,-29.863,-147.771,3.099,0,0
0,-1.693,0,35.968,105.538,82.764,5,15,10,0,1,11.903,-1.159,-11.92,-53.832,-105.374,-30.427,12.09,1.983,-11.987,-85.527,-27.099,6.748,3.545,28.65,-28.28,412.443,27.328,0.489,15.007,9.163,7.504,-106.504,-97.695,-1.985,0,1
0,-0.862,0,36.817,84.904,83.107,5,5,10,0,1,13.534,-0.079,-13.242,-68.015,-106.229,-34.626,14.092,-0.081,-12.466,-94.504,-19.893,-4.718,4.613,15.571,-43.072,106,-308.916,-369.099,23.924,-0.254,5.41,-129.313,-53.832,-6.947,0,0
0,0.131,0.666,37.264,44.724,99.255,5,5,10,0,1,11.568,-3.614,-10.572,-65.359,-119.191,-41.603,16.796,-0.031,-10.399,-88.443,-6.947,-7.176,9.451,8.107,-9.793,-162.885,-79.16,-374.718,20.861,0.558,0.331,-125.542,-51.527,-4.321,0,0
0,1.182,1.293,37.842,57.804,105.08,5,5,10,0,1,13.668,-0.798,-12.236,-58.427,-113.42,-38.748,15.378,-1.547,-11.642,-77.389,-1.954,-12.489,5.312,-0.441,0.685,-376.443,-26.458,-177.191,7.046,-7.118,-20.085,-58.183,-102.214,-10.122,0,0
0,2.317,1.881,39.124,128.208,113.526,5,5,10,0,1,14.909,-4.785,-9.417,-43.634,-119.481,-40.901,15.577,-1.583,-11.175,-61.13,2.443,-9.405,-3.367,-3.995,-3.533,-169.969,-87.832,394.26,3.87,-0.829,-25.021,-42.321,-149.954,-17.756,0,0
0,3.455,2.429,40.915,179.066,113.857,15,5,10,0,1,13.7,-1.114,-10.418,-37.053,-116.427,-36.87,14.993,-0.757,-10.081,-41.099,4.366,-13.008,-2.836,2.261,-4.534,-107.252,-81.573,-148.244,8.517,10.919,-16.784,-75.176,-175.298,-26.244,0,0
0,4.642,2.939,42.526,161.122,118.664,15,5,10,0,1,10.869,-2.512,-9.175,-35.435,-120.595,-39.42,16.463,0.249,-7.223,-30.885,12.962,-13.969,4.431,2.136,-8.593,-23.771,-59.664,-68.305,13.489,5.497,-15.668,-112.382,-140.519,-26.519,0,0
0,5.994,3.409,43.478,95.215,135.166,15,5,10,0,1,11.681,-4.483,-8.122,-22.519,-119.71,-41.16,13.479,0.101,-7.381,-25.527,25.115,-13.511,5.111,9.287,-38.493,102.031,-300.718,-492.214,19.455,0.661,-8.938,-123.328,-79.115,-23.573,0,0
0,7.619,3.84,43.405,-7.278,162.564,15,5,10,0,1,7.896,-2.819,-9.673,-13.679,-134.321,-43.328,17.972,-1.13,-4.392,-28.504,49.298,-18.321,5.013,5.674,-18.588,5.878,-441.237,-145.832,13.541,-12.526,-16.456,-56.87,-39.771,-13.924,0,0
0,9.527,4.232,42.61,-79.514,190.808,15,5,10,0,0,12.854,-6.95,-4.227,-5.221,-138.641,-41.985,17.857,-1.662,-2.999,-19.557,67.893,-14.366,2.694,7.374,-17.184,-2.015,-140.458,-12.076,11.654,-5.81,-12.413,32.565,-29.176,-15.42,0,0
0,11.713,4.584,41.289,-132.145,218.605,15,5,10,0,1,11.513,-5.482,-5.655,-12.962,-142.443,-39.832,18.923,-1.384,-3.118,-14.061,94.153,-20.275,4.33,3.776,-20.324,32.534,-320.87,-22.351,6.656,-2.594,-16.241,86.458,-4.641,-23.954,0,0
0,14.2,4.898,39.274,-201.462,248.681,15,5,10,0,0,11.237,-7.07,-5.691,-20.305,-144.718,-34.55,16.562,-0.659,-5.511,-7.16,124.275,-25.344,7.123,0.291,-18.652,284.397,32.733,439.206,9.465,1.466,-16.844,80,21.863,-16.183,0,0
0,17.137,5.172,36.542,-273.171,293.69,15,5,10,0,1,12.382,-12.605,-10.03,-14.137,-154.58,-37.466,15.326,-0.462,-6.328,1.405,155.176,-18.992,-1.607,3.087,-18.403,66.229,-201.023,8.214,14.406,-3.83,-13.532,95.008,60.305,-3.45,0,0
0,20.528,5.407,33.206,-333.607,339.112,15,5,10,0,1,9.633,-15.539,-13.838,10.824,-174.29,-31.786,16.715,-3.612,-7.638,14.794,189.176,-15.573,-4.426,9.354,28.74,-384.916,-498.321,369.344,12.833,0.108,-9.166,96.412,71.954,3.557,0,0
0,24.454,5.603,29.379,-382.725,392.567,15,5,10,0,1,10.562,-10.21,-18.549,38.26,-199.527,-38.427,16.693,-5.885,-9.206,40.885,210.626,4.672,-3.554,3.599,-25.627,118.611,89.893,209.832,2.376,-8.076,-5.468,126.519,57.603,-15.588,0,0
0,29.04,5.76,25.41,-396.916,458.554,15,5,10,0,1,7.86,-8.385,-17.941,65.939,-220.443,-45.481,12.789,-5.942,-10.581,69.588,225.771,25.13,-4.737,4.14,-23.773,75.282,64.977,251.115,8.529,-4.495,-15.06,151.023,33.954,-9.954,0,0
0,33.998,5.878,21.744,-366.578,495.851,15,5,10,0,1,7.264,0.017,-26.379,86.687,-237.084,-45.832,8.919,-4.663,-15.323,77.435,234.489,47.252,4.989,0.903,-11.633,31.069,139.115,128.977,8.32,-1.406,-13.728,163.038,21.328,-1.908,0,0
0,39.487,5.956,18.858,-288.598,548.905,15,5,10,0,1,8.893,-12.859,-20.659,122.885,-261.511,-54.901,13.506,1.768,-9.772,99.115,254.504,65.74,0.935,-0.025,-12.713,364.763,239.389,-119.695,6.117,7.149,-15.345,132.092,6.351,-2.427,0,0
0,45.102,5.995,16.793,-206.532,561.448,15,5,10,0,1,16.214,-10.265,-21.119,161.145,-259.542,-45.42,10.531,2.752,-12.945,63.344,271.038,92.626,8.483,4.269,-18.102,255.115,-214.84,103.328,9.59,10.287,-13.079,70.504,3.939,-12.901,0,0
0,50.785,5.995,15.342,-145.066,568.36,15,5,10,0,1,15.134,-15.877,-17.984,249.542,-217.221,-27.557,12.284,-0.69,-18.123,46.168,278.29,110.168,8.986,7.223,-13.314,65.389,-130.687,0.809,10.469,8.325,-10.409,-0.901,3.069,-21.115,0,0
0,55.901,5.956,14.632,-70.988,511.54,15,5,10,0,0,12.844,-6.675,-11.896,256.763,-192.305,-29.053,23.062,-0.913,-15.426,41.496,285.573,134.107,28.852,-14.867,6.361,378.366,452.87,-41.405,-5.025,0.838,-14.408,28.382,-55.328,-11.389,0,0
0,60.2,5.878,14.98,34.744,429.921,15,5,10,0,1,12.289,7.084,-11.451,234.153,-119.008,-26.962,18.806,-0.599,-17.802,60.046,270.229,138.733,-12.423,21.881,-26.384,62.885,-413.206,486.107,21.558,20.918,1.878,-107.084,36.351,-18.427,0,0
0,63.591,5.76,13.724,-125.588,339.123,15,5,10,0,1,0.177,20.068,-22.434,178.412,-43.649,-36.901,19.206,-0.541,-8.991,45.344,260.931,124.427,-9.113,9.114,21.402,182.443,-163.679,333.435,12.222,-6.51,-11.101,-120.748,34.427,-39.756,0,0
0,66.404,5.603,11.549,-217.518,281.262,15,5,10,0,1,12.732,7.204,-12.401,102.29,-27.16,-28.58,5.343,0.63,-10.988,84.809,208.55,104.641,-2.409,9.524,-16.114,-48.931,303.496,-127.145,7.178,-17.625,-12.423,13.863,23.618,-16.183,0,0
0,68.681,5.407,9.303,-224.556,227.772,15,5,10,0,1,10.694,2.041,-14.962,54.809,4.595,-3.695,10.457,1.25,-9.307,72.473,189.771,61.786,5.188,0.287,-9.115,-15.802,324.397,28.153,6.237,-7.113,-14.126,115.618,11.603,-0.061,0,0
0,70.465,5.172,7.37,-193.337,178.414,15,5,10,0,1,9.307,1.289,-17.654,19.069,30.733,14.519,13.673,1.38,-10.344,58.275,186.992,16.733,8.959,-6.262,-15.893,127.252,410.992,6.351,9.958,3.825,-8.246,121.16,17.313,5.099,0,0
0,71.721,4.898,5.762,-160.778,125.53,15,5,10,0,1,4.689,3.834,-17.776,-18.702,59.634,22.794,13.85,-1.928,-11.096,55.099,183.924,-11.954,7.961,3.607,-12.758,62.916,478.092,-19.542,10.054,6.148,-8.577,107.664,22.885,5.466,0,0
0,72.659,4.584,4.404,-135.83,93.807,15,5,10,0,1,3.581,2.414,-16.823,-55.863,87.771,22.29,11.989,-0.479,-11.235,52.672,181.542,-30.733,8.112,6.696,-12.794,92.382,-231.71,-119.939,8.529,6.119,-8.359,64.931,17.252,0.412,0,0
0,73.303,4.232,3.257,-114.636,64.419,15,5,10,0,1,1.312,1.035,-16.758,-75.16,111.405,22.214,11.886,0.151,-11.494,49.084,181.588,-44.672,4.328,8.187,-17.824,179.252,-437.511,-80.977,8.083,2.151,-10.409,23.634,18.076,-1.725,0,0
0,73.695,3.84,2.346,-91.141,39.196,15,5,10,0,1,3.437,2.084,-18.533,-86.046,135.832,24.885,10.169,0.366,-11.613,44.855,178,-51.573,5.676,18.34,-19.61,320.046,-363.069,-26.076,5.688,3.07,-8.847,14,3.618,-3.145,0,0
0,73.875,3.409,1.767,-57.907,17.99,15,5,10,0,1,1.849,-0.184,-18.331,-84.947,151.466,27.42,9.496,1.37,-11.609,36.489,172.718,-53.099,4.443,6.013,-16.444,131.71,-158,-18.931,11.637,3.796,-7.973,-1.191,-0.412,-4.137,0,0
0,73.893,2.939,1.397,-37.01,1.774,15,5,10,0,1,3.102,-2.041,-16.614,-75.267,170.168,31.969,7.803,0.956,-12.516,27.557,165.527,-55.802,6.531,6.689,-11.372,49.725,-138.931,29.557,6.361,1.875,-8.78,-9.527,-3.878,-7.786,0,0
0,73.856,2.429,1.177,-21.938,-3.639,15,5,10,0,1,0.24,-2.091,-16.243,-74.275,172.168,22.992,10.105,2.323,-10.696,0.87,168.107,-43.496,5.173,6.185,-14.734,71.74,-130.321,15.725,7.274,-0.326,-9.717,-10.504,-5.206,-7.557,0,0
0,73.761,1.881,1.068,-10.952,-9.533,15,5,10,0,1,3.693,-3.281,-16.209,-43.985,197.16,21.511,10.399,-0.893,-11.096,-13.664,172.336,-37.863,2.606,7.441,-13.393,12.687,-116.58,11.573,7.568,0.311,-8.749,-3.191,-12.855,-7.435,0,0
0,73.325,1.293,1.068,-0,-43.556,15,5,10,0,1,0.786,-5.818,-16.494,-7.756,215.908,17.023,10.988,-1.595,-10.437,-6,163.634,-27.359,2.852,7.209,-12.361,8.412,-107.969,27.664,7.489,0.941,-7.942,-6.611,-23.802,-4.656,0,0
0,72.57,0.666,1.243,17.521,-75.497,15,5,10,0,1,1.801,-1.835,-18.08,18.183,239.771,5.176,8.675,-3.473,-11.805,11.511,150.092,-12.962,3.715,10.658,-12.703,2.489,-53.084,-0.611,11.63,3.719,-3.755,-4.611,-31.221,-2.626,0,0
0,71.593,0,1.345,10.242,-97.779,15,5,10,0,1,3.933,-3.044,-19.22,37.634,253.664,-8.061,6.895,-3.624,-12.433,26.046,138.412,-2.748,2.476,9.781,-13.484,-13.725,-116.656,-16.122,12.155,5.077,-4.524,-20.901,-21.466,-2.046,0,0
0,70.429,0,1.419,7.381,-116.375,15,5,10,0,1,2.793,-3.588,-19.869,60.382,261.053,-16.26,6.402,-3.854,-12.43,40.809,126.489,4.336,-1.061,8.598,-14.473,-20.366,-59.985,-29.435,13.462,3.056,-4.328,-14.336,-32.534,-2.076,0,0
0,69.092,0,1.324,-9.499,-133.736,15,5,10,0,1,2.891,-3.367,-19.848,76,269.786,-22.855,4.431,-3.463,-13.146,57.191,112.473,8.763,1.641,9.396,-12.844,-44.626,-113.237,-21.557,10.361,3.226,-6.311,-22.229,-32.809,0.58,0,0
0,67.598,0,1.045,-27.878,-149.38,15,5,10,0,1,3.7,-2.529,-19.56,70.824,273.053,-34.015,4.759,-5.14,-12.124,77.221,101.053,8.26,3.145,5.41,-11.846,-50.916,-117.573,-16.397,11.427,-0.453,-7.619,-11.435,-34.641,2.458,0,0
0,65.986,0,0.767,-27.866,-161.145,15,5,10,0,1,1.93,-1.427,-19.919,61.008,272.427,-42.168,5.137,-3.887,-12.116,94.015,86.305,9.069,1.677,4.558,-13.113,-36.107,-121.939,-10.718,12.512,-0.764,-6.301,7.267,-37.038,4.916,0,0
0,64.236,0,0.61,-15.69,-175.003,15,5,10,0,1,3.219,-1.753,-19.519,46.595,271.664,-48.565,5.128,-4.548,-10.54,115.71,71.099,7.527,1.533,5.367,-13.415,-21.725,-124.29,-12.458,11.364,3.614,-4.33,13.221,-48,6.534,0,0
0,62.372,0,0.449,-16.102,-186.436,15,5,10,0,1,3.499,-2.024,-20.166,34.519,272.611,-49.908,4.74,-2.879,-11.151,132.794,60.244,-0.412,8.989,1.93,-8.653,-3.313,-123.115,14.046,5.784,-0.98,-10.313,18.824,-55.45,4.885,0,0
0,60.438,0,0.463,1.431,-193.394,15,5,10,0,1,4.127,-3.087,-21.402,23.954,265.588,-51.817,5.686,-0.627,-8.727,138.763,50.626,-7.145,2.857,5.245,-12.878,13.969,-102.55,-2.321,10.857,2.441,-6.756,9.664,-49.511,7.191,0,0
0,58.479,0,0.467,0.378,-195.935,15,5,10,0,1,5.858,-4.055,-21.574,25.344,262.84,-48.458,5.24,0.596,-9.841,137.527,42.336,-21.374,3.037,4.977,-13,20.595,-119.282,-14.901,9.276,0.697,-8.955,8.061,-51.924,5.542,0,0
0,56.469,0,0.474,0.755,-200.97,15,5,10,0,1,5.259,-1.602,-22.904,22.183,253.45,-44.397,4.802,2.191,-8.933,122.198,34.534,-32.763,2.611,5.24,-13.647,25.115,-116.321,-6.382,10.133,-0.429,-9.024,17.405,-53.282,7.725,0,0
0,54.414,0,0.474,-0,-205.513,15,5,10,0,1,3.981,-2.273,-23.749,24.626,244.718,-40.397,4.563,3.719,-8.723,100.992,24.641,-41.557,2.536,5.001,-13.767,23.191,-124.382,-7.023,9.767,0.675,-9.753,23.069,-57.069,7.298,0,0
0,52.356,0,0.474,-0,-205.765,15,5,10,0,1,4.38,-2.596,-24.357,17.527,228.809,-38.336,4.675,3.992,-6.491,74.366,16.489,-44.26,2.706,5.159,-14.016,33.176,-135.221,-26.687,9.86,1.073,-9.858,24.794,-61.145,6.534,0,0
0,50.283,0,0.474,-0,-207.333,15,5,10,0,1,2.893,-2.814,-25.385,13.481,212.427,-32.321,5.168,4.903,-6.103,49.939,4.916,-45.908,3.267,0.923,-26.115,160.168,-296.809,-113.099,10.061,1.3,-8.826,25.099,-63.588,5.542,0,0
0,48.309,0,0.474,-0,-197.331,15,5,10,0,1,2.4,-4.201,-24.65,-0.473,184.26,-26.305,5.715,4.1,-3.866,27.679,-7.924,-38.55,3.554,1,-24.774,361.374,-181.511,-234.015,10.169,0.8,-8.272,25.74,-65.542,5.359,0,0
0,46.438,0,0.474,-0,-187.111,15,5,10,0,1,2.462,-3.796,-24.357,-9.71,161.176,-13.649,3.887,3.458,-4.062,14.962,-25.282,-36.58,3.535,1.623,-23.308,386.29,-180.046,-267.969,9.93,0.366,-7.324,30.595,-67.756,5.466,0,0
0,44.775,0,0.478,0.309,-166.317,15,5,10,0,1,0.793,-4.05,-24.161,-34.198,125.893,-5.13,5.528,2.235,-1.906,7.74,-36.809,-32.26,3.528,5.547,-12.308,49.115,355.802,-33.313,9.817,0.019,-6.926,34.275,-70.947,6.763,0,0
0,43.26,0,0.482,0.423,-151.554,15,5,10,0,1,0.965,-4.448,-24.266,-53.893,97.053,6.504,4.23,3.856,-4.038,-0.565,-47.42,-32.672,-0.534,7.494,-9.159,45.924,-68.153,-19.725,10.138,-0.105,-6.912,39.695,-74.321,8.534,0,0
0,41.966,0,0.503,2.14,-129.353,15,5,10,0,0,0.946,-4.939,-24.271,-73.832,62.244,17.099,5.741,2.941,-3.293,-6.962,-54.519,-31.466,5.777,5.112,-12.047,106.122,-237.389,-27.542,7.607,2.021,-9.515,44.427,-85.603,9.115,0,0
0,40.857,0,0.536,3.319,-110.939,15,5,10,0,0,8.014,-6.828,-20.307,-76.076,48.244,19.13,9.192,2.22,-2.984,-30.153,-50.931,-31.099,5.511,5.928,-13.041,50.031,-122.076,13.802,10.188,2.575,-11.393,34.229,-91.863,9.45,0,0
0,39.956,0,0.785,24.891,-90.042,15,5,10,0,0,6.227,-8.521,-23.512,-88.611,7.985,17.771,8.84,3.43,-2.256,-22.687,-45.939,-23.298,9.939,5.089,-11.108,55.527,-161.481,-13.191,11.525,1.075,-11.019,40.885,-113.542,6.901,0,0
0,39.458,0,1.448,66.261,-49.793,15,5,10,0,0,1.494,-5.367,-31.427,-87.359,-32.55,20.534,10.318,2.347,-1.619,-45.359,-37.374,-16.336,7.676,7.683,-14.464,54.275,-61.328,-3.817,11.106,4.388,-7.755,27.725,-121.74,8,0,0
0,39.425,0,2.349,90.1,-3.319,15,5,10,0,0,2.661,-7.872,-31.03,-69.603,-87.282,11.099,10.794,-2.211,-4.287,-52.26,-45.038,5.603,8.114,8.61,-14.622,50.366,-47.496,-8.855,11.309,2.932,-8.49,16.031,-125.786,8.718,0,0
0,39.748,0,3.392,104.359,32.238,15,5,10,1,0,1.176,-2.67,-29.114,-30.046,-113.069,5.863,10.454,-4.404,-4.139,-37.969,-62.351,17.985,8.44,7.98,-13.961,44.061,-18.305,-7.359,12.742,0.975,-7.247,14.534,-125.023,13.771,1,0
0,40.366,0,4.524,113.171,61.878,5,5,10,1,0,6.646,-4.335,-12.121,-10.641,-128.443,-10.275,9.86,-4.967,-7.185,-21.099,-67.802,42.336,7.554,15.301,-15.51,72.779,-13.496,5.099,13.441,-2.268,-9.736,26.366,-125.16,17.924,0,0
0.666,41.076,0,5.785,126.045,70.999,5,5,10,1,0,11.851,-8.454,-1.305,16.061,-104.153,-16.137,12.536,-7.255,-7.913,-0.351,-54.229,53.832,5.729,14.422,-24.468,247.206,9.282,169.038,14.394,0.199,-8.478,31.435,-129.42,21.817,0,0
1.293,41.765,0,7.11,132.511,68.836,5,5,10,1,0,8.806,-8.215,-7.298,40.473,-82.763,-7.374,13.496,-6.749,-10.79,28.366,-36.397,66.779,6.732,7.235,-12.828,27.053,17.221,55.695,15.965,0.24,-8.11,29.237,-140.244,24.656,0,0
1.881,42.563,0,8.512,140.259,79.834,5,15,10,1,0,2.563,-6.704,-12.181,54.885,-88.397,-0.198,10.907,-3.66,-8.186,64.794,-14.351,86.58,8.526,7.166,-12.873,9.344,70.229,70.534,13.688,3.046,-6.289,19.13,-151.924,28.076,0,0
2.429,43.431,0,9.962,145.008,86.826,5,15,10,1,0,2.745,-0.951,-18.161,63.206,-86.947,3.756,7.904,-2.213,-7.968,83.878,-24.092,95.328,9.738,6.402,-11.951,6.473,45.435,25.588,21.21,1.523,-6.874,-2.275,-146.718,24.916,0,0
2.939,44.19,0,11.417,145.432,75.829,5,15,10,1,0,0.429,0.85,-23.019,52.947,-93.542,-8.397,4.548,-2.345,-7.3,97.649,-49.328,92.244,0.517,5.014,-17.742,-28.702,82.198,118.84,17.033,-1.226,-8.72,-17.038,-150.031,23.603,0,0
3.409,44.768,0,12.973,155.606,57.804,5,15,10,1,0,7.75,-3.806,-23.72,51.176,-91.191,-12,8.402,0.57,-6.546,96.473,-70.824,68.565,9.738,5.092,-10.672,-22.718,28.519,20.855,14.998,0.11,-6.495,-32.153,-159.557,24.046,0,0
3.84,44.849,0,14.712,173.939,8.125,5,15,10,1,0,14.442,-3.904,-18.399,70.901,-60.214,-0.458,9.76,-0.606,-10.806,78.733,-91.374,40.122,8.859,5.753,-11.398,-28.275,65.344,48,13.688,3.777,-7.044,-28.611,-169.756,26.794,0,0
4.232,44.168,0,16.865,215.321,-68.127,5,15,10,1,0,13.551,1.226,-16.056,63.405,-38.733,6.397,11.589,1.729,-11.225,65.542,-106.962,23.603,6.069,3.296,4.819,-335.756,-462.901,83.542,15.201,3.389,-3.154,-48.885,-190.473,27.115,0,0
4.584,42.845,0,19.327,246.163,-132.248,5,15,10,1,0,13.774,1.59,-15.141,19.008,-12.519,15.893,14.15,2.939,-8.502,34.733,-127.756,11.023,1.073,31.72,-3.573,-365.191,-130.931,129.954,19.951,-0.113,-2.007,-60.794,-179.771,23.481,0,0
4.898,41.01,0,22.066,273.858,-183.483,5,15,10,1,0,11.994,4.191,-21.091,-33.282,7.145,26.931,14.66,5.053,-10.255,1.649,-152.305,3.847,11.752,8.359,-6.787,-61.679,452.611,21.344,18.844,3.518,0.711,-80,-182.336,23.405,0,0
5.172,38.828,0,24.995,292.969,-218.205,5,15,10,1,0,11.484,1.854,-17.896,-63.771,18.214,40.885,16.523,6.086,-10.921,-43.649,-160.015,-0.87,11.283,7.638,-6.34,-82.321,293.069,16.794,20.202,1.875,-1.916,-88.824,-168.885,17.664,0,0
5.407,36.36,0,28.193,319.726,-246.804,5,15,10,1,0,14.368,-1.538,-16.559,-95.74,51.191,41.45,12.89,5.145,-13.855,-60.061,-169.695,4.687,3.727,9.374,-1.202,-184.122,-287.817,33.466,17.326,-3.042,-8.294,-90,-163.359,16.031,0,0
5.603,33.679,0,31.664,347.169,-268.101,5,15,10,1,0,7.264,5.846,-18.83,-144.031,58.733,47.71,9.391,-1.097,-13.434,-95.695,-190.672,-0.504,8.332,8.248,-9.915,-103.176,394.931,27.298,17.268,4.237,-10.284,-87.527,-170.779,23.145,0,0
5.76,30.661,0,35.473,380.837,-301.804,5,15,10,1,0,14.133,2.69,-12.373,-158.656,61.298,42.84,10.394,0.158,-9.863,-95.328,-199.435,-1.924,7.791,6.378,-12.765,-117.328,220.687,-9.038,16.377,3.837,-16.473,-105.511,-181.847,21.618,0,0
5.878,27.45,0,39.648,417.55,-321.087,5,15,10,1,0,0.953,2.237,-15.539,-171.679,54.87,48.672,6.031,2.479,-8.385,-93.847,-205.405,-1.527,9.379,15.195,-21.479,-271.695,469.511,-42.809,14.514,6.043,-15.189,-137.924,-190.58,9.511,0,0
5.956,24.066,0,44.156,450.772,-338.402,5,15,10,1,0,4.388,0.371,-17.821,-171.939,48.183,44.137,7.674,0.165,-8.002,-96.626,-209.221,-8.595,4.893,9.102,-26.034,-300.916,494.336,-98.412,16.372,-1.133,-18.502,-162.779,-203.771,17.725,0,0
5.995,21.02,0,48.814,465.856,-304.654,5,15,10,1,0,5.535,-6.22,-15.869,-150.595,31.16,39.664,8.704,0.848,-7.104,-89.817,-201.634,-6.336,5.516,4.519,-20.374,-151.573,-491.069,-138.962,15.647,4.445,-12.868,-174.595,-193.13,19.802,0,0
5.995,18.313,0,53.535,472.012,-270.642,5,15,10,1,0,5.07,-9.791,-14.329,-118.214,35.374,39.573,11.539,1.152,-9.288,-106.748,-181.649,0.107,6.97,3.596,-45.908,-177.435,141.176,306.687,10.567,2.019,-15.278,-185.435,-173.557,22.397,0,0
5.956,15.922,0,58.215,468.007,-239.125,5,15,10,1,0,6.754,-4.191,-14.842,-76.809,26.29,40.519,12.401,-1.832,-10.208,-106.443,-171.695,10,-5.758,5.477,-17.857,-135.099,253.145,-195.634,8.936,2.733,-23.335,-159.618,-164.87,7.542,0,0
5.878,13.75,0,62.891,467.652,-217.209,5,15,10,1,0,6.433,-4.721,-15.412,-53.16,27.405,37.786,11.35,-3.502,-10.191,-106.992,-166.855,17.878,7.512,-0.645,-24.63,-175.115,-491.313,-336.733,12.639,4.009,-20.101,-163.023,-157.176,-5.649,0,0
5.76,11.827,0,67.213,432.176,-192.273,5,15,10,1,0,9.561,-9.599,-11.07,-46.443,21.756,30.763,9.592,-6.1,-10.018,-98.183,-165.435,28.489,4.27,2.27,-17.318,-32.763,494.58,-158.534,15.254,-2.263,-13.968,-132.916,-128.015,-5.893,0,0
5.603,10.015,0,70.775,356.255,-181.229,5,15,10,1,0,7.41,-3.775,-15.204,-40.519,26.244,29.832,10.136,-5.645,-8.878,-89.588,-164.458,33.924,5.209,2.781,-15.328,-22.382,437.359,-216.183,15.084,-9.772,-10.691,-86.107,-64.397,-7.893,0,0
5.407,8.345,0,73.416,264.039,-166.993,5,15,10,1,0,8.775,-10.167,-9.851,-38.366,19.878,24.687,8.49,-5.568,-9.07,-86.824,-162.885,36.061,6.919,4.657,-17.115,-10.718,389.908,-95.878,11.407,-9.836,-8.172,-18.366,-6.473,-2.687,0,0
5.172,6.576,0,75.188,177.258,-176.892,5,15,10,1,0,6.249,-3.319,-13.398,-34.137,27.771,24.412,9.106,-2.845,-8.636,-77.16,-162.84,30.458,4.445,4.917,-15.639,-7.481,340.214,5.13,11.855,-9.879,-9.175,52.382,51.344,4.534,0,0
4.898,4.888,0,76.214,102.528,-168.835,5,15,10,1,0,6.926,-7.688,-10.09,-47.069,23.084,19.511,6.215,-2.074,-10.315,-76.763,-159.176,24.458,3.621,2.784,-20.022,-55.939,-365.863,-192.977,8.265,-8.004,-12.049,107.771,91.191,8.794,0,0
4.584,3.104,0,76.851,63.744,-178.379,5,15,10,1,0,7.528,-4.862,-11.64,-39.527,26.718,18.214,8.22,-1.554,-8.464,-75.069,-155.908,20.687,0.824,3.77,-15.824,-21.893,300.519,145.71,7.889,-5.441,-14.183,135.863,120.718,4.718,0,0
4.232,1.358,0,77.085,23.426,-174.614,5,15,10,1,0,3.446,-4.915,-11.364,-49.359,21.786,16.656,7.741,-2.218,-10.131,-81.771,-154.87,15.038,1.842,1.346,-14.576,-11.481,299.634,104.305,4.278,-0.24,-15.081,140.947,138.107,1.664,0,0
3.84,-0.316,0,77.162,7.702,-167.37,5,15,10,1,0,4.745,-5.966,-12.368,-33.924,18,13.74,10.737,-0.647,-9.479,-80.763,-149.084,12.229,0.778,1.229,-15.122,7.878,300.122,108.947,4.117,1.526,-15.596,127.435,151.42,-0.427,0,0
3.409,-1.828,0,77.133,-2.964,-151.245,5,15,10,1,0,7.362,-4.498,-10.622,-29.038,17.969,11.924,10.957,-2.354,-9.527,-80.534,-144.229,9.176,0.719,2.378,-15.12,25.588,301.649,98.107,4.033,2.833,-14.768,97.756,164.687,-2.275,0,0
2.939,-3.242,0,77.14,0.755,-141.392,5,15,10,1,0,4.596,-4.879,-13.113,-15.786,14,13.527,11.76,-2.223,-9.245,-68.214,-139.649,5.649,2.474,4.451,-16.051,75.725,383.756,-273.099,3.746,2.814,-14.698,76.137,169.847,3.786,0,0
2.429,-4.495,0,76.914,-22.671,-125.267,5,15,10,1,0,4.086,-3.985,-11.556,-16.351,5.099,10.916,11.827,-0.989,-10.586,-58.931,-128.748,3.237,-0.505,5.131,-24.535,98.687,-429.008,113.344,7.686,1.547,-12.976,26.595,198.137,3.939,0,0
1.881,-5.545,0,76.441,-47.241,-105.046,5,15,10,1,0,6.572,-4.495,-11.295,-15.786,6.809,9.939,11.958,-3.027,-10.629,-49.695,-118.824,-0.092,0.721,4.509,-22.575,96.611,280.733,-368.122,6.052,-1.13,-14.883,11.725,211.221,11.267,0,0
1.293,-6.472,0,75.844,-59.681,-92.697,5,15,10,1,0,6.677,-4.311,-11.934,2.107,-2.229,9.374,12.27,-1.842,-11.556,-34.244,-108.458,0.885,-0.69,7.987,-16.207,37.74,134.366,6.076,9.206,1.969,-12.157,-4.061,220.137,19.405,0,0
0.666,-7.135,0,74.965,-87.902,-66.239,5,15,10,1,0,5.451,-2.194,-12.241,1.847,-12.305,6.702,14.684,-1.633,-9.882,-24.534,-90.763,-2.611,0.01,7.235,-16.356,15.847,252.977,0.702,7.666,-0.798,-15.168,-26.183,242.901,28.366,0,0
0,-7.446,0,73.807,-115.792,-31.117,5,15,10,1,0,6.809,-4.213,-10.514,6.412,-23.71,3.71,14.21,-1.063,-10.732,-19.527,-72.458,-2.366,-0.939,7.662,-17.244,1.756,115.328,-1.893,7.796,-0.237,-16.111,-32,258.55,38.015,0,0
0,-7.428,0,72.394,-141.358,1.774,5,15,10,1,0,10.028,-7.195,-6.107,22.87,-25.863,4.351,9.939,-3.813,-10.157,-9.954,-55.038,1.664,-1.518,5.633,-16.439,-14.427,107.588,-3.053,5.966,-1.135,-18.142,-27.466,265.145,46.061,0,0
0,-7.472,0,70.753,-164.063,-4.337,5,15,10,1,0,6.696,-2.766,-9.527,18.244,-33.573,4.931,10.172,-2.831,-8.22,4.718,-55.496,0.565,-0.74,6.971,-22.307,-59.145,194.977,-2.107,8.174,3.08,-14.94,-34.412,274.26,53.802,0,0
0,-7.502,0,68.86,-189.286,-3.01,5,15,10,1,0,6.392,-4.345,-8.507,6.382,-38.901,2.885,10.303,-1.588,-6.931,12.794,-54.565,-2.595,0.019,11.289,-28.232,-379.237,-311.206,3.42,6.586,-0.426,-16.566,-32.504,286.366,56.244,0,0
0,-7.603,0,66.682,-217.862,-10.174,5,15,10,1,0,7.322,-6.148,-8.193,7.45,-40.779,1.557,9.211,-3.099,-6.086,14.84,-58.473,1.221,-1.832,7.674,-17.357,-59.817,143.496,-16,12.667,4.194,-13.012,-34.656,305.939,62.565,0,0
0,-7.992,0,64.293,-238.839,-38.841,5,15,10,1,0,8.172,-5.149,-9.491,6.412,-39.221,-0.641,8.909,0.148,-6.447,16.153,-76.855,7.359,-4.258,6.863,-38.225,419.664,471.313,-75.237,7.463,-1.073,-16.799,-14.168,304.611,63.664,0,0
0,-8.468,0,61.734,-255.948,-47.596,5,15,10,1,0,5.212,-5.322,-9.827,-9.359,-45.328,-1.832,9.444,0.924,-7.202,7.725,-86.305,4.855,-3.099,5.246,-23.648,-183.756,97.695,-5.74,7.808,-2.745,-18.583,-0.137,312.427,61.908,0,0
0,-8.879,0,59.164,-257.035,-41.084,5,15,10,0,0,4.225,-5.389,-11.187,-15.405,-53.221,-3.618,12.83,0.22,-7.599,-5.344,-84.947,6.504,-4.055,4.706,-16.291,-110.962,76.504,-4.885,8.531,0.639,-18.911,12,306.916,57.588,0,0
0,-9.244,0,56.548,-261.532,-36.552,5,15,10,0,0,6.996,-5.576,-10.667,-9.191,-53.389,-4.809,12.171,-2.06,-9.101,-14.626,-86.076,8.794,-2.479,2.417,-14.444,-98.901,69.557,6.595,12.749,3.878,-19.141,10.672,300.534,49.206,0,0
0,-9.479,0,53.926,-262.173,-23.495,5,15,10,0,0,2.996,-4.74,-11.657,-7.42,-63.069,-5.389,12.516,-0.745,-8.933,-21.573,-80.489,10.885,-1.849,2.936,-12.183,-86.916,38.763,12.397,9.491,5.676,-20.59,-5.802,289.13,40.351,0,0
0,-9.501,0,51.228,-269.887,-2.197,5,15,10,0,0,7.504,-5.252,-9.678,-9.924,-68.321,-8.031,12.152,-1.43,-9.891,-23.527,-72.168,15.893,-1.274,1.818,-11.019,-60.427,31.985,20.763,8.169,1.554,-23.191,-12.977,275.13,34.626,0,0
0,-9.391,0,48.572,-265.538,11.009,5,15,10,0,0,5.7,-4.311,-11.63,-9.542,-75.237,-10.321,13.065,-2.251,-9.372,-23.267,-62.855,15.481,-1.14,0.314,-8.445,-26.443,14.168,113.344,3.353,3.126,-22.846,-11.573,252.626,32.641,0,0
0,-9.358,0,46.02,-255.204,3.307,5,15,10,0,0,13.666,-14.806,-2.069,8.046,-74.702,-17.924,4.515,-2.69,-12.751,-21.466,-64.473,24.626,-2.603,-0.319,-5.88,15.023,6.351,113.588,6.934,0.098,-22.695,9.282,228.55,25.115,0,0
0,-9.31,0,43.695,-232.567,4.784,5,15,10,0,0,10.677,-2.692,-10.742,-12.198,-74.275,-10.397,10.457,-2.601,-9.65,-13.099,-66.321,12.168,-2.84,1.471,-0.699,121.603,-20.824,111.328,5.841,0.616,-21.869,31.847,195.542,18.29,0,0
0,-9.087,0,41.527,-216.786,22.35,5,15,10,0,0,3.684,-1.327,-14.363,-26.855,-93.038,-18.504,16.296,-0.201,-7.104,-19.771,-52.55,2.275,-2.429,2.208,-2.122,148.931,-82.809,-293.863,6.294,1.396,-20.832,57.145,162.305,10.641,0,0
0,-8.68,0,39.593,-193.406,40.649,5,15,10,0,0,10.574,-7.118,-9.817,-12.58,-94.366,-25.069,13.232,-1.176,-10.732,-26.58,-48.092,7.252,-2.371,3.183,-7.319,76.26,-46.901,95.939,6.732,1.854,-21.665,72.504,143.924,3.954,0,0
0,-8.112,0,37.953,-164.006,56.763,5,15,10,0,0,9.858,-4.888,-11.664,-2.962,-96.321,-25.313,13.357,-1.813,-11.455,-28.519,-40.565,6.931,2.555,5.851,-5.006,70.84,-52.153,40.244,12.394,-1.037,-21.89,113.603,108.427,11.832,0,0
0,-7.457,0,36.634,-131.848,65.529,5,15,10,0,0,9.029,-3.494,-11.568,2,-99.481,-25.527,12.936,-0.699,-12.246,-29.496,-37.893,6.092,1.121,8.986,-4.316,124.84,-180.031,66.321,10.052,7.884,-22.712,112.046,75.985,3.908,0,0
0,-6.699,0,35.664,-97.058,75.829,5,15,10,0,0,6.991,-3.245,-12.761,0.748,-104.031,-26.489,13.683,-0.192,-12.066,-27.252,-32.153,2.702,1.633,4.716,-4.321,54.275,-84.244,24.916,6.371,8.605,-27.579,95.16,11.45,-7.954,0,0
0,-5.842,0,35.162,-50.194,85.694,5,15,10,0,0,10.49,-2.673,-13.031,-5.573,-107.008,-28.321,13.975,0.616,-13.103,-27.649,-26.489,2.107,2.85,7.331,-4.263,50.55,-59.817,16.214,1.861,6.194,-29.418,66.183,-57.634,-8.321,0,0
0,-4.916,0,35.14,-2.186,92.571,5,15,10,0,0,8.67,-1.674,-13.254,-6.015,-108.168,-29.282,12.303,-0.639,-11.824,-31.969,-24.397,1.527,-0.462,8.895,-6.476,77.573,-235.802,-38.779,2.675,2.426,-28.793,43.71,-104.962,-4.214,0,0
0,-4.022,0,35.649,50.915,89.401,5,15,10,0,0,10.373,-2.338,-12.876,-11.252,-105.069,-32.153,13.752,-1.277,-9.834,-34.427,-23.847,0.351,-1.406,0.923,-18.509,35.893,407.924,-232.794,4.986,4.953,-17.007,7.221,-147.298,-2.733,0,0
0,-3.158,0,36.612,96.291,86.415,5,15,10,0,1,11.4,-1.475,-12.548,-15.939,-101.405,-32.504,12.581,0.371,-11.096,-40.443,-23.649,-3.389,-1.885,6.568,-23.778,-75.344,-351.649,8.55,9.226,9.072,-1.358,-51.298,-154.672,-1.695,0,1
0,-2.315,0,37.524,91.187,84.263,5,5,10,0,1,10.821,-2.33,-11.865,-21.71,-104.58,-35.863,13.048,0.371,-11.18,-45.313,-20.489,-7.45,3.403,9.505,-30.01,446.992,-427.527,-222.29,14.289,-5.679,-4.249,-87.618,-92.947,-1.603,0,0
0,-1.503,0.666,38.209,68.493,81.253,5,5,10,0,1,11.374,-0.381,-11.589,-28.336,-101.618,-35.389,14.84,-0.436,-9.362,-48.916,-17.908,-12.321,4.752,9.47,-17.141,-109.389,-133.817,-154.779,20.212,1.346,4.163,-98.84,-72.534,-1.13,0,0
0,-0.705,1.293,38.619,40.993,79.823,5,5,10,0,1,10.32,-1.906,-10.121,-38.046,-102.733,-37.206,16.768,-0.225,-9.008,-53.664,-11.282,-16.885,8.914,6.217,-10.394,-136.656,-84.992,-181.221,21.021,-1.36,-5.154,-93.42,-53.847,-9.206,0,0
0,0.124,1.881,39.131,51.258,82.832,15,5,10,0,1,13.168,-1.056,-10.275,-49.023,-102.107,-38,18.123,1.485,-8.768,-55.481,-2.855,-18.55,5.681,-0.587,-5.463,-162.885,-80.809,-331.115,6.124,-6.217,-23.062,-47.252,-105.282,-13.511,0,0
0,1.094,2.429,40.211,108.032,97.035,15,5,10,0,1,10.555,-2.005,-8.672,-57.298,-107.16,-37.252,18.384,2.033,-7.748,-60.076,9.725,-15.756,-1.296,-0.872,-0.929,-255.405,-187.374,464.733,9.034,4.012,-20.954,-42.702,-135.267,-15.832,0,0
0,2.299,2.939,41.431,121.983,120.449,15,5,10,0,1,11.113,-7.116,-4.541,-51.71,-110.672,-39.13,16.169,0.601,-5.691,-62.092,24.656,-5.71,0.548,4.182,-8.598,-123.557,-131.282,-125.13,15.544,11.618,-13.87,-82.718,-121.115,-25.985,0,0
0,3.65,3.409,42.087,65.586,135.132,15,5,10,0,1,10.023,-4.127,-7.037,-51.191,-110.382,-38.061,15.927,-0.486,-6.026,-56.641,34.779,-7.893,4.469,1.479,-19.294,-64.397,-384.748,102.107,17.611,3.006,-10.452,-97.725,-83.344,-25.038,0,0
0,5.217,3.84,41.852,-23.506,156.75,15,5,10,0,1,7.429,-5.722,-6.244,-49.969,-120.55,-40.229,16.025,-2.024,-3.176,-48.947,52.061,-8.901,5.283,1.764,-25.397,39.313,-241.359,-93.74,17.934,-9.386,-15.577,-62.092,-33.771,-8.153,0,0
0,7.026,4.232,40.988,-86.38,180.874,15,5,10,0,1,7.942,-1.775,-11.4,-38.718,-125.191,-36.779,15.534,-0.01,-4.227,-45.969,71.45,-17.008,5.083,-3.742,-25.818,129.053,-363.008,139.237,16.904,-6.438,-11.017,2.107,-31.924,-8.443,0,0
0,9.242,4.584,39.537,-145.077,221.547,15,5,10,0,0,8.351,-8.162,-10.77,-30.29,-143.176,-42.061,16.281,-3.288,-4.776,-35.511,98.397,-22.733,-0.73,4.785,-19.292,16.412,-361.359,-21.008,13.235,-8.016,-18.104,40.565,13.893,-29.038,0,0
0,11.802,4.898,37.33,-220.768,256.005,15,5,10,0,0,9.935,-10.631,-8.15,-29.389,-163.206,-38.183,19.292,-4.088,-1.839,-34,132.977,-19.328,3.058,3.394,-15.448,27.893,240.611,8.183,13.079,1.032,-9.87,64.809,29.954,-17.023,0,0
0,14.911,5.172,34.411,-291.859,310.937,15,5,10,0,1,7.331,-9.755,-16.233,-27.267,-172.58,-31.756,18.013,-5.559,-6.637,-9.817,162.809,-24.763,6.306,2.685,-10.9,57.282,-207.145,17.099,14.272,-0.383,-9.072,98.122,62.137,2.595,0,0
0,18.544,5.407,30.906,-350.522,363.305,15,5,10,0,1,12.15,-9.889,-19.347,10.336,-189.786,-32,15.45,-6.134,-8.694,10.55,189.557,-16.061,1.926,-0.833,-15.352,81.908,132.153,-331.115,11.594,-3.949,-8.847,127.664,80.702,3.221,0,0
0,22.836,5.603,27.036,-387.04,429.2,15,5,10,0,1,7.298,-6.802,-20.087,51.542,-218.519,-33.359,12.969,-8.608,-11,44.687,212.794,-1.053,-4.795,8.783,-14.356,62.885,-437.099,41.13,9.441,-0.874,1.588,157.557,50.168,-8.931,0,0
0,27.67,5.76,22.945,-409.081,483.365,15,5,10,0,1,4.649,-9.683,-16.174,75.008,-246.977,-43.908,11.671,-7.784,-12.155,76.427,226.519,27.908,-0.002,0.125,-16.387,60.29,-469.252,57.221,6.752,-3.054,-20.413,178.427,40.351,-10.702,0,0
0,32.869,5.878,19.246,-369.839,519.975,15,5,10,0,1,8.984,-2.85,-19.625,105.496,-249.359,-55.221,12.239,-6.491,-13.103,94.534,239.023,61.13,5.94,0.335,-12.449,56.885,-212.748,34.641,4.376,-3.475,-17.975,196.901,12.107,1.863,0,0
0,38.326,5.956,16.537,-270.985,545.667,15,5,10,0,1,11.209,-6.586,-17.682,118.855,-259.786,-52.641,11.07,-3.382,-15.29,124.947,243.603,68.55,11.043,0.139,-11.726,73.45,-171.069,28.305,6.203,9.211,-14.823,165.756,0.595,1.603,0,0
0,44.035,5.995,14.833,-170.369,570.935,15,5,10,0,1,8.663,-12.121,-19.8,167.405,-248.382,-51.221,15.711,3.696,-11.211,101.496,270.672,89.618,10.04,4.891,-13.357,90.916,-134.382,8.153,10.301,14.449,-8.598,65.908,-1.023,-11.618,0,0
0,49.594,5.995,13.544,-128.861,555.886,15,5,10,0,1,14.289,-13.824,-18.782,252.321,-211.542,-35.908,15.175,-1.128,-16.336,84.382,278.443,109.542,6.44,9.336,-14.859,92.244,-123.557,-6.931,10.028,7.068,-9.341,-11.16,6.183,-21.038,0,0
0,54.754,5.956,12.489,-105.492,515.992,15,5,10,0,1,13.611,-7.475,-12.579,270.947,-190.58,-32.214,9.199,-1.418,-20.377,77.511,272.977,144.55,2.182,4.882,-18.47,115.221,-235.679,-85.13,11.41,2.702,-6.285,-19.282,9.176,-17.832,0,0
0,59.09,5.878,11.38,-110.974,433.606,15,5,10,0,0,7.755,4.685,-14.861,259.618,-121.618,-34.107,16.662,2.069,-17.455,100.809,275.695,133.954,2.443,9.151,-13.244,28.748,-246.275,-33.16,9.115,-0.007,-9.283,-9.679,9.802,-16.137,0,0
0,62.672,5.76,10.16,-121.96,358.201,15,5,10,0,1,11.163,4.206,-11.316,216.794,-71.786,-46.015,12.536,-0.261,-15.292,101.695,261.924,134.046,-1.049,9.363,-29.689,120.748,-224.763,-182.718,10.457,-1.576,-8.9,13.237,14.473,-12.901,0,0
0,65.668,5.603,8.85,-131.047,299.584,15,5,10,0,1,10.502,5.832,-13.889,159.344,-24.58,-43.969,11.075,2.024,-11.63,100.901,241.634,110.244,1.253,6.091,-12.605,7.16,481.45,-57.588,10.081,2.852,-7.168,35.664,6.809,-6.107,0,0
0,68.084,5.407,7.516,-133.312,241.62,15,5,10,0,1,10.141,0.259,-12.981,104.748,-2.321,-32.458,8.895,1.724,-7.88,95.725,218.412,77.053,3.391,6.116,-13.288,123.924,-18.092,-311.695,9.044,1.327,-9.068,45.618,5.695,-5.084,0,0
0,69.967,5.172,6.228,-128.884,188.301,15,5,10,0,1,7.338,3.588,-17.658,60.84,27.542,-12.351,10.344,-0.031,-10.129,96.473,193.542,41.252,4.9,6.723,-12.224,23.924,-245.725,-10.046,7.307,1.118,-9.695,52.107,0.794,-1.282,0,0
0,71.322,4.898,5.089,-113.88,135.475,15,5,10,0,1,6.696,1.856,-17.122,25.145,55.542,-1.832,12.373,-1.897,-10.294,93.45,181.481,9.115,3.54,4.401,-26.738,284.672,177.573,-124.824,8.914,3.973,-9.297,42.504,1.511,-1.771,0,0
0,72.289,4.584,4.107,-98.19,96.68,15,5,10,0,1,5.089,1.995,-17.678,-11.023,81.313,-1.664,13.228,-1.768,-9.439,83.878,177.74,-18.519,4.867,6.282,-13.522,43.496,-202.214,-19.053,9.724,3.873,-9.415,26.809,-4.611,-1.053,0,0
0,72.933,4.232,3.338,-76.904,64.43,15,5,10,0,1,7.331,1.911,-17.527,-40.947,107.817,-4.076,11.297,-1.576,-11.396,81.847,172.794,-35.725,4.234,5.074,-19.313,202.977,-370.58,-15.145,9.671,2.371,-11.257,14.473,-1.74,-2.977,0,0
0,73.307,3.84,2.704,-63.366,37.388,15,5,10,0,1,5.834,-0.843,-16.672,-64.397,129.252,-2.504,10.002,0.038,-11.53,83.573,167.435,-45.313,2.096,6.61,-16.224,45.679,-89.359,-11.573,13.149,3.784,-7.963,-8.29,0.55,-2.473,0,0
0,73.443,3.409,2.108,-59.647,13.561,15,5,10,0,1,4.687,-0.261,-17.778,-76.519,146.595,2.901,9.458,0.345,-11.364,82.366,162.183,-54.992,6.907,6.165,-11.793,38.153,-159.573,3.237,4.974,-1.315,-11.949,7.481,-17.771,-5.756,0,0
0,73.361,2.939,1.917,-19.043,-8.125,15,5,10,0,1,3.983,0.108,-17.869,-78.366,168.076,6.824,11.587,1.677,-10.394,60.305,160.061,-61.817,8.61,4.911,-12.928,72.84,-115.145,10.595,6.984,3.686,-8.488,11.679,-24.672,-2.321,0,0
0,73.359,2.429,1.917,-0,-0.286,15,5,10,0,1,3.595,-4.263,-13.482,-76.962,174.962,-1.099,9.25,4.905,-10.914,23.252,162.076,-49.084,4.21,8.415,-27.821,311.435,-447.16,-8.55,9.978,3.657,-8.933,-11.786,-16.87,-6.595,0,0
0,73.164,1.881,1.928,1.122,-19.466,15,5,10,0,1,5.638,-4.68,-16.147,-44.626,206.321,2.794,9.039,1.015,-13.091,7.435,164.122,-46.58,2.955,10.685,-28.271,188.809,144.107,-142.168,8.797,1.327,-9.396,-20.458,-24.412,-7.679,0,0
0,72.762,1.293,1.972,4.337,-40.238,15,5,10,0,1,5.98,0.278,-20.774,-24.702,223.45,-3.252,9.103,-2.081,-12.907,0.84,159.939,-36.672,2.776,7.302,-13.623,3.16,-121.664,-16.794,9.036,-0.354,-9.111,-14.29,-32.931,-5.649,0,0
0,72.142,0.666,2.081,10.963,-61.924,15,5,10,0,1,-0.733,-2.441,-20.221,0.107,227.771,-10.382,11.202,0.019,-10.945,-4.656,154.947,-20.489,5.487,5.609,-11.836,9.45,-53.328,-0.977,5.621,-1.985,-12.995,4.519,-46.885,-5.084,0,0
0,71.403,0,2.448,36.644,-73.963,15,5,10,0,1,1.241,-3.487,-19.567,22.962,243.893,-15.298,8.246,-1.413,-12.265,1.603,146.092,-10.84,2.455,6.986,-14.691,6.611,387.924,-13.924,12.416,5.053,-4.095,-12.855,-45.603,-3.42,0,0
0,70.491,0,2.727,27.878,-91.152,15,5,10,0,1,2.891,-2.891,-20.715,37.588,251.786,-19.13,6.019,-1.775,-13.45,12.611,133.847,-4.198,4.222,5.492,-12.686,-5.252,-48.809,-8.626,10.184,1.523,-5.719,-21.45,-37.939,-6.076,0,0
0,69.436,0,2.584,-14.294,-105.469,15,5,10,0,1,2.014,-2.235,-19.598,40.824,256.489,-24.718,5.176,-2.716,-12.413,25.649,121.817,-1.176,3.346,6.289,-12.385,-12.214,-58.809,-4.504,9.848,-0.79,-8.9,-17.908,-34.595,-3.649,0,0
0,68.223,0,2.591,0.732,-121.296,15,5,10,0,1,1.387,-1.286,-20.544,28.366,256.183,-31.771,6.325,-2.529,-11.36,43.084,106.84,-1.038,-1.095,8.416,-14.681,-9.42,-56.412,-9.939,7.635,-0.776,-6.677,1.084,-54.947,1.466,0,0
0,66.854,0,2.584,-0.732,-136.952,15,5,10,0,1,3.032,-0.819,-20.092,22.076,264.901,-33.481,4.768,-3.161,-11.824,60.947,89.679,-1.756,3.166,5.916,-12.354,-9.71,-58.366,-8.702,9.748,0.565,-7.949,9.389,-47.908,1.145,0,0
0,65.294,0,2.543,-4.086,-155.972,15,5,10,0,1,4.297,-1.341,-20.782,14.046,270.611,-36.031,2.812,-1.696,-13.917,82.733,72.794,-4.275,2.924,6.452,-12.43,-3.649,-245.023,-19.908,11.422,2.632,-7.077,4.275,-48.076,1.649,0,0
0,63.58,0,2.331,-21.206,-171.398,15,5,10,0,1,4.63,-3.284,-21.349,8.412,270.351,-36.84,3.322,-2.668,-12.231,101.13,62.427,-9.664,4.632,4.574,-11.204,-1.237,-73.786,-0.092,5.801,-1.001,-12.837,7.969,-43.664,0.168,0,0
0,61.673,0,2.045,-28.542,-190.773,15,5,10,0,1,3.396,-3.478,-23.107,11.008,268.885,-33.832,2.467,-1.099,-13.11,113.115,49.878,-16,5.331,3.463,-9.321,4.916,-73.847,-1.45,6.675,-1.114,-9.642,13.573,-50.351,3.817,0,0
0,59.68,0,1.807,-23.838,-199.265,15,5,10,0,1,3.693,-2.036,-24.693,10.809,263.282,-29.802,2.412,-0.436,-12.452,116.351,38.885,-24.076,6.332,7.357,-7.774,36.504,-140.015,-6.321,8.838,0.005,-7.446,28.351,-59.328,6.26,0,0
0,57.527,0,1.624,-18.322,-215.332,15,5,10,0,1,-0.534,-0.034,-27.433,11.405,251.771,-24.962,4.191,1.291,-9.506,107.573,26.198,-34.244,5.755,3.787,-10.548,32.779,-70.489,-5.557,9.403,0.137,-9.022,30.565,-58.046,4.947,0,0
0,55.312,0,1.617,-0.675,-221.501,15,5,10,0,1,2.299,-4.107,-24.012,12.305,239.496,-20.885,4.84,3.427,-8.117,86.092,16.305,-37.618,2.251,5.76,-13.973,42.687,-67.16,-8.427,11.939,2.335,-6.479,29.359,-61.725,4.687,0,0
0,53.063,0,1.617,-0,-224.877,15,5,10,0,1,1.382,-3.058,-25.09,-2.214,222.443,-14.489,5.966,4.052,-5.861,66.076,7.038,-40.992,3.588,1.843,-23.078,197.603,-271.71,-38.534,9.748,1.677,-8.098,26.626,-67.328,3.817,0,0
0,50.84,0,1.617,-0,-222.302,15,5,10,0,0,3.652,-3.88,-25.198,-13.267,207.634,-5.618,4.644,3.736,-6.426,45.588,-6.305,-40.229,3.866,1.306,-21.364,425.13,-113.359,-249.16,10.363,-0.321,-7.468,31.893,-67.634,5.71,0,0
0,48.697,0,1.639,2.174,-214.245,15,5,10,0,0,0.508,-2.476,-28.091,-30.26,178.656,2.687,5.6,3.193,-4.692,24.626,-17.603,-39.008,4.852,5.117,-12.971,109.969,-263.405,-58.809,9.103,-0.163,-7.714,41.603,-74.168,9.13,0,0
0,46.746,0,1.687,4.784,-195.145,15,5,10,0,0,0.8,-4.345,-26.398,-42.687,150.198,10.641,4.505,3.425,-5.25,2.809,-29.893,-36.687,4.014,7.531,-11.3,108.473,-249.908,-157.802,16.322,9.398,1.08,24.031,-91.618,11.863,0,0
0,44.995,0,1.734,4.726,-175.049,15,5,10,0,0,0.798,-4.007,-25.605,-60.84,117.405,15.725,5.379,1.562,-2.539,-15.756,-40.595,-29.511,2.524,7.233,-14.128,55.679,-62.58,-16.626,11.326,-0.642,-12.368,30.824,-78.855,1.847,0,0
0,43.468,0,1.943,20.897,-152.767,15,5,10,0,0,2.213,0.903,-27.854,-83.863,80.962,10.321,11.534,2.68,0.412,-28.031,-44.214,-31.298,0.599,1.124,-16.842,377.389,220.321,-33.221,6.651,1.31,-11.908,42.092,-111.115,9.374,0,0
0,42.219,0,2.521,57.861,-124.844,15,5,10,0,0,-5.171,-14.308,-23.186,-63.298,82.122,-3.099,10.241,-5.449,-0.685,-71.954,-40.26,-34.29,7.022,7.793,-13.779,47.74,-76,0.336,10.756,3.77,-9.939,29.634,-109.847,9.893,0,0
0,41.314,0,3.261,73.94,-90.489,15,5,10,0,0,21.328,-5.377,-26.173,-95.939,13.176,12.779,-6.792,5.386,-10.169,-3.756,-65.359,5.206,7.312,9.166,-14.38,42.672,-41.634,-2.748,11.774,3.432,-8.977,10.565,-111.191,9.511,0,0
0,41.11,0,4.034,77.316,-20.485,15,5,10,1,0,-3.049,-0.865,-40.186,-113.725,-74.702,10.458,-0.115,3.238,-3.545,-16.397,-59.817,-2.931,7.274,7.683,-14.222,38,-72.046,-5.221,12.083,-0.41,-8.296,8.962,-110.824,12.29,1,0
0,41.501,0,4.876,84.217,39.196,5,5,10,1,0,-4.347,-4.694,-34.313,-89.588,-140.733,-0.397,8.38,1.236,-3.355,-28.901,-67.42,9.893,8.565,6.234,-10.952,34.275,-119.038,-5.191,10.691,-0.525,-7.822,20.031,-120.107,17.008,0,0
0.674,42.359,0,5.762,88.566,85.716,5,5,10,1,0,5.626,-7.599,-14.923,-51.344,-159.328,-11.557,9.755,-6.316,-6.519,-34.794,-72.931,31.496,6.807,9.107,-14.528,73.267,-48.122,3.511,14.224,-2.467,-8.986,28.718,-115.069,19.008,0,0
1.307,43.383,0,6.718,95.616,102.471,5,5,10,1,0,11.185,-11.954,-1.54,3.221,-127.008,-17.832,13.364,-6.421,-9.417,-15.817,-56.84,51.328,6.582,5.913,-11.079,36.763,-173.221,19.359,14.756,1.004,-7.003,30.779,-128.382,23.069,0,0
1.9,44.306,0,7.725,100.72,92.285,5,5,10,1,0,9.879,-12.059,-6.718,68.748,-88.29,-6.763,13.182,-8.517,-12.315,5.679,-27.527,70.366,9.501,5.959,-10.572,36.107,-3.695,17.206,13.412,0.218,-9.151,30.672,-130.565,23.328,0,0
2.454,44.889,0,8.802,107.632,58.273,5,5,10,1,0,9.089,-1.93,-12.011,95.695,-67.817,0.137,10.43,-8.778,-10.967,52.794,-25.099,91.008,8.579,7.238,-12.574,30.718,0.794,62.168,16.461,0.546,-6.445,19.908,-134.275,22.855,0,0
2.967,45.335,0,9.988,118.63,44.632,5,5,10,1,0,6.316,3.542,-20.662,68.214,-66.977,-5.206,5.022,-4.287,-8.893,100.046,-47.42,94.748,0.848,4.612,-19.122,63.45,48.855,38.901,21.97,-0.026,-4.383,10.26,-138.107,22.305,0,0
3.44,45.739,0,11.285,129.685,40.34,5,15,10,1,0,2.007,2.098,-28.259,39.679,-92.397,-12.885,4.131,0.462,-9.97,108.076,-76.611,90,1.514,9.548,-12.689,6.321,39.389,46.351,14.818,-0.685,-7.724,3.603,-150.397,21.13,0,0
3.873,45.911,0,12.882,159.691,17.212,5,15,10,1,0,10.746,-3.81,-24.139,43.42,-78.962,-2.87,7.724,0.067,-8.847,105.145,-94,52.611,10.428,9.222,-10.117,-16.183,71.725,15.176,15.038,2.716,-6.162,-5.542,-158.107,17.557,0,0
4.266,45.622,0,14.83,194.836,-28.919,5,15,10,1,0,7.381,2.395,-20.99,38.504,-74.458,2.198,15.479,3.473,-7.726,82.321,-93.802,27.16,9.489,5.7,-9.187,-31.053,105.893,27.45,12.526,3.844,-7.535,-21.206,-175.359,17.466,0,0
4.619,44.918,0,17.152,232.167,-70.336,5,15,10,1,0,11.659,-2.469,-13.776,33.634,-38.015,8.092,14.574,2.043,-10.1,41.298,-105.405,12.015,10.981,3.784,-7.798,-25.176,80.947,14.779,16.447,-0.879,-5.171,-46.443,-187.725,17.084,0,0
4.932,43.585,0,19.796,264.405,-133.301,5,15,10,1,0,9.846,2.776,-18.439,8.855,-13.176,19.74,15.067,2.062,-9.341,10.382,-127.038,11.817,1.691,13.738,-0.057,-275.42,-165.618,0,16.066,1.521,-3.7,-66.656,-189.893,17.71,0,0
5.204,41.769,0,22.652,285.657,-181.607,5,15,10,1,0,7.355,6.562,-21.225,-40.519,-4.779,26.107,15.268,4.639,-10.734,-13.71,-144.489,11.679,2.338,15.956,-6.299,-80.702,253.191,1.13,21.677,0.024,-3.516,-76.718,-174.855,11.328,0,0
5.437,39.626,0,25.695,304.253,-214.291,5,15,10,1,0,8.627,0.951,-19.579,-52.351,22.229,37.16,11.407,6.366,-10.943,-42.87,-157.344,8.061,9.662,6.634,-8.854,-50.122,151.756,14.718,19.819,0.06,-2.225,-82.58,-166.351,9.374,0,0
5.629,37.316,0,28.874,317.895,-231.034,5,15,10,1,0,7.207,1.439,-16.672,-102.153,31.099,38.092,12.691,1.329,-12.325,-76.565,-173.664,-0.244,10.241,8.124,-10.358,-70.305,175.435,6.076,17.62,1.236,-9.374,-68.656,-160.794,11.542,0,0
5.782,34.701,0,32.331,345.715,-261.498,5,15,10,1,0,7.532,2.457,-13.436,-128.168,41.221,44.412,12.325,0.793,-10.466,-85.42,-183.481,-7.206,8.672,8.44,-11.412,-93.985,-216.916,3.664,12.164,5.542,-15.01,-73.176,-174.824,16.137,0,0
5.894,31.947,0,36.099,376.855,-275.357,5,15,10,1,0,3.135,1.741,-14.569,-146.076,43.466,51.74,7.343,0.053,-9.302,-81.45,-191.481,-8.427,8.737,10.275,-11.716,-116.641,369.634,-37.679,8.229,3.894,-19.529,-94.153,-197.221,13.878,0,0
5.966,28.992,0,40.274,417.458,-295.544,5,15,10,1,0,5.168,-2.072,-14.325,-161.344,53.481,47.389,7.793,2.989,-9.3,-80.443,-185.878,-5.496,6.371,9.171,-14.531,-130.443,225.573,-63.389,14.147,6.524,-16.564,-113.908,-210.061,11.466,0,0
5.998,26.069,0,44.745,447.122,-292.283,5,15,10,1,0,6.15,-4.792,-13.599,-163.969,25.924,43.557,10.32,-1.535,-7.805,-86.718,-183.221,-10.26,4.007,6.881,-19.747,-132.397,233.359,-106.779,16.427,0.843,-16.916,-131.618,-202.397,9.466,0,0
5.99,23.371,0,49.433,468.728,-269.841,5,15,10,1,0,7.288,-3.569,-17.539,-133.939,28.366,38.031,10.957,1.226,-8.56,-96.58,-174.656,-3.771,5.624,5.839,-19.733,-129.527,247.298,-68.84,12.928,3.319,-15.759,-146.748,-194.672,15.267,0,0
5.942,21.059,0,54.099,466.611,-231.125,5,15,10,1,0,6.459,-5.106,-17.469,-89.221,22.183,36.763,12.725,1.619,-8.692,-106.214,-161.053,-0.626,6.759,0.97,-17.908,-128.122,258.198,-101.008,9.659,3.149,-15.453,-145.466,-187.008,9.069,0,0
5.854,19.148,0,58.767,466.874,-191.174,5,15,10,1,0,2.749,-7.523,-15.081,-62.061,13.099,35.725,11.439,-3.298,-10.083,-112.534,-148.809,9.679,1.738,-8.168,29.229,-389.74,112.458,-324.885,10.854,7.362,-16.6,-143.603,-170.321,4.718,0,0
5.726,17.42,0,63.224,445.691,-172.783,5,15,10,1,0,6.735,-4.673,-15.833,-34.168,21.725,32.992,10.308,-5.549,-9.707,-108.397,-146.015,22.519,8.047,3.11,-28.18,448.519,62.382,-254.046,12.112,1.315,-18.109,-139.13,-141.924,-4.687,0,0
5.557,15.863,0,67.352,412.778,-155.663,5,15,10,1,0,7.056,-6.728,-13.513,-40.336,17.511,26.183,10.004,-5.626,-10.713,-96.916,-148.718,32.458,5.331,4.534,-18.624,-47.817,485.847,-142.015,17.589,-2.51,-11.726,-108.046,-106.244,-3.466,0,0
5.349,14.344,0,70.735,338.288,-151.966,5,15,10,1,0,7.29,-6.56,-13.556,-31.313,18.519,26.55,10.653,-6.354,-8.945,-86.931,-153.405,34.137,6.15,5.232,-23.021,-59.786,-124.84,-406.962,10.734,-6.256,-9.065,-80.641,-57.053,-2.55,0,0
5.1,12.772,0,73.317,258.179,-157.139,5,15,10,1,0,7.671,-3.327,-13.261,-48.687,18.031,20.55,9.52,-4.833,-8.862,-80.351,-154.061,34.656,6.074,4.424,-14.399,-21.16,404.992,-109.496,11.863,-8.778,-9.604,-19.908,-0.214,4.107,0,0
4.811,11.252,0,75.155,183.873,-152.001,5,15,10,1,0,7.58,-7.523,-14.133,-40.885,27.313,18.611,6.826,-3.461,-8.747,-72.397,-153.023,27.496,5.219,3.406,-14.852,-18.198,446.336,-26.992,10.837,-6.646,-9.695,31.847,45.435,12.977,0,0
4.483,9.729,0,76.386,123.024,-152.321,5,15,10,1,0,4.076,-3.846,-13.192,-48.107,15.603,16.29,9.324,-2.51,-6.907,-74.519,-144.275,20.977,4.586,3.851,-13.525,-22.779,356.397,28.916,6.991,-5.686,-12.797,77.985,82.641,16.382,0,0
4.114,8.377,0,77.217,83.176,-135.155,5,15,10,1,0,8.397,-8.248,-11.134,-39.878,17.817,11.313,8.84,-2.795,-8.093,-74.763,-134.916,16.122,3.226,1.753,-15.393,-21.802,367.511,53.954,7.362,-1.547,-13.666,90.824,113.756,14.962,0,0
3.705,7.045,0,77.748,53.101,-133.267,5,15,10,1,0,5.71,-4.299,-12.641,-25.466,14.733,10.916,10.694,-1.7,-7.695,-68.504,-126.656,11.466,2.352,1.534,-19.165,-62.29,-303.863,85.985,7.774,-0.153,-14.816,96.916,133.527,13.053,0,0
3.256,5.902,0,78.111,36.221,-114.292,5,15,10,1,0,6.531,-5.671,-11.139,-23.328,6.885,8.061,11.307,-1.969,-7.408,-66.931,-116.809,6.824,2.687,3.454,-13.386,0.916,340.458,147.725,3.322,5.063,-12.605,75.42,147.634,9.496,0,0
2.767,4.902,0,78.155,4.44,-99.941,5,15,10,1,0,7.549,-6.182,-11.613,-4.748,8,8.382,9.4,-2.407,-9.791,-57.313,-109.634,6.687,1.691,6.746,-20.032,24.366,-341.863,131.847,5.08,0.402,-15.014,52.015,171.511,7.557,0,0
2.237,3.972,0,78.1,-5.482,-92.995,5,15,10,1,0,5.386,-1.746,-14.308,1.008,1.191,9.328,11.666,-1.243,-9.427,-46.702,-105.542,3.053,-0.735,1.88,-16.174,26.656,320.122,23.45,-3.228,-4.347,-19.263,61.786,174.55,12.58,0,0
1.668,3.291,0,78.056,-4.395,-68.15,5,15,10,1,0,6.687,-4.033,-13.012,7.573,-4.641,6.137,10.346,-1.88,-9.343,-39.191,-96.336,2.87,1.609,4.14,-17.575,57.557,316.58,30.229,3.995,2.05,-13.786,34.29,188.183,22.748,0,0
1.059,2.83,0,77.821,-23.518,-46.12,5,15,10,1,0,2.414,-5.609,-11.681,9.282,-9.359,7.45,13.862,-1.159,-8.078,-32.84,-83.374,1.725,-1.02,6.3,-23.543,46.84,298.26,29.374,4.991,-1.233,-15.292,4.443,217.481,20.26,0,0
0.409,2.675,0,77.243,-57.804,-15.438,5,15,10,1,0,5.453,-4.943,-11.752,24.931,-30.885,1.389,13.905,-0.987,-8.224,-28.595,-69.435,4.855,0.196,6.477,-22.767,19.908,-426.763,-0.305,9.59,1.48,-12.686,-13.588,234.748,27.527,0,0
0,2.746,0,76.279,-96.359,7.038,5,15,10,1,0,7.116,-6.103,-11.235,48.458,-30.885,3.084,9.69,-3.291,-10.152,-14.901,-62.046,4.076,0.187,5.911,-15.333,-1.679,133.344,0.992,6.27,-3.863,-16.212,-6.748,252.748,37.786,0,0
0,2.738,0,75.079,-120.095,-0.813,5,15,10,1,0,6.143,-0.139,-14.032,47.45,-32.656,5.344,7.355,-3.815,-10.718,6.26,-71.221,2.962,-0.347,6.919,-15.702,-17.557,246.473,4.336,7.825,-1.83,-16.015,-10.321,269.985,48.794,0,0
0,2.686,0,73.57,-150.868,-5.127,5,15,10,1,0,5.734,-3.341,-12.03,39.023,-39.023,2.672,7.346,-3.018,-9.973,29.969,-79.023,-1.145,-2.167,5.36,-17.599,-33.527,224.153,3.115,8.395,0.441,-15.541,-18.977,284.809,54.305,0,0
0,2.35,0,71.805,-176.503,-33.657,5,15,10,1,0,5.346,-1.471,-15.057,37.649,-26.534,6.55,4.644,-4.167,-12.018,41.847,-92.153,-3.725,-1.078,6.032,-20.085,-90.595,195.664,153.527,8.67,1.281,-15.728,-19.328,290.992,58.931,0,0
0,1.584,0,69.787,-201.794,-76.561,5,15,10,1,0,10.768,-2.874,-13.333,32.366,-17.618,5.282,5.774,-2.163,-12.995,55.069,-114.916,-6.305,-1.993,3.558,-34.795,-460.214,-255.771,-5.863,8.962,1.751,-15.46,-33.45,305.176,62.275,0,0
0,0.5,0,67.553,-223.412,-108.41,5,15,10,1,0,8.014,-1.655,-13.546,16.198,-11.237,5.618,6.311,-0.551,-11.918,54.885,-132,-5.603,-0.527,6.185,-19.567,-126.168,160.244,0.977,6.165,0.946,-17.036,-24.275,302.702,65.603,0,0
0,-0.811,0,65.107,-244.595,-131.092,5,15,10,1,0,7.499,-0.206,-14.986,-6.229,-6.977,6.901,8.385,2.019,-11.173,38.931,-144.198,-4.809,-2.103,8.741,-32.793,418.565,-486.855,-18.321,4.979,-0.992,-18.887,-34.702,316.214,66.489,0,0
0,-2.231,0,62.525,-258.202,-142.021,5,15,10,1,0,7.971,-3.88,-12.054,-16.229,-4.733,7.389,9.942,3.346,-11.774,12.534,-142.824,-2.366,-5.523,5.171,-18.051,-82.168,50.779,-4,9.214,0.848,-17.359,-29.481,318.779,64.366,0,0
0,-3.758,0,59.841,-268.387,-152.71,5,15,10,1,0,7.968,-3.056,-12.631,-26.977,0.489,9.435,10.49,3.015,-12.629,-11.969,-141.038,3.527,-2.879,2.91,-15.036,-90.137,43.756,-2.29,10.55,2.333,-15.721,-15.466,313.084,62.198,0,0
0,-5.246,0,57.105,-273.56,-148.762,5,15,10,0,0,6.543,-1.751,-11.704,-45.756,-1.878,8.489,12.876,2.757,-10.232,-33.099,-133.023,6.992,-1.178,7.962,-14.581,-194.137,129.099,63.267,9.824,2.623,-16.576,0.382,303.13,55.863,0,0
0,-6.673,0,54.315,-279.076,-142.765,5,15,10,0,0,6.383,-3.382,-11.546,-54.183,-0.229,9.847,12.744,1.641,-11.158,-55.542,-123.328,8.076,-1.892,3.688,-12.143,-89.649,61.832,31.145,8.955,1.71,-18.324,11.023,300.015,48.046,0,0
0,-7.897,0,51.505,-280.93,-122.338,5,15,10,0,0,6.629,-4.579,-10.181,-60.321,-7.511,6.916,13.156,0.388,-9.824,-71.603,-109.298,11.832,-2.323,1.36,-10.442,-72.458,54.351,36.763,7.336,-0.675,-22.02,17.542,285.878,42.504,0,0
0,-8.915,0,48.726,-277.897,-101.784,5,15,10,0,0,5.355,-5.281,-10.188,-63.313,-18.046,3.435,14.765,0.077,-8.181,-80.992,-93.634,19.252,-2.045,0.132,-9.072,-52.794,42.931,73.557,5.925,1.063,-23.402,28.84,268.656,37.176,0,0
0,-9.691,0,46.137,-258.912,-77.637,5,15,10,0,0,5.808,-6.766,-9.805,-61.389,-30.55,-0.504,13.247,-1.748,-6.155,-75.649,-87.221,22.366,-2.876,-0.474,-6.471,0.244,32.214,82.84,7.978,1.758,-22.746,35.618,239.328,31.679,0,0
0,-10.273,0,43.734,-240.292,-58.205,5,15,10,0,0,5.71,-6.402,-10.215,-60.733,-31.16,-0.412,16.691,-4.694,-5.324,-69.71,-81.344,23.145,-3.109,-0.165,-5.037,51.481,5.664,19.725,5.858,2.299,-22.908,41.817,207.603,23.038,0,0
0,-10.585,0,41.537,-219.681,-31.162,5,15,10,0,0,5.487,-7.848,-9.336,-53.527,-46.534,-4.962,15.184,-5.075,-5.609,-60.031,-72.321,25.084,-3.279,1.174,-4.965,71.924,-24.916,148.275,4.876,5.113,-19.759,48.687,165.954,12.427,0,0
0,-10.603,0,39.6,-193.772,-1.808,5,15,10,0,0,4.776,-7.389,-10.454,-33.664,-79.573,-16.229,16.729,-4.313,-4.838,-51.038,-58.824,21.847,-1.758,2.625,-5.401,94.29,-22.458,0.305,4.357,1.66,-23.174,71.069,125.817,2.931,0,0
0,-10.537,0,38.084,-151.577,6.592,5,15,10,0,0,11.218,-6.689,-8.818,-10.824,-68.244,-15.008,8.948,-5.743,-9.561,-39.863,-68.153,13.573,-3.073,4.297,-5.657,181.42,-73.496,27.603,5.547,2.179,-22.959,93.176,86.779,-3.038,0,0
0,-10.401,0,36.97,-111.363,13.561,5,15,10,0,0,5.813,-2.414,-14.329,-13.771,-86.931,-18.458,14.974,-2.658,-9.53,-33.42,-63.664,3.069,2.479,6.974,-4.701,63.008,-71.664,17.771,11.168,2.802,-20.631,110.748,54.687,1.939,0,0
0,-9.819,0,36.22,-75.073,58.193,5,15,10,0,0,8.239,-7.257,-8.799,-16.351,-104.565,-29.053,17.072,-1.842,-10.49,-33.969,-37.496,3.649,3.885,6.366,-4.177,63.466,-73.374,30.351,6.095,5.257,-25.768,110.87,9.603,-0.611,0,0
0,-8.926,0,35.953,-26.676,89.367,5,15,10,0,0,10.454,-5.992,-11.18,-1.588,-109.588,-32.672,15.448,-1.018,-12.389,-36.641,-22.412,8.443,4.531,6.282,-4.366,48.382,-139.969,34.687,2.436,6.019,-31.526,90.672,-46.122,-0.534,0,0
0,-7.827,0,36.205,25.234,109.841,5,15,10,0,0,9.745,-4.644,-11.628,6.763,-114.748,-33.374,13.132,-1.272,-11.336,-37.389,-18.061,10.748,-0.182,2.156,-7.492,62.305,-180.168,-13.191,-0.776,7.963,-33.31,37.618,-96.824,-0.794,0,0
0,-6.648,0,36.905,69.981,117.909,5,15,10,0,0,10.2,-2.532,-12.363,-3.206,-117.359,-33.328,12.885,-1.174,-11.731,-35.756,-13.786,6.534,-2.021,5.491,-11.97,1.756,-116.473,-115.664,8.246,7.444,-18.542,-25.511,-142.015,-1.863,0,0
0,-5.458,0,37.835,92.983,119.042,5,15,10,0,0,11.918,-2.908,-11.293,-13.237,-119.924,-36.412,14.226,0.146,-11.029,-38.809,-7.679,1.832,-0.613,25.417,-17.761,-62.855,-138.061,-97.557,12.538,7.918,-0.572,-70.611,-138.779,-0.168,0,0
0,-4.286,0,38.747,91.187,117.222,5,15,10,0,1,12.454,-1.813,-11.841,-16.26,-115.878,-37.557,11.752,-0.326,-12.009,-43.191,-11.45,-2.458,4.39,4.149,-25.248,-137.725,-300.779,-227.359,12.466,-4.11,2.874,-95.267,-94.107,2.947,0,1
0,-3.184,0,39.212,46.555,110.161,5,5,10,0,1,12.976,-1.648,-11.031,-21.588,-115.16,-41.008,12.083,0.326,-11.594,-43.588,-12.137,-5.573,8.083,9.029,-14.26,-109.924,-56.412,-75.45,16.71,-1.542,4.21,-107.221,-46.076,3.206,0,0
0,-2.169,0.67,39.464,25.2,101.509,15,5,10,0,1,11.436,1.063,-11.355,-30.87,-115.389,-41.359,13.587,0.52,-11.573,-44.275,-10.275,-13.008,6.811,6.241,-5.01,-301.45,-70.672,-157.13,5.913,-0.103,-5.228,-67.908,-82.824,-9.313,0,0
0,-1.202,1.3,39.937,47.31,96.657,15,5,10,0,1,13.465,-3.391,-8.739,-35.511,-112.214,-45.618,15.46,1.389,-10.035,-43.71,-7.74,-13.527,2.884,-1.969,-4.445,-167.954,-148.962,-297.466,8.89,-1.645,-21.237,-29.908,-119.481,-18.992,0,0
0,-0.129,1.891,41.028,109.085,107.3,15,5,10,0,1,12.813,1.164,-11.24,-48.321,-113.985,-43.298,16.396,0.673,-9.427,-41.313,2.748,-19.908,0.036,-1.243,-3.928,-128.443,-87.832,-276.214,5.535,0.022,-23.349,-22.198,-156.565,-22.992,0,0
0,1.131,2.442,42.438,141.026,125.988,15,5,10,0,1,8.557,-4.333,-8.172,-50.84,-120.947,-45.13,17.948,1.691,-7.044,-48.916,21.527,-18.672,-0.431,0.548,-7.688,-61.16,-60.305,-75.176,8.914,10.349,-15.326,-69.817,-146.153,-24.214,0,0
0,2.658,2.953,43.577,113.88,152.699,15,5,10,0,1,11.645,-4.948,-6.867,-35.282,-120.611,-44.336,13.661,-0.352,-7.389,-48.977,35.786,-15.145,3.152,4.586,-12.761,7.893,-311.588,9.771,12.799,1.238,-13.206,-97.71,-101.145,-21.786,0,0
0,4.287,3.424,43.961,38.418,162.964,15,5,10,0,1,8.409,-5.298,-6.946,-23.74,-127.527,-46.275,13.973,-1.825,-6.076,-41.832,47.893,-13.954,2.855,6.473,-28.63,76.504,-182.916,-239.267,17.975,-6.249,-11.942,-89.664,-39.344,-14.534,0,0
0,6.1,3.857,43.544,-41.725,181.252,15,5,10,0,1,10.059,-5.626,-6.84,-13.298,-126.809,-44.962,12.071,-1.499,-6.67,-26.061,60.489,-14.962,6.771,5.489,-11.817,12.611,-116.473,-84.031,12.952,-7.499,-12.6,-18.489,-49.344,-12.779,0,0
0,8.151,4.249,42.621,-92.285,205.124,15,5,10,0,0,7.317,-2.338,-9.582,-16.168,-143.496,-46.427,14.305,-0.51,-4.965,-23.282,83.466,-19.771,3.07,2.763,-34.814,64.076,224.229,-490.992,13.498,-2.112,-13.103,37.588,-27.832,-20.198,0,0
0,10.545,4.602,41.072,-154.919,239.445,15,5,10,0,1,11.403,-3.319,-6.871,-17.16,-144.641,-40.046,15.673,-1.803,-5.71,-10.55,104.931,-26.244,0.29,5.796,-19.306,10.153,303.069,-14.412,12.203,-4.929,-19.146,61.267,18.992,-22,0,0
0,13.205,4.915,38.857,-221.547,265.904,15,5,10,0,0,11.657,-8.704,-7.801,-24.015,-161.603,-38.534,18.739,-1.13,-4.998,-3.542,138.977,-23.939,2.431,5.688,-15.285,32.275,-187.588,9.496,13.853,-1.588,-13.285,71.832,32.519,-11.527,0,0
0,16.442,5.188,35.975,-288.163,323.754,15,5,10,0,0,9.57,-11.616,-14.947,-22.534,-174.626,-36.672,18.77,-3.581,-6.522,5.908,174.962,-22.992,1.389,5.691,-17.824,56.992,185.71,127.267,15.592,-2.165,-12.737,83.405,63.496,-3.557,0,0
0,20.192,5.422,32.521,-345.395,375.001,15,5,10,0,1,7.051,-8.392,-20.997,20.29,-200.595,-36.137,18.279,-4.654,-7.14,10.656,200.076,-10.198,-4.359,4.648,-25.464,124.443,131.664,134.107,7.956,-12.126,-16.253,103.786,74,0.595,0,0
0,24.597,5.616,28.837,-368.386,440.53,15,5,10,0,1,11.8,-12.085,-16.291,57.634,-222.916,-43.969,18.454,-4.836,-8.672,35.405,227.16,8.244,-1.54,7.124,-16.918,163.267,270.412,383.023,6.797,-3.363,-4.924,132.794,33.069,-16.489,0,0
0,29.416,5.771,25.087,-375.001,481.889,15,5,10,0,1,11.606,-9.01,-16.186,83.832,-227.603,-47.328,11.475,-6.498,-12.552,59.13,234.473,32.214,-2.23,1.841,-22.322,67.802,92.931,-459.237,6.555,0.742,-14.334,135.618,28.58,-11.389,0,0
0,34.621,5.886,21.67,-341.721,520.432,15,5,10,0,1,7.393,-4.131,-22.954,102.214,-243.618,-46.489,9.98,-6.287,-13.896,76.702,238.58,48.122,8.014,1.774,-14.145,69.664,176.305,81.16,6.505,-0.582,-14.741,139.481,19.496,-7.282,0,0
0,40.019,5.961,19.085,-258.534,539.796,15,5,10,0,1,11.041,-8.15,-20.176,124.824,-251.542,-54.366,13.594,0.354,-11.57,102.061,251.206,70.977,9.879,1.133,-11.249,39.74,-175.924,14.962,4.958,6.385,-14.636,111.084,4.321,-7.069,0,0
0,45.559,5.997,17.32,-176.468,554.078,15,5,10,0,1,-10.337,-5.094,-30.359,142.031,-263.969,-40.687,16.775,-2.467,-12.274,85.008,274.061,110.962,7.041,5.137,-13.288,55.481,-144.824,-1.649,11.745,11.101,-9.204,39.832,-0.107,-14.336,0,0
0,50.993,5.993,15.987,-133.278,543.389,15,5,10,0,1,10.948,-17.656,-20.142,217.13,-237.298,-44.031,18.566,0.848,-11.319,83.786,253.863,120.931,5.928,7.161,-13.412,50.611,-262.305,-25.221,11.058,6.1,-9.003,-15.191,0.198,-20.366,0,0
0,56.186,5.949,14.76,-122.761,519.288,15,5,10,0,0,0.086,-10.356,-16.454,238.901,-222.809,-27.802,35.719,-1.724,-9.695,83.084,271.115,107.389,2.409,9.178,-14.852,38.076,-130.305,-17.557,10.689,0.96,-8.145,-28.534,5.13,-20.794,0,0
0,60.369,5.866,13.456,-130.36,418.248,15,5,10,0,1,10.196,4.503,-16.636,223.664,-144.137,-31.206,26.281,-3.6,-13.886,63.176,265.313,132.504,1.902,7.538,-47.249,193.191,-115.313,-261.618,8.639,-3.645,-10.818,-4.87,8.901,-17.985,0,0
0,63.95,5.743,12.167,-128.918,358.132,15,5,10,0,1,5.961,7.643,-16.775,168.427,-92.763,-31.802,21.337,-0.362,-10.32,74.427,246.061,109.725,0.932,5.628,-12.919,2.366,-266.214,-33.618,11.587,1.169,-7.159,15.893,7.466,-13.084,0,0
0,66.913,5.581,10.779,-138.737,296.288,15,5,10,0,1,8.438,8.521,-16.878,112.962,-50.489,-27.435,15.436,0.266,-10.397,68.901,225.405,88.153,3.114,8.587,-18.901,227.634,-70.489,-240.366,10.239,-0.086,-8.598,29.389,8.29,-12.809,0,0
0,69.296,5.379,9.381,-139.893,238.369,15,5,10,0,1,6.297,5.176,-16.178,70.336,-11.908,-15.939,11.999,-1.377,-9.357,75.618,202.183,57.038,6.435,2.424,-10.691,40.412,-248.046,-16.366,8.119,-1.892,-9.115,63.756,2.779,-5.817,0,0
0,71.117,5.137,8.139,-124.18,182.076,15,5,10,0,1,6.011,3.966,-15.948,65.969,-11.313,-15.435,12.406,-1.607,-9.616,77.084,190.229,30.687,2.989,5.068,-13.546,57.359,-242.122,-14.412,10.366,1.732,-8.174,67.023,11.588,-3.13,0,0
0,72.578,4.855,6.978,-116.043,146.073,15,5,10,0,1,6.253,2.136,-17.333,3.847,44.321,1.42,12.777,-0.582,-11.132,77.008,183.618,3.802,3.837,6.39,-13.35,69.649,-110.458,-9.008,10.955,2.134,-7.645,64.214,11.847,0.489,0,0
0,73.787,4.534,5.982,-99.621,120.861,15,5,10,0,1,4.261,0.472,-18.372,-22.153,66.824,3.679,13.448,0.163,-11.235,67.695,189.435,-13.771,5.441,4.761,-12.765,73.786,-402.702,-99.42,10.1,3.346,-8.356,57.221,12.366,1.756,0,0
0,74.801,4.174,5.103,-87.902,101.475,15,5,10,0,1,3.684,-0.625,-17.742,-40.855,87.557,5.053,12.959,1.147,-11.906,61.42,194.611,-25.878,3.583,0.492,-21.9,295.679,253.42,-141.679,8.246,3.88,-9.848,35.954,2.947,-0.519,0,0
0,75.61,3.773,4.415,-68.813,80.876,15,5,10,0,1,3.02,-0.187,-17.817,-52.366,110.168,8.779,11.503,-0.259,-11.376,52.748,196.061,-32.84,3.07,8.114,-11.491,77.557,-83.115,-8.183,7.82,2.752,-7.951,28.779,-10.214,0,0,0
0,76.233,3.333,3.906,-50.903,62.279,15,5,10,0,1,2.352,-0.316,-17.682,-58.84,128.977,11.695,9.317,1.825,-11.92,47.221,191.252,-34.305,4.167,5.782,-13.412,72.076,-318.366,-22.412,11.403,1.964,-8.033,19.206,-3.74,-0.534,0,0
0,76.654,2.854,3.481,-42.492,42.137,15,5,10,0,1,2.172,-0.34,-17.941,-60.122,147.374,12.519,7.59,0.833,-11.781,42.672,183.435,-31.466,5.937,5.826,-12.449,123.374,-296.305,5.863,7.566,0.156,-9.113,23.664,-8.534,-3.618,0,0
0,76.885,2.335,3.276,-20.485,23.06,15,5,10,0,1,2.084,-0.666,-18.504,-55.206,160.992,11.969,8.232,0.35,-11.831,37.481,174.901,-34.733,8.421,5.087,-9.3,55.45,-53.374,4.412,8.658,3.188,-6.213,29.115,-26.412,-1.786,0,0
0,77.053,1.776,3.312,3.605,16.834,15,5,10,0,1,3.094,0.182,-18.305,-45.115,177.847,10.061,7.86,1.487,-12.016,24.687,169.802,-33.45,4.016,8.005,-16.195,224.107,-398.534,16.366,9.968,2.872,-7.106,14.702,-22.137,-3.985,0,0
0,76.958,1.177,3.349,3.719,-9.544,15,5,10,0,1,-0.515,6.273,-22.643,-33.374,200.275,6.824,8.155,0.589,-12.126,15.496,165.969,-41.191,2.821,15.068,-33.07,323.649,-387.908,16.611,9.635,1.54,-8.157,7.267,-24.87,-4.229,0,0
0,76.739,0.539,3.407,5.802,-21.915,15,5,10,0,1,5.463,-6.95,-15.352,-1.13,214.183,-0.031,7.317,-0.34,-13.599,10.214,163.863,-24.611,3.657,7.992,-12.488,25.359,-187.237,11.42,8.038,2.213,-9.008,7.221,-35.649,-2.626,0,0
0,76.2,0,3.62,21.229,-53.879,15,5,10,0,1,2.845,-4.646,-19.11,19.695,230.076,-2.87,8.641,-1.377,-12.354,23.282,161.832,-21.344,2.685,9.677,-16.396,38.885,-167.954,-93.313,12.052,4.79,-5.542,-0.412,-43.634,-1.679,0,0
0,75.365,0,3.65,2.987,-83.519,15,5,10,0,1,1.7,-2.697,-20.806,41.374,242.489,-11.344,7.19,-3.212,-11.726,30.977,147.313,-9.115,2.685,9.705,-13.103,6.55,-179.679,-115.298,10.473,3.449,-8.656,-18.931,-31.634,-2.855,0,0
0,74.288,0,3.554,-9.567,-107.666,15,5,10,0,1,1.514,-1.051,-21.016,53.221,252.626,-18.84,5.626,-2.5,-12.797,42.046,132.595,-1.573,2.124,7.844,-12.389,-8.962,-56.382,-6.473,9.707,0,-7.736,-3.893,-43.695,-1.939,0,0
0,73.046,0,3.579,2.563,-124.146,15,5,10,0,1,2.541,-2.96,-18.561,51.847,256.458,-26.977,5.276,-1.993,-11.324,55.42,114.611,4,3.566,5.391,-12.512,-13.313,-56.122,-5.832,8.787,1.121,-6.352,6.458,-48.748,1.588,0,0
0,71.662,0,3.543,-3.628,-138.405,15,5,10,0,1,2.405,-1.626,-19.299,40.168,263.176,-29.588,4.404,-1.751,-10.996,64.611,100.901,0.794,3.554,6.313,-12.538,-7.664,-57.328,-6.168,10.09,1.93,-7.346,10.809,-51.374,4.031,0,0
0,70.125,0,3.543,-0,-153.752,15,5,10,0,1,2.709,-1.051,-19.618,25.359,266.351,-32.397,5.362,-1.933,-10.926,74.275,85.878,-1.695,3.652,6.305,-16.425,0.107,-114.519,-3.359,10.21,2.486,-8.452,4.229,-49.863,5.282,0,0
0,68.44,0,3.539,-0.401,-168.492,15,5,10,0,1,1.712,2.088,-22.216,7.313,269.13,-33.863,5.487,-1.674,-10.342,88.809,72.763,-8.534,2.908,6.098,-13.503,4.183,-55.802,-0.809,9.865,2.292,-9.405,-2.443,-51.893,4.214,0,0
0,66.656,0,3.539,-0,-178.368,15,5,10,0,1,1.959,-1.224,-21.495,-3.115,266.427,-32.519,5.312,-1.389,-11.355,93.557,60.214,-11.817,2.438,5.844,-13.719,6.55,-114.198,1.008,9.551,1.061,-9.844,-2.947,-53.802,3.817,0,0
0,64.767,0,3.539,-0,-188.942,15,5,10,0,1,4.45,-0.692,-23.811,-7.389,268.824,-30.931,4.852,0.472,-11.405,99.985,49.344,-18.702,2.191,5.38,-18.13,16.626,-237.924,4.58,9.353,0.026,-9.647,2.916,-56.595,4.092,0,0
0,62.724,0,3.539,-0,-204.335,15,5,10,0,1,2.393,-2.855,-22.949,-2.794,263.069,-28.137,5.152,0.287,-10.184,97.282,40.397,-27.863,2.208,10.07,-17.757,15.985,-248.55,2.382,9.125,-0.127,-9.673,11.756,-60.107,5.267,0,0
0,60.618,0,3.539,-0,-210.572,15,5,10,0,1,-1.514,-2.84,-23.804,0.031,251.267,-25.725,7.058,2.151,-7.094,87.145,31.252,-34.412,2.627,4.895,-13.388,8.107,-257.237,-3.908,9.365,0.134,-8.692,20,-61.771,7.099,0,0
0,58.424,0,3.539,-0,-219.361,15,5,10,0,1,3.039,-4.905,-22.362,7.542,247.237,-21.221,4.998,3.181,-7.827,64.214,19.45,-36.244,3.2,5.098,-15.908,55.863,-130.427,-6.046,9.774,0.764,-8.102,25.267,-62.901,8.992,0,0
0,56.223,0,3.539,-0,-220.093,15,5,10,0,1,3.056,-4.155,-23.327,3.786,233.924,-15.557,3.822,2.965,-7.88,39.313,8.702,-35.176,3.779,5.231,-12.492,34.947,-40.809,-19.42,9.997,0.479,-8.076,30.626,-64.366,9.863,0,0
0,54.029,0,3.543,0.401,-219.418,15,5,10,0,1,1.051,-2.742,-25.423,-0.321,219.053,-10.458,3.648,2.259,-7.42,25.771,-4.809,-37.221,3.631,5.341,-12.313,40.962,-64.504,-7.176,10.138,0.735,-7.377,36.672,-67.542,11.511,0,0
0,51.935,0,3.561,1.774,-209.45,15,5,10,0,1,1.317,-3.08,-25.385,-14.519,193.435,-6.107,3.255,1.533,-6.644,16.626,-15.786,-32.229,3.846,5.238,-11.527,44.473,-252.412,-34.809,9.726,0.295,-7.219,42.656,-70.26,13.099,0,0
0,49.939,0,3.576,1.522,-199.608,15,5,10,0,0,0.637,-3.547,-25.938,-28.076,163.42,-0.947,3.992,0.338,-4.457,10.58,-28.443,-28.565,3.652,8.284,-7.204,47.405,-118.977,-48.916,9.044,6.265,-0.323,44.275,-89.634,16.214,0,0
0,48.171,0,3.638,6.203,-176.8,15,5,10,0,0,-0.06,-3.787,-26.063,-47.267,129.206,4.702,2.869,2.503,-5.176,7.115,-39.954,-26.611,5.693,6.378,-9.075,48.031,-54.183,-9.679,12.387,2.613,-7.094,44.855,-78.779,15.084,0,0
0,46.577,0,3.869,23.071,-159.325,15,5,10,0,0,-0.81,-4.555,-26.125,-59.389,94.321,10.687,2.91,2.685,-4.668,-1.634,-50.397,-25.511,6.605,3.767,-9.048,56.687,-41.481,-9.725,9.542,0.079,-9.875,54.122,-110.687,13.008,0,0
0,45.222,0,4.444,57.53,-135.521,15,5,10,0,0,-1.344,-5.494,-26.544,-67.267,57.924,14.626,5.068,1.145,-3.475,-10.046,-60.992,-25.267,6.984,6.337,-11.41,60.061,-33.527,3.176,9.757,1.688,-10.057,49.252,-113.74,13.145,0,0
0,44.127,0,5.337,89.298,-109.509,15,5,10,0,0,-1.126,-2.364,-26.381,-65.221,37.298,4.412,10.311,2.321,-1.114,-25.71,-57.771,-27.496,3.676,7.87,-14.531,61.466,-21.725,3.328,11.338,5.247,-9.197,24.718,-117.588,14.137,0,0
0,43.347,0,6.374,103.684,-77.969,15,5,10,0,0,5.988,-5.47,-29.638,-79.588,-3.527,2.046,6.086,-1.344,-3.892,-0.687,-59.344,-16.626,7.199,8.421,-12.327,56.992,-15.511,4.733,8.478,2.946,-11.283,9.908,-135.191,14.962,0,0
0,43.08,0,7.509,113.48,-26.711,15,5,10,1,0,-3.128,-7.944,-37.654,-81.115,-79.542,0.29,5.085,0.814,-2.8,-3.603,-63.221,1.313,6.831,8.265,-13.688,46.84,-19.405,4.809,12.684,-0.086,-10.066,2.672,-129.053,15.435,1,0
0,43.274,0,8.659,114.979,19.352,5,5,10,1,0,-1.25,-4.73,-34.505,-53.908,-136.168,-1.71,8.768,-1.806,-1.653,0.885,-76.763,11.756,4.158,13.351,-20.755,71.985,-59.42,1.954,16.744,-2.29,-8.337,4.672,-120.611,18.55,0,0
0.67,43.856,0,9.717,105.869,58.239,5,5,10,1,0,6.536,-4.469,-14.519,-37.405,-157.679,-7.16,11.441,-2.917,-4.982,6.153,-86.046,32,6.55,6.491,-12.212,23.679,-24.534,8.061,12.844,-2.124,-10.354,8.687,-132.244,23.038,0,0
1.3,44.639,0,10.655,93.785,78.335,5,5,10,1,0,15.781,-11.008,2.314,-5.542,-124.229,-10.427,14.514,-4.943,-5.827,21.038,-68.382,55.176,7.908,4.644,-12.576,24.153,-28.153,13.481,15.026,-2.069,-11.321,18.397,-124.489,27.206,0,0
1.891,45.372,0,11.574,91.908,73.242,5,5,10,1,0,9.693,-10.967,-5.415,43.008,-90.336,-0.198,13.335,-6.89,-9.901,28.763,-39.145,73.16,8.505,5.889,-12.492,16.901,-76.58,86.351,17.63,0.728,-7.338,21.71,-132.061,31.344,0,0
2.442,45.885,0,12.544,97.023,51.35,5,15,10,1,0,5.532,-2.831,-10.866,78.092,-73.603,8.748,8.811,-5.47,-10.136,60.687,-35.252,92.687,11.985,5.883,-12.67,46.885,-8.427,48.794,15.608,0.575,-7.753,25.725,-140.336,29.847,0,0
2.953,46.126,0,13.757,121.228,24.113,5,15,10,1,0,3.061,1.542,-18.842,65.405,-72.947,-1.573,7.259,-3.595,-8.244,76.931,-52.321,104.702,12.445,4.747,-12.512,17.038,11.13,23.023,15.309,-1.322,-9.424,14.336,-149.511,30.061,0,0
3.424,46.149,0,15.317,155.995,2.232,5,15,10,1,0,3.058,3.949,-29.686,40.611,-74.748,-8.198,7.307,0.807,-7.916,95.115,-91.42,85.817,13.347,7.686,-8.488,-3.237,69.588,31.786,21.162,1.466,-6.064,-19.985,-169.008,26.366,0,0
3.857,46.112,0,17.192,187.489,-3.719,5,15,10,1,0,8.296,-0.105,-25.497,24.122,-86.687,-1.069,10.49,4.483,-7.595,77.038,-100.534,55.863,3.861,8.143,-4.426,-94.779,-129.71,167.328,18.76,0.086,-5.255,-33.145,-171.176,23.298,0,0
4.249,45.969,0,19.404,221.238,-14.225,5,15,10,1,0,8.96,-0.311,-18.367,23.847,-76.733,9.145,14.226,3.518,-8.15,39.847,-90.519,25.802,1.705,16.334,-3.291,-57.618,142.351,2.565,15.115,4.467,-5.647,-46.183,-180,26.473,0,0
4.602,45.467,0,21.927,252.274,-50.228,5,15,10,1,0,10.811,-0.12,-15.762,17.389,-46.672,18.061,13.036,-0.297,-10.471,9.969,-98.244,15.481,2.836,15.204,8.526,-248.672,-388.031,82.687,16.468,2.819,-3.648,-64.443,-188.183,22.58,0,0
4.915,44.387,0,24.718,279.099,-107.964,5,15,10,1,0,11.807,-0.345,-18.03,-1.985,-19.802,26.84,15.762,1.504,-10.56,-1.313,-116.198,11.374,9.542,16.056,2.074,-92.55,255.542,15.603,22.784,1.353,4.378,-84.244,-182.504,20.092,0,0
5.188,42.765,0,27.687,296.94,-162.232,5,15,10,1,0,10.945,3.933,-19.416,-39.45,-8.168,29.985,16.2,3.126,-10.782,-32.611,-138.611,12.275,8.991,9.59,-6.062,-64,140.122,19.145,18.59,1.973,0.074,-73.466,-168.672,21.74,0,0
5.422,40.817,0,30.84,315.331,-194.813,5,15,10,1,0,11.956,2.802,-20.075,-71.863,13.053,33.985,14.892,3.224,-11.491,-50.061,-157.511,12.275,8.715,0.805,-2.194,271.664,-268.214,109.435,17.088,3.537,-6.855,-78.061,-161.038,24.427,0,0
5.616,38.575,0,34.246,340.588,-224.167,5,15,10,1,0,13.525,0.144,-15.735,-82.656,34.473,43.466,10.914,0.211,-12.667,-72.748,-168.275,4,8.85,9.836,-11.621,-124.427,374.061,-0.794,11.039,7.767,-14.272,-91.527,-175.069,24.305,0,0
5.771,35.982,0,38.037,379.029,-259.301,5,15,10,1,0,2.953,2.112,-17.697,-108.84,52.458,46.198,7.523,0.366,-14.054,-61.527,-181.786,0.26,9.7,1.812,-17.062,-266.198,-175.298,311.45,12.013,3.954,-22.202,-106.992,-195.176,19.221,0,0
5.886,33.265,0,42.252,421.51,-271.695,5,15,10,1,0,6.179,0.836,-13.843,-141.145,45.786,49.588,12.397,0.999,-9.743,-70.305,-186.763,-13.328,3.339,17.257,-32.237,378.137,-122.885,-325.374,14.282,12.689,-14.37,-140.931,-209.954,23.527,0,0
5.961,30.28,0,46.895,464.311,-298.497,5,15,10,1,0,8.589,4.479,-17.323,-154.763,52,52.366,7.132,1.959,-10.215,-89.115,-190.061,-14.244,14.059,2.726,-17.12,-170.718,499.74,-125.282,11.549,0.534,-21.172,-162.947,-213.42,25.618,0,0
5.997,27.234,0,51.791,489.636,-304.677,5,15,10,1,0,2.867,-2.555,-16.279,-141.573,34.962,50.626,8.15,1.308,-8.938,-94.687,-187.374,-19.16,6.39,2.673,-18.003,-162.779,-479.221,-364.519,13.367,2.932,-16.935,-163.878,-213.618,9.313,0,0
5.993,24.253,0,56.907,511.632,-298.051,5,15,10,1,0,3.145,-3.293,-19.189,-128.183,32.092,48.824,10.754,0.788,-8.658,-102.855,-180.992,-17.237,4.39,-2.098,-19.5,-125.237,-80.321,-414.779,8.969,10.196,-18.554,-173.313,-210.275,2.992,0,0
5.949,21.591,0,61.997,509,-266.259,5,15,10,1,0,2.783,-5.904,-16.681,-112.977,31.603,46.351,10.076,-1.25,-9.97,-114.336,-174.58,-7.771,5.259,2.675,-20.374,-87.878,-458,-234.321,12.955,7.149,-17.862,-209.42,-186.229,-8.901,0,0
5.866,19.192,0,66.85,485.242,-239.834,5,15,10,1,0,5.839,-9.582,-14.626,-98.779,26.382,41.832,12.787,-3.602,-10.895,-124.473,-167.099,-0.015,9.447,-10.108,25.426,-385.191,113.679,219.847,12.27,-8.936,-14.255,-174.29,-154.855,-16.55,0,0
5.743,17.104,0,70.845,399.548,-208.798,5,15,10,1,0,9.654,-7.125,-15.091,-82.458,30.489,39.863,11.51,-3.24,-9.453,-126.076,-159.847,12.885,12.037,2.558,-15.843,-48.366,476.046,-160.336,15.534,-8.598,-9.436,-144.565,-78.061,-2.794,0,0
5.581,15.207,0,73.764,291.836,-189.698,5,15,10,1,0,10.172,-10.907,-11.635,-76.076,28.183,35.267,11.099,-6.332,-10.574,-131.71,-159.878,25.527,9.228,3.509,-14.82,-23.618,208.229,-246.718,13.57,-11.161,-8.395,-69.374,-2.855,3.817,0,0
5.379,13.347,0,75.664,190.075,-186.024,5,15,10,0,0,2.74,-4.007,-17.017,-65.191,25.847,34.305,10.574,-5.988,-9.053,-124.412,-161.099,30.656,5.092,8.547,-22.992,-56.366,-255.649,-121.16,11.484,-9.923,-10.296,11.176,58.321,7.847,0,0
5.137,11.692,0,76.73,106.533,-165.47,5,15,10,0,0,9.662,-6.486,-13.927,-60.076,30.382,27.008,9.59,-6.514,-9.087,-118.443,-157.221,34.397,2.421,2.661,-16.329,-47.176,313.145,-7.878,8.653,-5.616,-11.307,66.29,91.542,5.588,0,0
4.855,10.091,0,77.262,53.181,-160.103,5,15,10,0,0,6.337,-5.736,-14.696,-49.053,26.534,24.824,7.889,-4.208,-9.484,-107.191,-152.397,30.641,0.924,0.358,-32.419,-173.008,-401.802,421.863,5.726,-3.137,-15.771,103.191,115.71,-1.786,0,0
4.534,8.649,0,77.5,23.792,-144.264,5,15,10,0,0,4.931,-6.129,-13.592,-46.031,22.824,20.626,8.397,-5.135,-9.221,-102.977,-143.664,25.099,1.423,1.687,-20.583,-50.595,297.191,74.718,5.909,0.378,-15.148,108.595,135.481,-8.336,0,0
4.174,7.243,0,77.653,15.381,-140.602,5,15,10,0,0,5.92,-6.699,-14.784,-31.267,19.71,17.496,9.748,-3.698,-8.89,-93.206,-136.855,19.71,4.246,2.922,-12.193,-5.771,310.87,88.092,3.106,5.992,-11.489,98.931,143.847,-8.336,0,0
3.773,6.004,0,77.628,-2.563,-123.825,5,15,10,0,0,6.352,-5.686,-13.664,-25.847,14.443,12.107,10.655,-3.24,-8.313,-87.359,-129.481,14.076,2.393,2.352,-13.733,25.13,149.618,72,2.699,-0.881,-17.172,84.748,163.435,-9.908,0,0
3.333,4.891,0,77.591,-3.719,-111.305,5,15,10,0,0,8.888,-8.723,-12.471,-8.855,16.504,8.595,9.333,-4.024,-10.605,-77.969,-122.168,12.916,1.533,3.327,-15.086,45.359,155.328,41.649,5.406,2.108,-13.953,59.573,176.702,-4.977,0,0
2.854,3.815,0,77.5,-9.098,-107.655,5,15,10,0,0,3.499,-3.597,-15.489,1.145,9.481,8.901,11.312,-1.95,-9.685,-67.069,-116.809,7.878,1.087,6.263,-15.687,49.496,151.603,15.573,7.889,5.458,-9.705,18.137,194.397,-5.191,0,0
2.335,2.888,0,77.067,-43.27,-92.64,5,15,10,0,0,3.075,-4.227,-14.188,2.672,4.321,4.611,10.375,-3.24,-8.78,-57.756,-113.313,3.603,-0.683,7.904,-16.133,42.992,133.74,1.069,8.193,-0.927,-13.28,-0.458,215.832,-3.42,0,0
1.776,2.236,0,76.324,-74.318,-65.209,5,15,10,0,0,6.771,-5.274,-12.167,3.954,-10.214,-2.153,12.382,-1.078,-9.836,-49.42,-99.527,6.458,0.098,6.292,-15.81,30.168,272.534,-9.954,5.41,-4.084,-15.539,0.565,228.305,9.74,0,0
1.177,1.812,0,75.455,-86.826,-42.435,5,15,10,0,0,7.532,-8.416,-9.494,22.321,-10.718,-4.107,8.931,-0.984,-11.836,-40.55,-87.756,6.656,-0.443,7.252,-15.103,14.092,131.634,-7.252,8.804,-2.282,-14.119,-5.084,243.344,22.427,0,0
0.539,1.501,0,74.405,-105.023,-31.139,5,15,10,0,0,4.78,-1.665,-14.717,25.45,-13.282,1.221,11.451,-1.964,-10.243,-26.305,-76.229,-2.122,0.196,8.305,25.77,4.763,1.939,-301.924,7.65,-0.536,-13.314,-9.45,252.702,31.527,0,0
0,1.379,0,73.152,-125.324,-12.154,5,15,10,0,0,4.8,-1.262,-11.918,26.29,-24.076,-1.466,10.461,-2.132,-10.543,-14.427,-68.534,-3.359,-0.69,6.473,-21.862,-28.641,237.573,-20.702,8.189,-1.444,-15.75,-14.031,268.046,37.725,0,0
0,1.364,0,71.724,-142.8,-1.465,5,15,10,0,0,1.696,-1.2,-12.794,28,-24.397,3.389,7.846,-3.02,-10.576,4.29,-66.885,-7.267,-1.214,6.764,-15.314,-25.847,113.603,-27.084,6.644,1.38,-16.085,-17.481,273.038,45.481,0,0
0,1.248,0,70.088,-163.639,-11.662,5,15,10,0,0,6.344,-4.45,-10.924,32.534,-30.031,0.305,8.445,-2.903,-8.955,21.664,-71.221,-8.626,0.311,10.738,26.748,-297.649,-150.122,-279.939,8.68,3.482,-15.649,-32.275,283.863,51.466,0,0
0,0.779,0,68.285,-180.21,-46.887,5,15,10,0,0,7.944,-5.25,-11.479,38.687,-18.824,3.145,6.593,-2.215,-10.327,43.863,-87.42,-9.328,-3.583,5.242,-23.529,-98.809,388.504,-148.763,7.264,2.17,-17.232,-35.42,285.374,54.779,0,0
0,-0.122,0,66.286,-199.906,-90.054,5,15,10,0,0,8.574,-1.195,-13.003,21.557,-10.122,5.008,5.964,-0.601,-10.694,56.641,-111.725,-12.29,-3.712,6.555,-16.873,-66.626,174.824,-38.901,7.322,-0.596,-19.06,-53.252,297.237,57.16,0,0
0,-1.258,0,64.155,-213.158,-113.583,5,15,10,0,0,6.809,-2.254,-11.53,1.313,-10.519,2.962,7.928,0.649,-9.3,54.061,-125.008,-13.435,-2.68,7.293,-15.151,-77.756,75.008,-29.099,6.28,0.972,-18.485,-48.336,293.863,61.099,0,0
0,-2.576,0,61.87,-228.516,-131.859,5,15,10,0,0,8.553,-4.663,-10.349,-6.687,-4.504,2.504,8.907,1.72,-10.236,36.061,-129.405,-11.252,-3.14,5.553,-21.565,-187.115,261.298,-59.42,6.919,-0.393,-17.215,-43.237,297.008,59.618,0,0
0,-3.923,0,59.522,-234.73,-134.709,5,15,10,0,0,7.726,-2.869,-12.023,-19.191,-4.565,3.298,10.993,1.954,-9.961,13.847,-129.802,-7.527,-4.21,5.74,-22.983,-212.794,112.534,-28.458,10.349,0.41,-17.575,-30.336,296.412,54.489,0,0
0,-5.212,0,57.112,-240.99,-128.884,5,15,10,0,0,7.19,-4.016,-9.92,-34.55,-11.985,1.359,13.278,2.781,-8.579,-12,-120.153,-1.13,-0.52,3.461,-11.283,-115.359,104.779,-3.634,9.144,2.302,-18.034,-22.031,279.084,51.374,0,0
0,-6.322,0,54.688,-242.409,-110.962,5,15,10,0,0,5.612,-4.182,-10.404,-41.557,-13.008,1.511,13.929,1.169,-8.974,-37.511,-107.939,3.237,-3.83,3.086,-14.547,-206.962,73.527,2.321,8.299,0.163,-20.923,-11.496,271.267,47.328,0,0
0,-7.216,0,52.252,-243.588,-89.39,5,15,10,0,0,4.809,-5.089,-9.731,-50.458,-25.954,-2.076,15.445,0.304,-8.287,-49.542,-91.359,12.595,-2.46,1.521,-10.004,-82.885,34.916,20.87,5.008,1.013,-22.616,-13.16,252.076,43.282,0,0
0,-7.853,0,49.909,-234.353,-63.732,5,15,10,0,0,6.625,-6.613,-9.058,-50.824,-32.122,-5.374,11.827,-3.43,-7.293,-49.618,-82.031,17.985,-2.297,1.229,-9.348,-80.611,69.16,23.145,7.707,2.297,-21.122,-14,232.519,36.947,0,0
0,-8.222,0,47.675,-223.366,-36.953,5,15,10,0,0,5.913,-6.44,-10.042,-50.107,-49.359,-7.679,13.503,-3.763,-6.507,-45.42,-71.893,16.534,-2.874,0.158,-3.655,-4.153,36.153,137.344,7.482,-1.277,-22.731,2.336,208.794,33.45,0,0
0,-8.315,0,45.639,-203.637,-9.213,5,15,10,0,0,6.622,-7.71,-9.101,-40.87,-63.023,-12.427,14.487,-4.105,-6.138,-43.084,-58.412,13.557,-2.144,2.06,-2.577,74.168,13.924,153.038,4.893,0.948,-22.848,22.183,172.473,30.351,0,0
0,-8.336,0,43.782,-185.704,-2.163,5,15,10,0,0,7.547,-6.531,-10.718,-23.145,-63.802,-13.176,13.055,-3.116,-7.825,-35.328,-58.107,11.679,-1.126,4.57,-5.401,54.031,-4.397,11.634,5.662,4.376,-19.543,34.611,138.305,24.351,0,0
0,-8.186,0,42.222,-156.006,15.038,5,15,10,0,0,4.74,-3.288,-13.553,-20.702,-78.916,-15.954,15.721,-1.051,-7.992,-32.687,-49.42,10.321,-0.374,2.783,-1.317,119.344,-65.832,126.779,4.766,0.005,-23.565,63.939,99.878,16.672,0,0
0,-7.794,0,40.963,-125.92,39.162,5,15,10,0,0,3.705,-7.14,-11.41,-11.573,-92.916,-21.023,15.295,0.742,-8.615,-32.244,-40.794,17.099,-1.387,4.383,-6.639,60.107,-62.534,103.817,3.339,4.067,-23.713,79.908,60.718,10.656,0,0
0,-7.179,0,40.055,-90.798,61.489,5,15,10,0,0,9.709,-3.48,-12.078,-11.542,-96.473,-22.092,14.03,-1.226,-9.791,-33.038,-33.786,14.611,1.006,7.743,-5.341,48.626,-155.603,134.107,8.943,1.811,-22.01,85.053,33.511,15.038,0,0
0,-6.377,0,39.52,-53.49,80.189,5,15,10,0,0,11.685,-3.401,-12.112,-7.786,-100.58,-23.42,13.244,-0.525,-12.411,-32.29,-29.908,12.198,2.16,8.093,-5.518,35.221,-81.466,21.252,5.556,6.38,-22.99,87.771,-12.351,13.267,0,0
0,-5.502,0,39.41,-10.986,87.536,5,15,10,0,0,10.311,-3.81,-11.922,-6.229,-105.313,-25.252,13.053,-1.188,-10.428,-33.573,-26.275,9.176,2.73,6.902,2.783,27.954,-315.725,23.206,4.237,6.984,-27.195,66.076,-65.908,6.214,0,0
0,-4.594,0,39.743,33.302,90.843,5,15,10,0,0,11.415,-2.469,-12.212,-4.656,-102.366,-27.328,11.197,0.103,-12.497,-35.908,-30.137,7.038,0.24,5.358,-7.185,3.893,-47.496,-11.069,1.921,7.659,-31.198,36.26,-122.901,-0.763,0,0
0,-3.725,0,40.581,83.84,86.815,5,15,10,0,0,11.122,-1.329,-11.975,-12.107,-104.458,-30.489,11.139,-0.453,-12.662,-39.695,-31.817,3.954,-1.48,11.222,-10.117,-88.931,497.817,-181.863,5.03,8.577,-20.98,-17.832,-160.107,-7.481,0,0
0,-2.869,0,41.72,113.903,85.694,5,15,10,0,0,11.295,-1.59,-11.91,-21.252,-101.954,-34.305,12.77,-1.267,-10.533,-42.565,-29.313,-2.153,1.971,2.008,-14.863,-308.779,471.069,305.832,13.345,6.057,-3.813,-61.16,-149.435,-4.076,0,0
0,-2.067,0,42.717,99.621,80.155,5,15,10,0,0,13.534,-3.411,-11.022,-23.389,-101.099,-37.344,12.924,-0.165,-12.318,-43.893,-25.267,-5.176,4.498,27.288,-37.477,-457.542,414.885,107.725,18.14,-2.553,-1.7,-77.817,-83.389,7.221,0,0
0,-1.29,0,43.313,59.681,77.683,5,15,10,0,1,11.932,-3.382,-10.61,-25.389,-102.046,-37.893,13.867,-0.331,-10.313,-43.42,-23.893,-9.802,5.101,24.972,-24.156,-209.053,-119.16,-130.473,15.194,-3.267,3.233,-87.267,-47.649,7.008,0,1
0,-0.503,0,43.485,17.201,78.736,5,5,10,0,1,12.679,-2.855,-11.077,-30.931,-102.885,-39.756,15.479,-1.485,-10.081,-44.901,-17.527,-15.588,5.698,4.299,-10.78,-119.527,-49.328,-143.359,12.116,-6.529,-8.327,-51.878,-52.183,1.71,0,0
0,0.438,0.666,43.482,-0.309,94.071,15,5,10,0,1,11.367,-4.23,-10.155,-29.756,-110.076,-42.015,16.049,-0.376,-9.652,-40.947,-6.122,-18.183,5.135,4.318,-10.658,-120.84,-197.084,-286.473,29.267,3.044,-6.337,-45.802,-49.466,0.611,0,0
0,1.511,1.293,43.837,35.454,107.334,15,5,10,0,1,11.621,-3.755,-9.879,-30.366,-114.107,-42.198,17.757,-1.42,-8.375,-39.206,5.588,-19.374,0.953,-3.882,-4.848,-109.634,-216.504,-267.115,9.159,1.571,-20.578,-3.588,-106.412,-16.748,0,0
0,2.72,1.881,44.588,75.073,120.827,15,5,10,0,1,11.024,-3.959,-8.79,-24.672,-112.061,-39.176,16.277,-1.863,-8.663,-35.908,13.603,-20.931,-0.769,0.005,-5.08,-52.336,-70.824,-68.092,9.094,4.136,-16.272,-14.366,-117.878,-22,0,0
0,3.987,2.429,45.397,80.933,126.732,15,5,10,0,1,11.118,-4.004,-7.875,-24.916,-114.443,-39.786,16.411,-0.987,-6.399,-33.115,22.733,-18.611,0.141,4.601,-10.121,12.718,-371.206,-51.298,11.364,4.495,-14.001,-48.58,-94.29,-19.237,0,0
0,5.386,2.939,45.87,47.299,139.881,15,5,10,0,1,9.386,-3.619,-6.522,-28.947,-116.656,-41.328,16.432,-0.889,-4.694,-26.168,35.298,-15.649,4.498,9.38,-18.451,78.58,-385.969,-236.031,13.515,-1.435,-12.847,-45.603,-71.069,-10.763,0,0
0,6.924,3.409,45.584,-28.553,153.843,15,5,10,0,0,9.156,-1.593,-7.736,-34.992,-115.221,-40.489,15.714,0.412,-4.73,-27.924,47.634,-16.916,-0.793,1.594,9.063,346.947,-44.031,-220.824,18.054,-4.158,-21.677,-43.603,-26.275,-17.115,0,0
0,8.714,3.84,44.808,-77.625,179.009,15,5,10,0,1,6.912,-5.609,-7.084,-32.198,-122.534,-42.84,14.123,-0.69,-4.778,-19.42,67.099,-20.779,2.244,2.565,-18.231,5.695,437.725,-150.901,10.663,-7.228,-18.152,7.038,-36.244,-13.573,0,0
0,10.732,4.232,43.702,-110.596,201.817,15,5,10,0,1,8.462,-5.085,-11.551,-24.901,-128.779,-38.092,15.216,-1.13,-3.339,-22.046,83.924,-23.191,3.128,8.127,-35.398,7.649,109.908,142.656,15.98,-0.719,-12.77,10.748,-10.122,-20.244,0,0
0,13.091,4.584,42.014,-168.858,235.829,15,5,10,0,1,9.968,-6.055,-12.629,-28.641,-149.786,-38.397,16.681,0.513,-2.093,-21.359,113.542,-22.809,2.165,2.633,5.192,31.573,-400.137,-276.031,14.008,-0.422,-12.55,26.397,12.87,-16.183,0,0
0,15.867,4.898,39.74,-227.395,277.623,15,5,10,0,1,13.779,-6.958,-12.363,-35.954,-163.511,-37.756,17.709,-1.564,-4.644,-29.145,142.901,-22.229,1.403,4.749,-18.128,14.885,-185.557,1.221,12.33,-4.476,-15.22,49.542,32.656,-12.55,0,0
0,19.239,5.172,36.916,-282.338,337.258,15,5,10,0,1,7.302,-11.19,-17.213,-18.473,-187.344,-36.443,17.373,-2.733,-5.561,-23.298,171.511,-19.557,4.642,5.447,-16.425,38.55,232,59.603,11.338,1.219,-11.321,58.214,49.053,-2,0,0
0,23.048,5.407,33.7,-321.602,380.849,15,5,10,0,1,6.388,-9.331,-20.382,9.618,-211.282,-34.275,15.56,-3.07,-9.209,-4.443,195.191,-15.221,3.918,-0.536,-14.181,21.908,-395.939,0.55,9.096,-2.414,-7.803,79.511,64.214,-9.939,0,0
0,27.509,5.603,30.112,-358.819,446.08,15,5,10,0,1,8.601,-8.464,-19.055,39.145,-233.42,-37.985,14.892,-6.239,-9.451,14.504,214.015,5.145,-0.036,4.982,-14.241,30.733,178.015,73.771,13.517,-5.291,-6.15,101.771,62.061,-22.687,0,0
0,32.328,5.76,26.328,-378.377,481.877,15,5,10,0,1,12.265,-13.599,-17.112,75.786,-236.656,-44.626,16.346,-5.216,-11.283,41.405,232.366,32.061,4.347,0.956,-13.058,24.382,137.954,89.588,4.311,-6.886,-18.279,136.565,44.885,-20.473,0,0
0,37.535,5.878,22.89,-343.827,520.787,15,5,10,0,1,13.225,-3.602,-21.852,85.679,-252.855,-43.664,8.136,-4.014,-16.66,68.916,231.435,56.244,5.959,-0.046,-12.792,41.634,-411.359,-374.229,6.253,-0.074,-16.602,156.641,22,-13.557,0,0
0,42.999,5.956,20.21,-268.033,546.342,15,5,10,0,1,13.86,-10.332,-22.892,111.985,-249.374,-42.611,15.105,1.995,-12.622,71.466,251.191,75.45,7.987,1.971,-12.9,58.137,-177.069,11.908,9.673,9.187,-13.297,113.298,8.992,-13.618,0,0
0,48.419,5.995,18.187,-202.217,542.062,15,5,10,0,1,12.375,-16.928,-27.538,189.237,-245.511,-44.015,13.63,-6.665,-19.658,66.443,268.198,118.672,8.67,3.854,-12.873,62.214,-151.069,-1.985,8.172,10.454,-13.158,63.71,-1.863,-16.183,0,0
0,53.671,5.995,16.606,-158.135,525.159,15,5,10,0,1,16.48,-10.567,-17.239,242.443,-203.053,-23.863,15.093,-1.688,-13.925,77.359,254.748,122.122,6.625,7.056,-14.028,62.214,-140.565,-8.321,8.229,4.055,-12.507,4.351,3.267,-21.832,0,0
0,58.38,5.956,15.35,-125.633,470.88,15,5,10,0,1,12.435,-12.059,-11.999,239.206,-182.55,-35.145,17.175,2.584,-14.485,65.71,268.718,148.534,4.488,18.524,-18.389,106.122,480.473,-59.603,9.559,3.418,-9.791,-6.656,4.718,-21.42,0,0
0,62.379,5.878,14.094,-125.599,399.903,15,5,10,0,1,12.162,5.43,-12.255,200.931,-108.168,-30.504,11.867,0.067,-15.855,83.634,261.45,130.229,0.843,9.074,-21.359,85.099,-86.855,-330.748,10.411,0.572,-9.745,-8.275,9.817,-20.046,0,0
0,65.686,5.76,12.808,-128.598,330.735,15,5,10,0,1,9.975,4.297,-12.713,152.031,-67.359,-33.008,12.389,0.338,-13.086,85.725,245.053,114.504,3.379,5.38,-18.082,73.053,458.366,-340.519,10.313,-0.386,-9.211,18.443,10.489,-16.84,0,0
0,68.539,5.603,11.475,-133.301,285.267,15,5,10,0,1,9.523,3.449,-12.981,95.847,-31.908,-26.656,10.828,0.932,-11.024,90.305,227.71,87.817,5.734,6.317,-19.131,304.58,-61.939,-32.244,1.492,-2.342,-12.914,41.725,0.031,-15.282,0,0
0,70.868,5.407,10.245,-123.013,232.865,15,5,10,0,1,7.245,3.372,-15.503,56,1.771,-13.74,13.12,-0.263,-10.378,83.664,214,55.847,-0.927,5.552,-14.758,55.664,-133.008,-16.351,12.916,1.09,-6.344,42.916,18.87,-10.015,0,0
0,72.669,5.172,8.842,-140.225,180.176,15,5,10,0,1,5.453,1.312,-17.361,33.42,34.885,0.168,12.912,0.405,-11.269,79.359,203.832,31.725,3.303,4.481,-13.144,62.092,-249.206,-32.244,10.265,0.422,-7.633,62.855,12.336,-8.26,0,0
0,74.135,4.898,7.461,-138.096,146.565,15,5,10,0,1,4.982,2.328,-18.109,1.786,59.237,5.557,11.566,1.083,-11.544,73.145,198.55,10.092,1.794,4.222,-13.261,62.55,-248.168,-34.015,7.496,-1.142,-9.254,82.718,7.664,-3.298,0,0
0,75.273,4.584,6.33,-113.171,113.835,15,5,10,0,1,3.085,0.73,-18.719,-17.756,86,9.481,11.843,1.351,-11.578,65.176,196.947,-7.481,5.068,8.072,-14.394,193.084,-429.695,-32.977,8.538,1.118,-9.623,89.557,9.634,-1.099,0,0
0,76.178,4.232,5.396,-93.338,90.489,15,5,10,0,1,4.155,-0.285,-17.436,-33.069,107.695,12.153,11.633,0.747,-12.392,56.015,195.374,-18.214,4.452,5.826,-16.09,212.992,-375.588,-57.649,9.218,5.353,-7.614,69.802,6.321,-3.817,0,0
0,76.793,3.84,4.627,-76.973,61.512,15,5,10,0,1,2.96,0.802,-17.934,-40.198,128.779,15.237,9.741,0.144,-11.364,50.061,189.466,-24.809,7.152,5.846,-10.378,112.275,-78.153,-4.947,9.271,3.446,-7.396,53.542,-4.458,-4.366,0,0
0,77.142,3.409,4.111,-51.579,34.824,15,5,10,0,1,2.96,0.802,-17.934,-40.916,130.641,16.565,7.559,0.228,-11.81,44.412,178.733,-25.069,3.487,7.449,-14.282,110.702,-68.718,-7.573,10.902,3.312,-7.683,43.389,-1.496,-4.397,0,0
0,77.273,2.939,3.711,-39.94,13.184,15,5,10,0,1,4.055,-2.333,-15.074,-38,162.763,18.687,7.415,-0.838,-12.112,38.443,170.443,-27.481,3.267,22.246,-14.543,178.092,-263.649,-8.611,9.681,4.982,-5.7,25.069,-7.878,-4.015,0,0
0,77.203,2.429,3.324,-38.773,-7.015,15,5,10,0,1,0.17,1.763,-18.741,-42.443,176.214,12.198,10.802,1.217,-10.344,25.328,167.588,-29.023,5.671,12.199,-21.316,-381.939,24.901,-9.282,6.905,-1.121,-11.604,43.634,-12.489,-3.786,0,0
0,77.075,1.881,3.316,-0.755,-12.795,15,5,10,0,1,3.789,-4.275,-14.394,-19.496,198.443,7.145,10.234,-1.712,-11.578,14.183,168,-24.061,4.105,9.456,-12.495,59.649,-54.595,4.183,9.729,6.546,-6.057,32,-22.824,3.145,0,0
0,76.647,1.293,3.448,13.149,-42.812,15,5,10,0,1,6.297,-2.429,-16.688,-0.885,219.557,-1.71,7.317,-2.261,-12.928,20.656,156.565,-11.954,4.414,9.097,-17.771,96.901,-87.313,-3.573,8.66,4.603,-10.246,13.496,-23.588,-1.069,0,0
0,75.959,0.666,3.701,25.314,-68.848,15,5,10,0,1,-0.505,-2.845,-18.202,25.466,237.557,-6.809,8.145,-2.112,-11.863,32.397,151.847,-6.382,1.092,19.803,-21.938,77.969,-172.031,3.664,7.803,0.328,-12.195,6.992,-29.893,-1.45,0,0
0,74.984,0,4.188,48.695,-97.458,15,5,10,0,1,2.51,-2.601,-20.089,44.336,253.389,-18.626,7.901,-3.815,-12.684,47.802,142.031,1.145,0.948,12.205,-14.768,13.664,-63.221,-16,12.049,5.961,-5.554,-10.626,-43.13,2.336,0,0
0,73.816,0,4.613,42.481,-116.787,15,5,10,0,1,2.323,-3.104,-20.212,62.794,265.527,-28.321,5.935,-3.219,-12.732,61.649,126.779,8.809,-1.183,21.408,-23.754,5.359,-91.679,-28.366,11.563,3.36,-8.112,-31.008,-35.237,-0.458,0,0
0,72.417,0,4.854,24.113,-139.927,15,5,10,0,1,1.576,-1.918,-20.942,68.931,273.893,-36.29,6.095,-2.27,-12.904,77.542,114.809,9.252,-5.178,11.382,-30.062,-47.344,-115.038,-11.328,11.992,-0.156,-8.301,-28.885,-34.977,-0.885,0,0
0,70.886,0,4.759,-9.441,-153.111,15,5,10,0,1,2.735,-3.238,-19.194,71.298,280.534,-43.099,5.121,-4.045,-11.575,87.618,99.313,10.565,0.441,6.416,-14.164,-29.695,-57.405,-4.58,7.322,-1.286,-10.77,-8.962,-49.786,2.137,0,0
0,69.135,0,4.811,5.127,-175.038,15,5,10,0,1,3.595,-1.83,-19.201,62.153,286.214,-50.55,4.546,-2.769,-12.406,100.137,82.626,10.84,1.483,5.568,-13.405,-26.26,-60.183,0.595,8.802,0.345,-8.174,6.275,-53.191,6.916,0,0
0,67.228,0,4.773,-3.719,-190.75,15,5,10,0,1,3.997,-2.932,-19.996,46.458,289.069,-53.435,3.89,-2.788,-12.222,119.511,67.374,6.519,4.347,4.39,-11.446,-14.626,-57.466,3.557,8.646,1.284,-9.269,16.275,-55.924,9.252,0,0
0,65.192,0,4.773,-0,-203.625,15,5,10,0,1,4.766,0,-22.46,32,290.916,-54.427,1.873,-2.548,-13.118,135.069,49.481,-0.794,3.679,4.646,-12.639,3.298,-53.771,2.366,10.914,1.997,-8.363,13.527,-50.504,9.359,0,0
0,63.053,0,4.773,-0,-213.913,15,5,10,0,1,2.764,-1.178,-23.713,20.015,281.817,-51.71,3.894,-0.81,-11.108,140.824,39.985,-12.595,3.159,5.631,-13.419,15.176,-53.267,1.664,10.124,1.775,-9.908,10.809,-53.221,7.252,0,0
0,60.834,0,4.773,-0,-221.856,15,5,10,0,1,-1.08,-2.167,-25.255,16.595,271.527,-48.809,6.469,0.824,-8.89,138.763,31.603,-27.115,3.418,4.965,-13.232,22.916,-109.725,-0.641,10.363,0.716,-9.135,11.237,-57.252,6.198,0,0
0,58.574,0,4.773,-0,-226.021,15,5,10,0,1,2.27,-5.324,-23.656,19.099,262.061,-46.168,5.746,3.073,-7.348,111.893,21.099,-32.137,3.626,4.553,-12.959,25.878,-113.084,-2.473,10.375,-0.261,-8.486,18.947,-58.916,6.901,0,0
0,56.282,0,4.773,-0,-229.191,15,5,10,0,0,3.387,-4.05,-24.499,13.466,248.382,-40.076,4.797,3.825,-7.408,80.015,12.275,-34.763,3.631,4.9,-13.273,34.489,-59.13,-4.397,10.55,0.153,-8.744,27.42,-60.824,7.527,0,0
0,54.047,0,4.773,-0,-223.446,15,5,10,0,0,1.684,-3.365,-26.985,12.321,235.084,-33.817,3.784,3.03,-8.167,59.435,-4.244,-36.046,3.521,5.202,-13.158,37.252,-63.832,-8.214,10.198,0.742,-9.103,30.183,-63.908,6.672,0,0
0,51.829,0,4.78,0.71,-221.867,15,5,10,0,0,2.163,-4.51,-26.321,4.443,209.756,-27.191,4.594,2.172,-6.814,42.382,-16.916,-30.489,4.883,4.962,-12.397,40.595,-66.244,-10.656,8.541,0.192,-11.34,34.565,-73.802,5.313,0,0
0,49.723,0,4.799,1.854,-210.606,15,5,10,0,0,2.055,-5.382,-25.972,-1.908,185.298,-18.962,5.121,2.194,-5.703,30.061,-30.504,-23.298,1.993,3.912,-30.762,346.733,399.863,-239.145,8.742,2.838,-9.59,22.794,-74.473,2.092,0,0
0,47.727,0,4.843,4.429,-199.597,15,5,10,0,0,3.882,-6.1,-24.412,-11.481,160.611,-9.542,4.21,1.981,-6.297,23.069,-42.458,-18.366,3.492,4.421,-12.876,54.504,-76.168,-17.115,11.642,-1.466,-9.767,31.145,-79.344,4.031,0,0
0,45.878,0,4.96,11.662,-184.868,15,5,10,0,0,2.041,-4.127,-26.297,-24.595,136.275,2.153,4.004,3.226,-5.312,18.702,-54.473,-17.023,9.602,4.627,-9.13,62.84,-61.771,-3.145,8.989,-1.466,-11.204,53.008,-94.321,10.366,0,0
0,44.106,0,5.319,35.923,-177.246,15,5,10,0,0,1.25,-5.338,-24.285,-35.725,106.901,14.962,3.739,3.93,-5.942,13.267,-65.542,-17.985,8.407,3.124,-13.053,148.443,-182.931,384.977,13.683,2.065,-6.759,48.794,-91.832,15.237,0,0
0,42.505,0,5.755,43.568,-160.092,15,5,10,0,0,7.144,-3.262,-22.563,-45.542,93.389,14.412,8.399,1.801,-5.82,-6.672,-65.573,-18.412,5.576,5.753,-14.068,64.046,-81.313,18.076,10.852,3.078,-8.732,43.618,-90.718,14.687,0,0
0,41.051,0,6.289,53.444,-145.397,15,5,10,0,0,4.577,-3.645,-29.48,-75.053,51.588,17.374,8.514,2.053,-2.821,16.229,-63.679,-14.153,5.576,5.753,-14.068,79.023,451.115,16.489,10.138,2.692,-9.271,44.931,-105.634,16.076,0,0
0,39.901,0,6.927,63.801,-114.968,15,5,10,0,0,-1.195,-2.558,-37.712,-68.443,8.656,28.031,6.486,1.186,-3.269,4.718,-70.641,-15.679,5.588,6.75,-19.61,140.26,-58.015,26.687,12.801,0.881,-8.145,40.458,-98.336,16.534,0,0
0,39.304,0,7.56,63.309,-59.727,15,5,10,0,0,-0.877,-2.706,-33.973,-75.237,-69.496,15.603,2.493,3.14,-3.137,-8.29,-78.809,9.542,6.828,7.844,-12.066,61.42,-55.664,29.618,12.298,-0.802,-9.544,43.008,-107.527,21.023,0,0
0,39.256,0,8.26,69.946,-4.738,15,5,10,1,0,-0.608,-4.361,-27.797,-62.534,-124.26,-1.023,8.557,-2.934,-2.213,-26.153,-87.16,29.588,8.761,7.696,-14.389,229.298,-133.435,73.588,10.303,-2.481,-11.824,46.824,-107.908,24.901,1,0
0,39.553,0,8.784,52.38,29.697,5,5,10,1,0,3.679,-5.36,-13.929,-21.634,-131.725,-11.115,13.656,-4.179,-3.969,-21.985,-87.832,38.321,8.28,6.95,-11.269,50.733,-45.191,40.611,8.512,-2.785,-12.519,40.107,-101.527,30.947,0,0
0.666,40.044,0,9.424,64.053,49.084,5,5,10,1,0,11.391,-10.493,-1.176,14.153,-107.634,-14.58,15.668,-6.723,-7.283,-12.092,-69.298,50.397,9.18,6.57,-9.882,43.908,-21.939,23.405,14.84,-0.206,-6.397,35.13,-115.725,35.969,0,0
1.293,40.567,0,10.245,82.054,52.3,5,5,10,1,0,8.725,-11.403,-3.806,58.779,-79.893,-6.519,14.164,-5.48,-9.709,12.122,-47.74,71.221,7.168,7.427,-12.615,25.786,-51.542,111.573,15.517,1.3,-6.938,18.824,-114.672,37.725,0,0
1.881,41.176,0,11.222,97.779,60.86,5,5,10,1,0,8.502,-4.706,-10.478,65.954,-74.702,-4.366,12.998,-3.243,-7.779,51.863,-29.603,90.626,9.386,7.161,-11.707,2.504,12.397,115.847,14.368,1.485,-7.199,6.427,-130.153,37.023,0,0
2.429,41.835,0,12.479,125.645,65.93,5,15,10,1,0,11.372,-4.888,-15.465,69.542,-70.962,-2.443,7.072,-4.898,-9.23,78.702,-34.656,97.939,9.479,8.451,-13.149,23.511,62.168,247.573,11.427,0.635,-8.84,-5.649,-146.153,36.489,0,0
2.939,42.402,0,14.086,160.733,56.694,5,15,10,1,0,0.268,0.774,-26.307,58.122,-92.779,0.397,6.471,-2.709,-7.535,109.191,-61.344,94.763,9.932,9.671,-9.594,-47.634,72.855,81.71,15.314,3.995,-4.915,-38.214,-144.672,28.779,0,0
3.409,42.754,0,15.921,183.506,35.214,5,15,10,1,0,3.923,-0.137,-24.772,46.489,-90.458,-1.298,8.22,-1.013,-5.928,120.26,-88.412,70.748,8.627,7.837,-10.562,-60.122,101.771,36.183,13.553,0.295,-6.505,-61.74,-156.687,25.359,0,0
3.84,42.677,0,17.986,206.52,-7.759,5,15,10,1,0,4.634,3.408,-23.45,45.344,-79.939,-3.71,14.116,2.491,-6.641,96.916,-98.183,46.473,1.14,14.907,1.715,491.237,-436.275,274.809,12.761,1.095,-4.555,-68.809,-164.534,26.611,0,0
4.232,42.238,0,20.425,243.897,-43.877,5,15,10,1,0,9.381,-3.001,-14.037,54.916,-56.992,3.466,14.044,5.255,-9.923,58.885,-101.588,30.122,9.242,6.469,-5.887,-73.282,200.733,14.443,20.772,-0.742,-1.942,-61.924,-164.107,20.763,0,0
4.584,41.289,0,23.037,261.12,-94.883,5,15,10,1,0,11.944,-0.017,-16.336,52.275,-28.733,16.672,15.553,2.611,-10.921,22.641,-113.023,27.908,8.545,6.627,-5.121,-76.733,119.42,6.092,16.662,1.518,-2.714,-60.183,-158.504,17.496,0,0
4.898,39.787,0,25.812,277.566,-150.147,5,15,10,1,0,9.058,4.56,-18.499,17.221,-4.718,27.939,14.289,2.728,-10.485,-8.763,-137.191,24.473,10.102,8.138,-4.563,-78.137,141.298,14.351,18.593,6.354,-3.803,-65.481,-157.679,21.756,0,0
5.172,37.934,0,28.764,295.132,-185.337,5,15,10,1,0,11.786,4.004,-16.962,-54.656,6.366,33.496,13.609,5.588,-12.468,-19.527,-156.534,21.832,7.954,7.935,-7.465,-80.733,166.473,14.504,13.398,4.136,-12.143,-68.336,-155.496,22.153,0,0
5.407,35.814,0,32.013,324.898,-212.014,5,15,10,1,0,5.465,6.043,-20.382,-80.214,17.908,46,7.92,5.923,-13.283,-37.511,-168.046,8.901,7.932,9.554,-10.603,-94.779,366.718,32.55,13.465,3.894,-16.741,-83.008,-179.878,23.573,0,0
5.603,33.419,0,35.674,366.132,-239.468,5,15,10,1,0,8.131,2.749,-17.512,-126.137,33.679,44.672,14.605,3.77,-12.799,-60.992,-176.305,-3.359,7.226,7.856,-14.593,-113.695,198.534,-10.672,14.054,4.452,-18.561,-106.427,-201.237,18.809,0,0
5.76,30.727,0,39.791,411.668,-269.223,5,15,10,1,0,15.553,5.573,-17.067,-143.008,48.122,47.389,9.841,2.084,-10.232,-94.702,-186.015,-6.015,8.43,19.204,-23.495,465.603,-274.58,-256.122,12.833,6.035,-14.296,-140.733,-220.015,13.267,0,0
5.878,27.607,0,44.266,447.511,-312.001,5,15,10,1,0,5.913,4.754,-16.679,-147.893,45.328,57.969,6.598,3.044,-10.042,-105.038,-200.855,-12.458,7.178,7.694,-28.539,-287.817,-72.198,-496.366,15.359,5.367,-11.688,-164.458,-212.885,12.015,0,0
5.956,24.246,0,48.927,466.165,-336.148,5,15,10,1,0,4.512,0.726,-17.23,-165.634,44.962,57.588,3.976,3.458,-11.819,-108.122,-205.527,-11.13,5.839,2.105,-20.281,-132.977,245.527,-105.13,15.046,2.189,-14.384,-161.023,-197.725,3.405,0,0
5.995,20.854,0,53.717,478.993,-339.135,5,15,10,1,0,-0.12,-5.535,-14.904,-169.756,33.389,55.847,9.623,0.503,-8.256,-127.008,-206.305,-18.565,8.411,-1.576,-18.942,-120.519,264.137,-197.435,9.441,3.734,-15.235,-157.924,-195.221,3.878,0,0
5.995,17.756,0,58.603,488.595,-309.815,5,15,10,1,0,2.12,-5.006,-17.512,-163.878,34,54.076,7.817,-0.774,-9.24,-136,-194.641,-8.901,7.708,-15.344,-47.038,280.183,-415.374,-103.573,11.942,5.295,-18.724,-143.878,-178.122,-1.191,0,0
5.956,15.025,0,63.433,482.976,-273.137,5,15,10,1,0,6.759,-8.96,-13.642,-155.405,26.214,43.786,15.163,-2.048,-9.865,-146.366,-179.206,-1.725,9.223,0.002,-15.764,-67.496,264.962,-88.168,13.625,0.148,-17.888,-139.313,-157.099,-14,0,0
5.878,12.713,0,67.908,447.511,-231.137,5,15,10,1,0,6.308,-10.842,-16.056,-125.176,22.382,39.176,12.334,-5.774,-10.447,-163.191,-173.542,15.634,7.75,0.422,-17.462,-21.756,254.183,-97.557,19.261,-5.221,-12.794,-90.687,-123.053,-13.206,0,0
5.76,10.652,0,71.549,364.049,-206.143,5,15,10,1,0,3.296,-10.967,-17.093,-82.061,23.13,36.916,12.057,-9.264,-10.265,-148.473,-170.733,32.229,9.468,2.601,-12.425,-12.58,228.962,-45.267,12.064,-8.687,-11.69,-53.832,-58.931,-14.366,0,0
5.603,8.879,0,74.189,264.004,-177.269,5,15,10,1,0,6.203,-10.665,-14.234,-60.687,18.229,31.038,11.968,-8.941,-11.578,-131.74,-164.901,44.763,7.492,4.596,-17.393,-2.015,386.489,-93.985,13.544,-7.357,-9.911,0.473,4.122,-8.321,0,0
5.407,7.246,0,75.924,173.573,-163.353,5,15,10,1,0,3.686,-7.973,-17.783,-28.321,20.076,30.046,9.216,-7.3,-10.023,-106.092,-164.931,45.267,4.831,4.45,-16.466,-10.214,177.542,-5.603,11.546,-6.984,-10.653,43.679,59.756,-1.847,0,0
5.172,5.785,0,76.994,106.922,-146.096,5,15,10,0,0,6.045,-7.245,-13.141,-21.969,14.733,22.672,8.969,-6.342,-9.937,-93.634,-155.618,38.26,3.365,3.497,-16.533,-18.733,164.046,11.756,10.605,-4.869,-12.49,85.74,95.481,0.748,0,0
4.898,4.327,0,77.638,64.488,-145.775,5,15,10,0,0,7.235,-8.684,-13.343,-8.458,22.641,21.832,7.187,-6.103,-12.44,-75.069,-153.969,32.779,2.951,3.312,-13.992,-20.183,320.702,42.504,5.947,-2.565,-15.18,110.382,111.542,-0.55,0,0
4.584,2.873,0,78.107,46.887,-145.386,5,15,10,0,0,7.235,-8.684,-13.343,-6.137,23.664,20.336,6.816,-4.654,-9.841,-54.275,-150.794,19.954,1.806,2.642,-14.246,-9.649,160.137,32.076,4.51,1.193,-14.83,106.046,127.267,-4.84,0,0
4.232,1.453,0,78.378,27.054,-142.021,5,15,10,0,0,5.24,-5.159,-12.722,-10.031,16.076,15.847,7.71,-3.463,-10.924,-46.992,-145.038,12.351,1.059,3.619,-15.383,5.405,159.16,31.237,4.857,1.866,-14.935,83.771,146.107,-8.26,0,0
3.84,-0.034,0,78.298,-8.034,-148.67,5,15,10,0,0,4.955,-2.812,-14.406,-1.985,16.809,16.702,9.015,-0.56,-11.168,-39.221,-145.069,6.214,-0.086,5.045,-24.161,47.542,313.649,42.321,4.596,-0.862,-16.483,58.962,166.794,-7.924,0,0
3.409,-1.492,0,78.341,4.395,-145.832,5,15,10,0,0,7.142,-2.838,-12.562,-8.305,10.29,12.779,10.591,-1.145,-9.633,-39.42,-141.573,4.519,0.287,3.842,-16.212,21.13,310.84,40.061,6.239,-1.274,-16.169,46.183,176.672,-1.237,0,0
2.939,-2.949,0,78.268,-7.313,-145.672,5,15,10,0,0,5.77,-4.862,-13.977,-3.908,17.496,14.046,9.436,-0.51,-11.688,-37.389,-139.313,-0.931,1.502,4.931,-15.28,34.244,152.733,20.275,6.579,-0.271,-14.485,36.656,179.511,5.832,0,0
2.429,-4.29,0,78.02,-24.868,-134.114,5,15,10,0,0,5.858,-1.219,-13.501,-1.527,10.855,13.527,9.621,-0.96,-11.772,-34.763,-132.427,0.382,1.514,6.076,-14.248,29.588,296.794,15.359,2.567,1.102,-13.829,3.832,196.87,10.366,0,0
1.881,-5.491,0,77.573,-44.712,-120.083,5,15,10,0,0,5.219,-4.778,-11.525,-3.252,0.885,11.725,12.308,-0.984,-11.779,-32.107,-120.565,-2.198,0.508,13.502,-33.53,201.771,347.588,-103.573,6.38,-0.539,-13.949,-16.626,220.87,17.359,0,0
1.293,-6.45,0,76.833,-73.952,-95.925,5,15,10,0,0,5.964,-3.854,-11.752,-1.252,-3.817,9.252,12.912,-1.152,-10.449,-25.618,-104.29,0.351,-0.218,7.784,-16.748,8.427,272.534,-31.695,5.657,-2.579,-14.626,-29.939,244.947,25.924,0,0
0.666,-7.087,0,75.786,-104.737,-63.732,5,15,10,0,0,6.349,-4.002,-11.36,2.229,-12.504,5.863,14.825,-1.633,-10.239,-19.603,-82.916,0.458,-0.28,7.281,-15.575,-7.527,130.733,-27.053,6.546,-1.044,-14.008,-20.779,253.817,41.603,0,0
0,-7.355,0,74.511,-127.43,-26.722,5,15,10,0,0,4.792,-6.414,-10.55,9.756,-27.832,4.443,15.805,0.278,-8.883,-16.427,-61.466,1.344,-1.394,7.353,-16.281,-24.58,236.84,-25.924,6.605,-0.211,-15.623,-18.58,263.221,51.176,0,0
0,-7.351,0,73.01,-150.147,0.366,5,15,10,0,0,8.311,-6.701,-8.289,24.183,-29.374,6.122,11.043,-2.694,-8.806,-11.649,-47.908,2.076,-1.279,7.439,-15.896,-59.969,216.84,-51.664,6.019,-0.266,-17.033,-29.557,275.542,56.229,0,0
0,-7.343,0,71.307,-170.334,0.755,5,15,10,0,0,7.575,-5.152,-8.857,32.534,-30.412,7.969,9.329,-3.363,-7.652,3.481,-53.206,2.336,-1.13,8.1,-15.723,-57.527,201.817,-28.916,8.054,3.025,-16.483,-37.008,282.763,62.031,0,0
0,-7.469,0,69.377,-193.005,-12.531,5,15,10,0,0,5.588,-3.36,-9.673,20.885,-33.145,7.206,8.641,-0.534,-7.551,14.443,-66.947,1.16,-2.874,9.066,-37.525,378.992,-308.534,-230.107,5.669,-0.113,-18.193,-52.122,291.664,63.954,0,0
0,-7.487,0,67.231,-214.554,-1.808,5,15,10,0,0,4.745,-4.316,-7.999,-5.496,-46.122,2.244,11.815,-1.075,-5.707,8.412,-63.069,0.855,-2.879,9.133,-36.107,314.626,-371.557,-154.382,6.007,4.991,-14.811,-62.382,294.733,68.748,0,0
0,-7.502,0,64.89,-234.066,-1.488,5,15,10,0,0,6.519,-6.97,-9.312,-0.092,-50.794,-1.542,12.502,-2.115,-6,2.519,-62.305,6.29,-3.111,4.456,-23.246,-200.366,128.779,-39.481,7.506,1.162,-17.862,-53.237,300.229,67.573,0,0
0,-7.542,0,62.404,-248.612,-4.028,5,15,10,0,0,7.449,-6.308,-9.858,3.832,-54.519,-2.977,11.549,-2.591,-7.053,-3.802,-61.893,11.679,-4.498,5.409,-25.152,-241.588,199.069,-82.076,8.457,0.754,-17.663,-57.267,307.511,64.916,0,0
0,-7.714,0,59.786,-261.853,-17.178,5,15,10,0,0,9.551,-5.944,-10.282,9.405,-46.58,-2.031,7.25,-2.601,-9.8,-4.916,-76.534,14.595,-3.243,4.188,-21.498,-243.298,156.748,-71.573,11.539,1.193,-17.34,-43.405,303.145,61.542,0,0
0,-7.846,0,57.094,-269.166,-13.184,5,15,10,0,0,7.525,-4.56,-9.633,-10.794,-63.649,-5.053,9.508,-1.334,-8.476,-6.641,-74.366,18.412,-1.806,7.435,-16.952,-259.878,61.725,-8.031,9.393,1.871,-18.547,-32.153,292.824,55.542,0,0
0,-7.973,0,54.351,-274.315,-12.795,5,15,10,0,0,6.265,-4.582,-11.875,-16.901,-65.298,-8.489,12.909,-0.216,-8.112,-15.695,-73.74,18.183,-0.92,2.727,-12.449,-229.374,104.122,358.473,9.139,2.249,-20.358,-13.359,280.702,49.863,0,0
0,-7.933,0,51.638,-271.294,4.04,5,15,10,0,0,6.225,-4.388,-11.544,-17.237,-66.031,-8.733,10.081,-2.599,-11.087,-26.763,-68.916,16.718,-0.611,-1.341,-7.535,-145.863,40.427,25.954,7.963,0.824,-22.798,-8.351,265.16,41.359,0,0
0,-7.933,0,48.96,-267.758,0,5,15,10,0,0,6.831,-5.873,-10.141,-17.802,-76.718,-12.198,12.26,-1.748,-9.523,-33.878,-59.038,16.443,-2.126,-3.506,-1.293,-96.733,126.29,495.389,5.267,1.396,-23.32,-2.656,251.817,33.008,0,0
0,-7.879,0,46.386,-257.401,5.459,5,15,10,0,0,9.597,-3.217,-11.503,-18.641,-73.817,-12.977,11.099,-1.209,-10.545,-33.481,-62.718,12.198,-2.585,-4.828,8.507,319.863,-10.992,496.122,9.47,2.031,-21.297,11.16,223.466,26.977,0,0
0,-7.754,0,43.976,-240.99,12.463,5,15,10,0,0,6.632,-0.407,-14.847,-32.947,-77.542,-15.557,12.921,-0.055,-10.799,-35.13,-60.779,1.252,-2.788,-0.201,-5.336,43.603,-2.748,3.695,6.97,1.193,-21.934,40.809,191.71,18.321,0,0
0,-7.392,0,41.746,-223.069,36.209,5,15,10,0,0,6.32,-3.406,-13.074,-33.725,-84.656,-19.008,15.18,-2.177,-11.561,-37.405,-46.076,1.969,-2.215,1.875,-6,77.878,-118.046,91.786,4.479,3.348,-20.851,71.603,150.947,5.344,0,0
0,-6.944,0,39.784,-196.221,44.746,5,15,10,0,0,10.433,-3.446,-13.489,-18.031,-86.244,-22.366,11.137,-1.942,-12.936,-33.74,-45.405,10.153,-1.969,2.441,-6.732,80.779,-91.786,64.366,5.885,2.12,-23.562,101.649,118.473,-7.557,0,0
0,-6.395,0,38.176,-160.801,54.943,5,15,10,0,0,9.829,-4.548,-12.916,-9.313,-90.84,-22.992,13.522,-1.387,-12.394,-27.023,-37.847,6.015,-2.728,2.328,-4.795,165.664,-114.84,15.542,8.747,4.05,-22.844,115.664,78.656,-18.504,0,0
0,-5.751,0,36.985,-119.03,64.419,5,15,10,0,0,10.27,-4.342,-12.665,-8.947,-95.878,-24.122,12.837,-1.315,-11.269,-22.748,-33.267,3.328,4.488,1.859,-45.678,-334.794,149.985,302.901,13.316,1.669,-20.233,126.718,50.198,-14.458,0,0
0,-5.022,0,36.158,-82.741,72.91,5,15,10,0,0,7.722,-2.85,-13.783,-7.405,-98.443,-26.107,14.382,-1.286,-10.287,-22.748,-27.481,1.496,5.188,5.901,-4.349,72.321,-104.55,-402.443,5.968,4.745,-23.787,123.267,8.214,-11.145,0,0
0,-4.249,0,35.733,-42.526,77.213,5,15,10,0,0,10.004,-2.45,-12.655,-13.252,-100.519,-30.962,13.652,-0.333,-9.487,-30.137,-27.206,5.053,1.779,8.141,-7.243,65.847,-114.321,6.718,6.172,3.468,-30.795,98.26,-28.244,-8.595,0,0
0,-3.484,0,35.781,4.841,76.55,5,15,10,0,0,11.379,-1.511,-11.637,-22.489,-96.672,-31.71,12.835,1.408,-9.695,-35.069,-27.603,4.076,-0.443,7.051,-5.221,322.672,-448.26,-146.443,4.728,9.573,-26.161,40.824,-93.374,1.252,0,0
0,-2.697,0,36.136,35.477,78.724,5,15,10,0,0,8.921,-1.669,-10.337,-40.916,-101.145,-31.954,13.398,2.46,-8.541,-43.771,-21.771,3.374,-1.09,6.643,-21.095,70.336,369.206,380.58,5.037,4.301,-20.497,-23.542,-139.42,2.336,0,0
0,-1.865,0,36.769,63.366,83.176,5,15,10,0,0,10.754,-3.969,-8.802,-50.992,-102.412,-32.534,12.519,1.142,-9.091,-54.443,-14.427,0.611,-1.72,10.199,-25.684,-93.695,-417.969,-486.718,11.853,4.986,-3.691,-98.076,-125.679,2.351,0,0
0,-0.99,0,37.191,42.149,87.502,5,15,10,0,1,11.192,0.01,-11.281,-62.824,-103.42,-31.695,12.339,0.247,-7.518,-63.756,-7.756,-4.443,1.712,3.484,-31.365,256.824,262.076,-37.374,5.849,-5.729,-1.109,-115.313,-85.954,4.534,0,1
0,0.072,0,37.202,1.076,106.236,5,5,10,0,1,8.356,-3.104,-9.367,-68.046,-116.046,-35.985,17.112,0.948,-5.94,-68.656,8.137,-8.26,8.22,7.951,-16.102,-134.977,-181.298,-140.733,13.199,-5.877,-0.117,-114.931,-47.786,10.58,0,0
0,1.332,0.67,37.191,-1.076,125.977,5,5,10,0,1,9.125,-1.88,-10.131,-75.206,-124.87,-36.305,17.946,0.271,-6.325,-71.389,21.496,-11.084,6.282,2.219,-13.187,-351.527,-297.664,-84.031,9.932,-10.385,-13.985,-74.962,-54.443,6.977,0,0
0,2.807,1.3,37.249,5.779,147.503,15,5,10,0,1,15.168,-5.964,-5.621,-64.855,-121.618,-35.74,16.729,-1.82,-6.467,-72.504,37.023,-12.137,1.777,-0.257,-10.591,-364.412,-136.779,-104.458,9.7,0.623,-20.746,-54.672,-75.053,-7.832,0,0
0,4.404,1.891,37.652,40.329,159.668,15,5,10,0,1,12.071,-3.082,-5.681,-62.168,-133.053,-32.519,17.129,-0.831,-5.662,-65.084,52.519,-15.176,4.012,-2.958,-2.081,-151.771,-55.679,-45.725,9.197,0.35,-19.778,-26.992,-126.672,-20.58,0,0
0,6.268,2.442,38.48,82.798,186.436,15,5,10,0,1,13.46,-4.4,-3.808,-58.321,-135.771,-32.977,15.266,1.938,-4.45,-54.214,69.069,-13.405,3.183,-1.047,-6.44,-69.786,-263.649,-220.702,12.828,7.58,-11.276,-46.931,-115.267,-22.931,0,0
0,8.426,2.953,39.077,59.681,215.733,15,5,10,0,1,14.214,-0.872,-5.269,-72.565,-142.26,-35.405,13.68,2.076,-4.4,-60.214,89.267,-11.588,2.515,4.14,-13.01,2.947,-335.16,-219.359,13.319,2.357,-12.727,-67.42,-80.076,-21.038,0,0
0,10.945,3.424,39.084,0.71,251.965,15,5,10,0,1,10.473,-3.02,-12.44,-54.351,-146.611,-31.924,15.271,2.124,-2.211,-55.16,111.939,-24.779,1.303,4.273,-17.893,37.267,-213.939,-112.122,12.387,-6.294,-12.459,-53.267,-44.29,-19.908,0,0
0,13.757,3.857,38.454,-62.954,281.216,15,5,10,0,1,13.721,-12.5,-6.981,-30.427,-167.557,-35.542,19.97,4.122,-0.398,-71.618,151.145,-22.656,1.056,1.745,-28.994,124.504,461.298,300.947,18.696,-7.712,-13.065,-16.611,-26.763,-15.069,0,0
0,17.127,4.249,37.297,-115.723,336.915,15,5,10,0,1,13.63,-10.981,-10.145,-30.015,-184.779,-33.008,19.014,-3.427,-5.334,-68.504,180.305,-22.122,0.307,3.624,-17.661,23.313,388.26,-120.916,16.756,0.153,-6.546,32.718,-15.771,-18.198,0,0
0,20.946,4.602,35.608,-168.904,381.913,15,5,10,0,1,12.715,-16.32,-13.719,-12.718,-204.031,-31.802,20.65,-6.261,-7.664,-55.481,209.74,-14.198,-0.848,5.486,-21.785,101.634,327.313,-13.13,12.155,-4.378,-12.833,71.344,12.397,-21.069,0,0
0,25.318,4.915,33.341,-226.685,437.257,15,5,10,0,1,15.364,-11.391,-20.671,12.214,-225.634,-34.748,14.78,-9.468,-10.782,-24.809,227.878,4.824,-2.752,4.474,-19.778,63.527,250.137,137.893,12.186,-2.309,-12.684,86.031,46.183,-11.649,0,0
0,30.274,5.188,30.474,-286.732,495.542,15,5,10,0,1,9.197,-4.668,-22.695,34,-254.198,-35.954,9.503,-8.933,-14.085,23.649,227.344,22.122,-2.601,14.987,-31.614,286.626,480.733,218.87,15.812,-0.92,-9.951,110.977,60.305,-0.947,0,0
0,35.518,5.422,27.204,-326.97,524.404,15,5,10,0,1,6.828,-11.118,-17.129,75.145,-264.336,-42.244,16.935,-6.38,-13.843,61.16,244.015,46.748,-3.834,8.213,-17.781,75.282,-400.092,64.427,12.852,-1.559,-6.27,138.748,46.855,-3.374,0,0
0,41.095,5.616,23.623,-358.155,557.717,15,5,10,0,1,5.619,-5.475,-21.297,97.176,-269.45,-49.145,13.467,-1.142,-12.974,67.008,246.901,80.168,-2.448,19.894,-23.907,116.809,-428.916,60.885,6.696,-2.134,-17.419,167.267,34.351,-15.023,0,0
0,46.771,5.771,20.173,-344.983,567.605,15,5,10,0,1,12.066,-11.645,-22.013,131.939,-247.786,-50.076,15.536,3.159,-13.338,79.221,262.122,91.252,2.074,3.559,-16.142,51.466,-210.718,63.053,7.688,-0.225,-16.751,173.802,10.733,-7.893,0,0
0,52.421,5.886,17.28,-289.284,565.053,15,5,10,0,1,4.457,-12.823,-28.494,216.061,-231.603,-34.321,12.852,-5.635,-20.43,63.924,268.061,128.565,7.065,6.94,-27.255,475.42,-3.176,261.374,8.466,3.825,-16.387,146.427,0.702,-0.977,0,0
0,57.48,5.961,15.302,-197.823,505.807,15,5,10,0,1,20.022,-12.265,-6.052,236.794,-177.878,-33.252,13.225,-0.103,-18.329,73.893,261.176,144.29,4.369,8.147,-17.819,490.092,95.267,326.351,8.615,11.484,-11.791,92.168,-9.389,-1.481,0,0
0,61.698,5.997,13.925,-137.673,421.864,15,5,10,0,1,9.755,1.997,-10.263,222.489,-117.145,-28.519,18.396,-1.741,-17.795,74.656,269.786,124.641,6.768,0.665,-32.381,-495.191,-461.695,-242.321,12.31,10.394,-8.876,13.16,2.473,-8.885,0,0
0,65.075,5.993,12.83,-109.463,337.647,15,5,10,0,1,13.714,3.015,-12.308,162.504,-59.176,-34.718,16.89,-1.344,-14.14,78.504,253.618,119.893,2.472,9.181,-32.908,388.626,0.611,116.275,-14.514,-10.713,-28.865,32.809,-26.473,-14.779,0,0
0,67.857,5.949,13.076,24.525,278.264,15,5,10,0,1,10.39,6.107,-14.995,89.42,-20.427,-27.267,14.725,-0.321,-11.084,85.298,233.191,89.084,-14.998,19.752,-25.861,52,-88.534,-41.435,29.765,20.142,8.356,-67.069,16.595,-1.878,0,0
0,70.048,5.866,12.255,-82.031,219.063,15,5,10,0,1,8.828,0.982,-15.558,46.565,18.595,-14.305,10.586,0.525,-8.169,82.718,207.038,52.916,-4.974,13.945,-27.658,1.023,481.145,-163.908,12.629,0.91,-8.933,-117.802,22.534,-28.687,0,0
0,71.6,5.743,10.391,-186.39,155.228,15,5,10,0,1,7.336,0.572,-17.615,28.443,52.885,-2.519,11.772,-2.436,-10.665,82.702,191.023,23.71,-5.681,6.789,-15.304,-89.878,354.183,-102.84,8.033,-18.346,-11.005,-25.115,14.626,-12.458,0,0
0,72.636,5.581,8.446,-194.493,103.615,15,5,10,0,1,3.923,2.299,-18.969,10.916,76.656,-1.267,11.58,-3.351,-11.795,89.74,173.542,6.275,-1.267,1.365,-12.409,-57.542,-319.649,-4.092,7.731,-4.503,-11.932,66.855,0.305,3.435,0,0
0,72.636,5.581,8.446,-194.493,103.615,15,5,10,0,1,3.923,2.299,-18.969,10.916,76.656,-1.267,11.58,-3.351,-11.795,89.74,173.542,6.275,-1.267,1.365,-12.409,-57.542,-319.649,-4.092,7.731,-4.503,-11.932,66.855,0.305,3.435,0,0
0,73.747,5.137,5.275,-144.654,41.084,15,5,10,0,1,2.759,0.002,-18.159,-14.534,119.954,-6.122,9.733,-0.479,-11.702,95.725,165.115,-16.336,7.54,4.83,-18.978,27.527,497.099,135.084,12.734,7.753,-6.694,41.084,5.939,1.374,0,0
0,73.988,4.855,3.979,-129.639,24.124,15,5,10,0,1,2.323,-1.442,-18.123,-18.351,135.16,-7.908,9.173,-0.23,-12.643,96.656,164.092,-21.069,6.934,5.954,-12.298,37.618,-115.634,6.046,9.245,1.703,-9.53,23.099,0.015,-0.809,0,0
0,74.116,4.534,2.99,-98.877,12.817,15,5,10,0,1,1.835,-0.599,-18.082,-19.389,151.16,-9.802,9.733,1.296,-11.992,81.939,165.832,-21.466,7.453,2.397,-14.904,49.359,-180.229,-8.489,7.592,-0.175,-9.872,15.954,-6.229,-0.336,0,0
0,74.123,4.174,2.379,-61.134,0.732,15,5,10,0,1,2.946,-1.339,-16.291,-15.023,171.466,-12.489,9.547,1.083,-11.822,71.42,165.954,-22.26,5.008,7.75,-14.751,49.603,-175.924,-7.725,8.773,3.822,-10.054,-2.809,-7.542,-3.496,0,0
0,74.12,3.773,1.917,-46.154,-0.332,15,5,10,0,1,0.378,5.985,-21.84,-23.924,178.427,-15.756,10.584,-0.311,-10.95,53.954,164.641,-20.87,3.329,4.633,-21.68,78.092,-332.901,-37.618,9.288,0.855,-9.951,-18.092,-9.802,-7.267,0,0
0,74.09,3.333,1.525,-39.196,-2.964,15,5,10,0,1,0.862,-0.656,-17.989,-12.015,190.321,-25.573,13.484,1.212,-9.903,29.832,172.122,-12.565,3.078,4.479,-14.578,36.641,-77.664,-10.427,10.584,0.314,-8.682,-17.42,-10.885,-6.458,0,0
0,74.024,2.854,1.273,-25.234,-6.592,15,5,10,0,1,4.026,-2.163,-17.814,3.145,207.496,-29.282,11.01,-0.783,-12.14,25.588,172.931,-5.145,2.009,7.039,-14.344,36.84,-141.053,-19.359,11.685,0.685,-7.76,-4.122,-16.702,-5.527,0,0
0,73.677,2.335,1.167,-10.632,-34.767,15,5,10,0,1,0.134,-0.929,-21.325,28.809,227.328,-28.061,10.835,-2.39,-11.783,38.015,163.298,-3.038,3.571,5.473,-12.943,41.985,-57.603,-9.145,10.239,1.626,-7.228,10.794,-32.931,-5.679,0,0
0,73.057,1.776,1.181,1.442,-61.936,15,5,10,0,1,3.696,-2.611,-20.779,47.176,240.718,-38.366,8.062,-1.811,-12.595,55.557,148.733,3.313,3.978,4.346,-17.115,183.374,-244.107,-27.176,8.359,1.856,-7.75,11.069,-31.802,-5.008,0,0
0,72.209,1.177,1.189,0.755,-84.892,15,5,10,0,1,3.64,-0.716,-20.93,49.389,252.809,-43.679,7.02,-2.007,-13.331,68.794,137.924,0.947,3.217,5.401,-13.853,45.023,-234.58,-31.573,9.482,1.174,-8.332,8.748,-31.145,-4.519,0,0
0,71.15,0.539,1.233,4.395,-105.892,15,5,10,0,1,2.716,-2.613,-18.511,58.137,264.611,-46.672,6.052,-1.837,-12.394,77.282,125.145,1.771,3.866,7.034,-13.079,44.321,-57.481,-7.893,9.065,1.938,-7.762,8.962,-38.351,-3.221,0,0
0,69.806,0,1.233,-0,-134.342,15,5,10,0,1,2.28,-0.75,-18.966,49.435,274.351,-48.962,3.688,-1.392,-12.777,90.916,108.214,-4.031,3.693,14.29,-16.272,73.908,-124.962,-16.122,9.638,3.549,-8.105,-1.939,-33.084,-3.282,0,0
0,68.242,0,1.21,-2.254,-156.372,15,5,10,0,1,1.135,-0.469,-19.958,28.748,273.847,-52.183,5.073,-1.516,-10.054,101.664,93.053,-11.282,2.132,7.508,-13.213,30.107,-73.359,-4.885,-0.493,-0.321,-11.185,12.137,-43.252,-8.26,0,0
0,66.503,0,1.155,-5.459,-173.962,15,5,10,0,1,2.328,-0.752,-19.967,15.618,279.191,-50.55,3.971,-0.357,-11.786,106.824,73.481,-16.977,3.367,6.874,-11.769,11.985,-128.29,-11.389,9.906,2.685,-6.766,17.359,-46.748,0.809,0,0
0,64.588,0,1.071,-8.434,-191.517,15,5,10,0,1,-0.17,-1.873,-22.257,9.008,279.863,-48.611,4.373,0.429,-10.057,118.916,58.427,-24.992,0.865,9.784,-12.94,15.588,-66.702,-11.099,13.664,4.622,-3.228,8,-37.252,2.382,0,0
0,62.496,0,0.756,-31.471,-209.13,15,5,10,0,1,2.218,-3.878,-21.285,9.42,276.702,-44.931,4.539,-0.072,-9.764,117.725,45.542,-29.893,0.271,7.513,-14.111,13.237,-145.847,-24.275,12.27,0.757,-6.893,19.16,-34.366,4.58,0,0
0,60.321,0,0.39,-36.667,-217.53,15,5,10,0,1,2.807,-3.746,-21.007,8.198,270.87,-42.763,4.598,0.965,-9.86,116.733,33.084,-31.939,4.747,7.056,-10.461,10.275,-75.191,2.397,6.845,1.068,-7.825,28.198,-47.313,7.145,0,0
0,58.036,0,-0.009,-39.906,-228.55,15,5,10,0,1,3.806,-2.069,-23.85,7.893,270.076,-37.786,3.262,1.885,-10.94,110.168,20.458,-40.092,4.424,6.555,-10.773,1.053,-300.092,1.16,10.196,1.95,-7.592,35.573,-47.817,9.344,0,0
0,55.751,0,-0.379,-36.999,-228.505,15,5,10,0,1,1.102,-3.279,-24.882,6.779,254.321,-33.038,2.843,3.324,-9.072,93.466,13.16,-45.74,5.535,5.577,-11.52,49.481,-254.611,-24.427,10.988,3.037,-4.874,33.115,-55.221,10.962,0,0
0,53.418,0,-0.452,-7.267,-233.277,15,5,10,0,1,-1.13,-1.99,-26.252,0.183,233.115,-27.817,5.145,4.189,-6.443,69.16,5.71,-50.947,3.353,7.3,-13.094,33.725,-232.321,-99.542,10.196,2.445,-6.922,35.649,-64.519,9.16,0,0
0,51.165,0,-0.412,3.994,-225.243,15,5,10,0,1,2.898,-3.379,-24.072,-7.221,216.092,-19.405,3.825,4.05,-6.641,45.267,-6.229,-45.435,4.306,5.559,-13.113,34.916,-63.863,-11.74,9.238,2.259,-8.991,23.511,-65.16,7.145,0,0
0,49.042,0,-0.431,-1.854,-212.334,15,5,10,0,1,1.353,-2.191,-26.249,-20.824,190.153,-11.435,4.342,4.565,-5.664,27.71,-17.053,-42.427,4.239,5.638,-13.23,35.298,-64.031,-11.588,9.283,0.96,-7.619,17.802,-75.145,5.481,0,0
0,47.101,0,-0.386,4.417,-194.127,15,5,10,0,0,2.165,-4.768,-25.495,-29.466,162.046,-2.901,4.309,2.639,-4.242,10.641,-24.29,-39.71,3.77,4.067,-13.252,39.695,-69.405,-19.863,9.657,-2.16,-8.409,23.42,-72.504,4.534,0,0
0,45.325,0,-0.218,16.857,-177.59,15,5,10,0,0,1.011,-4.615,-26,-43.359,129.053,5.557,4.237,4.289,-5.554,-3.756,-33.13,-35.069,8.953,8.105,-7.401,89.206,-215.374,-188.824,9.084,-0.503,-5.504,44.534,-97.557,9.954,0,0
0,43.797,0,0.123,34.069,-152.756,15,5,10,0,0,0.208,-5.667,-25.337,-54.779,97.924,13.527,4.699,2.852,-3.727,-15.389,-42.031,-29.573,6.423,2.436,-10.366,60.397,-51.282,-22.504,14.131,-0.496,-6.191,48.504,-84.321,10.214,0,0
0,42.439,0,0.62,49.748,-135.865,15,5,10,0,0,-0.572,-6.007,-25.38,-63.374,65.206,22.855,4.804,2.668,-3.614,-25.45,-49.511,-23.618,6.227,5.018,-10.842,68.763,-47.649,-22.504,8.04,1.904,-11.374,47.359,-103.435,12.489,0,0
0,41.333,0,1.371,75.073,-110.596,15,5,10,0,0,2.79,-7.092,-22.501,-66.87,32.031,22.702,9.441,2.261,-1.947,-37.115,-56.305,-18.809,6.912,13.495,-13.609,150.947,-111.771,-244.763,11.678,4.493,-8.493,37.893,-116.107,11.939,0,0
0,40.472,0,2.32,94.86,-86.048,15,5,10,0,0,7.848,-2.63,-22.887,-69.237,22.382,20.718,11.36,-2.17,-3.219,-54.29,-59.115,-11.847,6.091,7.42,-13.01,76.718,-91.832,289.954,9.891,2.247,-11.748,28.55,-119.786,9.481,0,0
0,39.831,0,3.4,108.044,-64.076,15,5,10,0,0,3.739,-5.909,-28.975,-79.542,-18.992,14.84,9.223,-0.237,-3.034,-35.191,-59.756,-1.069,5.216,7.899,-15.137,70.473,73.969,-7.603,11.12,3.228,-8.969,19.313,-124.031,11.084,0,0
0,39.476,0,4.514,111.374,-35.557,15,5,10,1,0,-1.523,-5.02,-34.266,-64.458,-73.252,6.519,8.217,-0.642,-3.763,-32.183,-66.687,13.405,4.998,6.937,-21.196,126.244,-77.756,-23.389,13.585,-2.199,-10.402,27.511,-121.481,12.443,1,0
0,39.546,0,5.635,112.072,7.015,5,5,10,1,0,9.468,-6.198,-19.864,-46.031,-114.122,-7.359,9.597,-4.503,-5.334,-9.908,-75.328,26.031,4.266,6.605,-14.763,52.794,-17.557,0.122,13.019,-1.447,-7.643,34.366,-121.603,18.244,0,0
0.677,39.993,0,6.718,108.353,44.689,5,5,10,1,0,15.39,-3.633,-6.059,-49.679,-117.557,-17.511,14.114,-4.778,-3.14,15.099,-61.802,32.779,5.087,7.064,-26.824,396.687,-185.649,195.42,15.062,0.108,-6.838,40.611,-126.809,24.031,0,0
1.314,40.63,0,7.747,102.883,63.698,5,5,10,1,0,12.107,-12.744,-4.268,-1.221,-96.427,-5.969,14.88,-3.875,-5.566,24.031,-37.008,44.489,7.118,10.906,-18.461,186.977,-64.611,92.336,14.71,0.302,-8.074,37.802,-130.702,27.573,0,0
1.91,41.337,0,8.721,97.458,70.702,5,5,10,1,0,9.187,-11.91,-7.271,48.626,-91.023,12.061,11.58,-5.226,-7.439,37.42,-15.74,68.534,5.782,8.615,-13.347,40.412,-9.771,23.817,20.669,-1.109,-7.278,34.382,-121.847,30.305,0,0
2.466,42.047,0,9.691,97,71.045,5,5,10,1,0,4.709,-3.729,-12.404,72,-90.122,13.252,5.348,-4.079,-7.384,64.046,-20.855,93.328,9.757,8.747,-11.566,19.573,2.901,44.947,16.2,0.558,-7.781,26.779,-138.046,32.84,0,0
2.981,42.691,0,10.761,106.991,64.396,5,5,10,1,0,-1.272,0.125,-22.54,63.664,-100.763,1.206,3.121,-3.422,-7.537,67.221,-49.099,98.305,4.819,28.658,-12.962,36.397,51.664,220.824,14.169,-0.905,-10.44,12.183,-142.733,34.198,0,0
3.456,43.23,0,12.046,128.495,53.822,5,5,10,1,0,5.307,0.536,-26.898,53.588,-94.962,-9.16,5.02,-4.196,-10.196,75.298,-74.916,80.366,3.899,9.569,-12.856,-72.427,138.504,224.122,6.737,1.691,-8.553,-6.977,-163.74,35.069,0,0
3.89,43.516,0,13.757,171.044,28.633,5,15,10,1,0,10.485,-3.731,-20.422,59.527,-86.931,-6.427,10.44,-2.627,-12.061,72.779,-82.244,52.305,12.739,5.212,-8.792,-28.519,86.107,71.45,12.976,-2.048,-9.06,-23.405,-172.137,23.969,0,0
4.283,43.299,0,15.95,219.304,-21.652,5,15,10,1,0,7.511,2.735,-21.855,54.626,-67.527,0.229,16.94,1.329,-8.49,64.794,-84.168,28.763,1.15,4.915,-8.105,-379.115,-469.374,67.664,14.284,1.363,-6.907,-48.244,-175.191,22.107,0,0
4.636,42.772,0,18.485,253.487,-52.712,5,15,10,1,0,10.411,0.877,-15.625,24.031,-45.817,11.466,16.301,2.764,-9.832,36.855,-95.435,21.939,11.987,8.608,-7.386,-59.252,89.435,5.786,16.023,0.481,-4.886,-60.076,-184.061,21.649,0,0
4.949,41.893,0,21.337,285.279,-87.937,5,15,10,1,0,10.584,-0.395,-17.22,-7.008,-28.809,20.214,13.961,1.324,-8.814,12.031,-114.382,24.504,9.396,7.654,-7.889,-73.649,114.641,-0.366,19.031,0.481,-2.615,-78.519,-187.771,15.634,0,0
5.22,40.571,0,24.428,309.025,-132.145,5,15,10,1,0,13.944,-4.208,-15.414,-24.26,-6.015,26.061,14.634,1.882,-9.911,0.794,-135.511,23.771,11.671,3.581,-6.582,-71.817,290.565,5.13,20.156,-3.643,-2.364,-82.122,-179.832,12.29,0,0
5.452,38.78,0,27.658,323.044,-179.112,5,15,10,1,0,13.347,3.068,-18.664,-52.061,13.145,31.725,13.774,2.081,-12.332,-36.565,-148.733,16.962,10.706,7.542,-6.893,-84.366,167.466,3.725,21.311,1.724,-3.616,-84.427,-170.092,15.908,0,0
5.642,36.601,0,31.064,340.588,-217.896,5,15,10,1,0,12.291,-3.935,-13.676,-69.252,35.313,31.878,12.871,5.051,-12.078,-34.458,-158.763,14.427,9.171,8.409,-8.167,-99.634,381.588,8.214,17.182,3.298,-9.448,-87.313,-168.687,21.084,0,0
5.792,34.158,0,34.711,364.678,-244.286,5,15,10,1,0,11.419,6.385,-17.345,-108.824,43.145,37.725,8.311,3.652,-13.118,-62.305,-175.145,9.435,0.11,19.755,-10.821,-223.145,418.244,-3.481,15.244,6.639,-13.714,-102.931,-183.725,22.244,0,0
5.902,31.405,0,38.703,399.228,-275.311,5,15,10,1,0,7.039,6.558,-15.101,-126.198,43.969,45.282,8.917,4.316,-8.495,-54.183,-183.496,0.321,9.525,10.132,-17.105,494.672,-400.87,-358.351,12.234,11.592,-13.589,-127.496,-204.092,20.733,0,0
5.971,28.56,0,43.039,433.617,-284.546,5,15,10,1,0,3.382,-2.908,-15.536,-134.977,43.649,41.954,5.427,2.282,-9.918,-58.458,-182.046,0.916,11.748,5.687,-22.077,-275.237,479.771,-83.45,15.417,5.14,-16.308,-152.84,-204.992,20.504,0,0
5.999,25.777,0,47.58,454.034,-278.321,5,15,10,1,0,7.738,-4.809,-13.067,-138.076,36.26,37.542,9.305,2.041,-9.377,-65.206,-174.809,0.473,8.555,4.657,-23.84,-287.664,-497.756,-138.015,14.945,2.975,-10.641,-170.901,-196.626,14.092,0,0
5.987,23.272,0,52.223,464.356,-250.512,5,15,10,1,0,3.324,-0.244,-18.736,-120.473,16.718,36.58,11.046,2.783,-7.975,-70.153,-166.26,5.008,9.966,3.018,-17.999,-139.13,267.069,-164.397,17.838,-0.393,-14.396,-169.924,-167.603,22.992,0,0
5.934,21.242,0,56.863,464.002,-202.927,5,15,10,1,0,6.354,-9.039,-15.266,-64.458,11.053,32.763,12.033,-0.084,-6.948,-74.595,-149.908,10.397,7.056,-0.128,-32.074,-237.802,-448.687,-180.519,11.58,0.407,-21.938,-134.916,-160.626,13.74,0,0
5.841,19.544,0,61.533,466.943,-169.842,5,15,10,1,0,7.3,-6.344,-14.497,-36.656,11.802,31.603,10.658,-4.414,-9.096,-75.359,-143.557,20,9.149,0.544,-19.292,-99.237,-442.58,-163.634,11.281,8.967,-20.367,-150.214,-147.099,2.595,0,0
5.707,17.987,0,65.978,444.569,-155.709,5,15,10,1,0,3.99,-3.561,-16.506,-18.397,7.053,31.466,11.819,-3.506,-8.833,-65.099,-140.672,26.321,15.026,5.495,-13.221,-136.641,-442.336,-130.687,10.162,2.706,-11.76,-157.939,-133.206,-3.817,0,0
5.533,16.6,0,69.706,372.769,-138.726,5,15,10,1,0,6.684,-4.134,-12.952,-29.221,6.229,25.435,10.837,-3.003,-9.171,-61.74,-137.023,31.786,7.949,3.594,-22.135,-80.885,-497.878,-134.076,17.649,-6.625,-11.285,-147.74,-65.42,-4.458,0,0
5.318,15.207,0,72.618,291.173,-139.229,5,15,10,1,0,8.998,-6.663,-12.627,-24.061,13.786,26.031,8.457,-3.248,-8.557,-55.466,-137.221,32.351,7.537,2.579,-13.551,-30.641,231.863,-38.427,14.502,-9.156,-9.93,-82.595,-8.595,3.679,0,0
5.062,13.813,0,74.742,212.414,-139.469,5,15,10,1,0,8.021,-1.365,-13.295,-40.122,12.305,22.931,8.617,-2.548,-8.335,-57.557,-137.267,27.588,6.637,3.763,-14.569,-23.45,428.962,-24.794,12.844,-10.505,-9.362,-11.16,50.031,13.389,0,0
4.766,12.501,0,76.17,142.823,-131.172,5,15,10,1,0,6.225,-5.573,-12.138,-49.176,6.901,19.878,9.865,-0.261,-8.62,-59.939,-127.802,23.954,3.918,2.567,-15.129,-26.382,397.313,21.954,10.093,-9.932,-11.01,51.832,100.611,16.214,0,0
4.429,11.209,0,77.049,87.902,-129.204,5,15,10,1,0,6.91,-6.445,-12.136,-48.397,8.611,19.374,7.654,-0.338,-9.688,-66.55,-128.412,22.107,1.914,2.649,-15.879,-23.023,374.046,52.458,10.073,-5.049,-11.352,92.092,135.664,12.748,0,0
4.052,9.971,0,77.507,45.754,-123.814,5,15,10,1,0,4.369,-0.922,-13.731,-47.664,3.756,19.16,11.077,-0.335,-7.899,-70.397,-120.26,19.481,1.348,1.432,-15.354,-13.618,359.725,83.603,6.071,-3.65,-15.431,121.496,157.16,9.45,0,0
3.634,8.968,0,77.745,23.815,-100.308,5,15,10,1,0,6.148,-6.737,-11.606,-35.924,2.427,17.115,10.631,-0.726,-7.645,-77.466,-109.527,20.122,-0.086,5.926,-24.266,11.725,-306.992,199.878,8.069,1.339,-14.55,118.931,179.038,3.038,0,0
3.176,8.04,0,77.836,9.155,-92.72,5,15,10,1,0,6.323,-4.661,-11.635,-19.786,0.244,18.427,10.665,-1.758,-6.874,-76.412,-101.985,19.511,0.766,2.46,-14.813,27.328,175.527,44.412,3.87,1.77,-15.536,116.687,180.382,0.321,0,0
2.677,7.29,0,77.833,-0.366,-75.05,5,15,10,1,0,7.286,-1.669,-12.828,-22.168,-4.824,16.855,10.921,-1.506,-6.864,-72.26,-95.069,17.985,1.447,6.588,-21.263,99.267,338.641,266.015,3.341,0.865,-16.375,91.221,197.725,1.344,0,0
2.138,6.748,0,77.631,-20.13,-54.142,5,15,10,1,0,7.896,-7.039,-10.473,-12.076,-15.16,13.008,11.17,0.738,-7.52,-69.878,-84.397,18.733,-0.934,4.838,-18.839,57.084,162.321,28.58,7.968,-1.207,-16.099,56.183,228.565,4.473,0,0
1.558,6.422,0,77.107,-52.425,-32.616,5,15,10,1,0,4.242,-3.94,-13.63,-5.847,-22,13.527,12.045,-1.94,-8.066,-66.244,-78.473,15.282,0.412,7.235,-16.459,46.931,156.244,33.344,5.719,0.307,-14.274,27.191,245.16,12.824,0,0
0.937,6.294,0,76.21,-89.676,-12.84,5,15,10,1,0,4.483,-4.917,-13.525,8.015,-28.626,11.237,11.764,-2.376,-7.736,-56.626,-65.115,17.511,0.963,7.149,-16.523,39.008,134.901,12.458,6.783,-1.315,-16.09,17.893,263.282,24.687,0,0
0.276,6.305,0,75.075,-113.537,1.133,5,15,10,1,0,6.158,-5.554,-12.382,27.466,-32.092,10.58,8.651,-3.909,-9.173,-40.595,-60.656,17.206,-0.587,8.066,-17.572,22.519,131.802,2.137,7.221,0.22,-15.917,-5.145,280.26,35.634,0,0
0,6.334,0,73.628,-144.665,2.872,5,15,10,1,0,6.323,-4.879,-12.5,27.908,-32.153,10.779,7.166,-4.591,-9.597,-17.588,-65.023,14.962,-1.296,8.016,-17.788,2.718,235.954,-6.137,7.652,0.728,-16.226,-32.015,297.405,45.389,0,0
0,6.334,0,71.864,-176.48,0,5,15,10,1,0,5.573,-3.504,-12.15,26.84,-42.977,8.244,7.501,-4.383,-9.475,5.374,-72.229,9.298,-1.712,7.326,-16.997,-15.267,202.427,-18.931,5.633,0.529,-17.843,-39.328,304.183,56.382,0,0
0,6.312,0,69.776,-208.741,-2.163,5,15,10,1,0,6.026,-0.263,-15.084,25.573,-41.145,7.389,7.034,-4.04,-10.332,22.519,-82.412,4.962,-1.985,7.482,-17.888,-37.13,371.16,-92.58,8.835,1.83,-15.544,-58.107,321.771,67.847,0,0
0,6.213,0,67.396,-238.06,-9.899,5,15,10,1,0,6.958,-5.621,-11.958,29.344,-45.237,5.74,9.642,-2.668,-9.477,33.389,-85.206,1.573,-0.68,8.61,-15.508,-50.779,158.336,-18.443,6.316,1.768,-15.951,-53.527,323.084,77.847,0,0
0,5.814,0,64.755,-264.073,-39.894,5,15,10,1,0,6.958,-5.621,-11.958,30.275,-44.672,5.649,9.199,-1.854,-10.885,42.153,-92.412,1.679,-4.076,7.294,-40.16,411.725,461.664,-241.832,6.735,0.014,-19.038,-47.725,329.069,80.947,0,0
0,5.086,0,61.957,-279.786,-72.853,5,15,10,1,0,5.676,-0.551,-14.059,26.748,-24.29,8.29,7.144,-2.587,-11.875,43.802,-106.519,0.748,-7.195,6.956,-26.111,-209.71,72.779,-60.885,11.331,-0.266,-18.36,-47.496,335.221,79.573,0,0
0,4.122,0,59.079,-287.762,-96.337,5,15,10,1,0,7.274,-2.39,-13.254,7.206,-20.87,7.176,7.52,0.493,-11.86,36.458,-122.153,1.267,-6.126,5.385,-24.18,-251.053,133.481,284.336,7.381,1.073,-18.882,-30.504,324.336,74.718,0,0
0,3.078,0,56.186,-289.33,-104.416,5,15,10,1,0,7.748,-3.37,-13.283,-9.649,-16.885,8.076,9.103,1.403,-11.482,19.069,-127.435,-1.115,-4.716,3.308,-14.325,-127.328,22.885,-16.061,9.884,3.504,-18.418,-22.473,310.427,67.053,0,0
0,1.932,0,53.304,-288.22,-114.613,5,15,10,1,0,8.373,-3.988,-13.261,-18.061,-12.305,8.672,10.05,0.707,-11.467,-3.13,-126.412,0.885,-3.66,0.629,-14.662,-252.611,46.718,8.916,9.839,1.351,-21.114,-16.443,291.359,56.229,0,0
0,0.654,0,50.432,-287.156,-127.831,5,15,10,1,0,7.973,-3.894,-13.644,-25.588,-8.336,9.023,9.662,0.414,-11.4,-21.725,-131.328,4.153,-3.808,1.221,-10.047,-118.473,67.053,45.313,7.293,3.264,-20.954,-15.618,276.244,46.626,0,0
0,-0.649,0,47.642,-279.008,-130.291,5,15,10,1,0,6.632,-1.466,-14.681,-42.504,-6.58,9.603,9.697,-0.244,-11.74,-34.977,-138.092,5.42,-2.939,-0.498,-8.198,-70.931,10.015,18.595,8.172,-0.831,-23.828,-12.794,257.099,37.466,0,0
0,-1.983,0,44.965,-267.735,-133.347,5,15,10,1,0,6.845,-4.768,-12.739,-51.237,-8.626,8.336,10.83,-0.441,-10.416,-49.832,-136.718,7.863,-2.888,-1.375,-6.589,-34.321,7.328,43.725,5.113,0.75,-22.199,-7.588,223.71,31.863,0,0
0,-3.338,0,42.504,-246.106,-135.521,5,15,10,1,0,5.985,-3.576,-12.904,-50.275,-9.466,9.053,11.278,-1.118,-9.973,-60.26,-137.802,12.183,-2.036,-1.38,0.517,8.321,-6.473,110.595,8.483,1.43,-20.705,8.397,197.466,26.901,0,0
0,-4.703,0,40.237,-226.674,-136.574,5,15,10,1,0,5.628,-3.221,-11.623,-58.427,-11.542,6.794,12.667,-0.565,-8.644,-66.046,-136.244,15.359,-3.769,-0.153,12.339,291.649,-92.947,191.145,6.723,0.393,-19.546,23.634,169.267,16.794,0,0
0,-5.956,0,38.384,-185.257,-125.221,5,15,10,0,0,6.038,-6.249,-8.684,-60.351,-18.321,4.626,12.835,1.265,-7.07,-76.031,-122.214,24.275,-2.189,-0.235,-3.765,98.458,-67.237,84.214,7.906,0.774,-19.486,57.71,127.023,9.618,0,0
0,-7.021,0,36.938,-144.688,-106.579,5,15,10,0,0,4.232,-4.364,-9.901,-69.74,-33.053,1.115,13.707,-0.821,-5.327,-82.443,-106.244,23.573,-1.317,3.899,3.698,484.382,-191.634,152.427,5.674,2.338,-19.84,82.855,86.183,0.015,0,0
0,-7.816,0,35.909,-102.848,-79.479,5,15,10,0,0,5.976,-5.178,-10.835,-69.725,-41.557,-0.382,11.448,-3.846,-5.71,-84.519,-99.542,20.824,5.362,3.561,-3.063,62.901,-24.427,23.435,6.22,0.963,-21.268,99.618,34.779,-2.214,0,0
0,-8.241,0,35.29,-61.958,-42.481,5,15,10,0,0,5.715,-9.197,-8.797,-57.069,-65.511,-8.275,15.862,-3.521,-6.244,-80.351,-78.137,19.939,4.665,7.54,9.523,314.122,-91.664,75.481,10.5,0.843,-21.091,105.679,17.45,1.527,0,0
0,-8.285,0,34.997,-29.285,-4.417,5,15,10,0,0,8.565,-8.996,-8.481,-38.809,-78.229,-12.321,15.493,-3.827,-7.185,-79.725,-57.847,22.168,4.328,5.3,-4.706,65.252,-21.45,19.023,3.59,6.014,-25.667,93.405,-20.443,2.183,0,0
0,-8.065,0,35.143,14.637,21.984,5,15,10,0,0,12.071,-8.967,-7.7,-15.802,-84.656,-16.947,10.399,-4.924,-10.636,-72.595,-54.153,24.092,-0.781,8.047,-8.383,51.313,-89.893,3.176,6.273,3.71,-31.396,62.473,-65.16,0.321,0,0
0,-7.681,0,35.7,55.653,38.429,5,15,10,0,0,11.484,-2.922,-11.453,-17.573,-89.71,-17.847,12.986,-5.197,-10.797,-62.183,-50.26,15.771,0.144,8.785,-5.101,55.618,-53.298,-8.427,5.329,5.913,-24.796,24.076,-132.656,2.809,0,0
0,-7.077,0,36.846,114.67,60.436,5,15,10,0,0,6.991,-3.844,-11.681,-18.412,-105.893,-23.527,15.242,-2.122,-11.142,-52.305,-42.641,14.672,2.156,19.812,-2.443,29.542,-420.168,392.305,11.384,5.418,-7.925,-19.634,-163.634,2.641,0,0
0,-6.249,0,38.205,135.853,82.787,5,15,10,0,0,9.626,-3.032,-12.387,-16.458,-109.481,-29.038,14.756,-1.049,-11.4,-52.458,-34.061,14.153,3.466,4.408,-11.362,-59.557,-61.573,-99.908,17.247,6.989,5.461,-67.344,-131.527,-1.115,0,0
0,-5.271,0,39.45,124.535,97.744,5,15,10,0,1,11.673,-3.066,-11.815,-13.847,-113.328,-31.679,13.304,-0.445,-12.643,-53.282,-27.832,12.321,4.234,9.39,-17.235,-140.504,-129.115,-64.489,13.261,-5.286,-3.31,-80.885,-99.16,-13.16,0,1
0,-4.245,0,40.416,96.634,102.619,5,5,10,0,1,10.651,-1.959,-13.367,-16.779,-113.649,-31.817,14.509,-0.704,-12.076,-53.038,-25.069,2.733,4.239,7.171,-14.119,-115.542,-22.015,-88.916,12.004,-4.191,-5.99,-83.969,-78.977,-14.855,0,0
0,-3.246,0.674,41.219,80.258,99.964,5,5,10,0,1,13.225,-1.801,-12.516,-20.29,-112.916,-34.87,14.116,-0.328,-12.116,-50.397,-20.702,-4.534,1.078,4.204,-29.123,-82.824,-132.168,281.405,7.52,-0.16,-16.233,-81.389,-85.817,-17.634,0,0
0,-2.261,1.307,42.372,115.288,98.465,15,5,10,0,1,11.211,-0.098,-11.827,-29.817,-114.26,-38.87,16.535,-0.833,-12.092,-44.198,-11.954,-13.038,-0.52,0.156,-8.145,-143.237,-9.542,-95.832,5.885,-1.339,-21.814,-62.26,-135.74,-22.84,0,0
0,-1.367,1.9,44.061,168.858,89.39,15,5,10,0,1,11.005,0.295,-12.167,-34.046,-108.916,-41.099,15.589,-1.171,-11.875,-43.618,-11.786,-18.763,-1.212,0.331,-4.258,-220.718,-102.382,-482.443,7.013,2.73,-18.686,-57.008,-167.084,-27.023,0,0
0,-0.455,2.454,46.038,197.743,91.187,15,5,10,0,1,13.036,-1.015,-10.076,-40.366,-108.901,-42.87,16.885,-0.877,-9.594,-36.214,-6.275,-20.015,-1.962,0.944,-8.996,-123.344,-122.885,297.038,8.596,4.816,-12.545,-78.336,-158.366,-30.046,0,0
0,0.493,2.967,47.646,160.778,94.837,15,5,10,0,1,15.074,-1.7,-8.668,-41.176,-107.237,-46.076,16.688,0.251,-8.002,-31.527,2.122,-18.153,1.705,6.01,-16.219,-56.198,-407.969,-190.534,10.509,-1.902,-14.722,-80.137,-122.275,-22.901,0,0
0,1.621,3.44,48.605,95.925,112.816,15,5,10,0,1,11.204,-1.878,-8.222,-45.389,-113.42,-47.023,17.393,1.114,-7.99,-34.565,11.664,-16.947,1.612,7.741,-17.749,7.618,-168.931,-33.71,19.048,-1.993,-11.293,-75.313,-69.023,-15.802,0,0
0,2.863,3.873,48.55,-5.459,124.134,15,5,10,0,1,9.3,-3.633,-8.026,-32.473,-113.328,-46.214,15.23,0.577,-6.694,-30.275,19.374,-15.176,8.095,4.404,-11.281,4.809,-118.672,-106.931,15.093,-7.76,-16.583,-26.794,-53.008,-11.802,0,0
0,4.301,4.266,47.953,-59.738,143.864,15,5,10,0,1,10.811,-3.767,-6.981,-22.198,-118.443,-45.176,15.766,-0.908,-6.009,-27.878,37.802,-17.099,0.321,4.803,27.045,0.58,-71.588,-193.466,18.818,-4.747,-16.083,39.145,-35.145,-18.977,0,0
0,5.968,4.619,46.892,-106.133,166.672,15,5,10,0,1,10.358,-3.846,-6.761,-14.321,-124.641,-43.45,15.352,-1.229,-4.479,-17.42,58.046,-16.977,2.474,7.652,-14.425,6.855,409.389,-23.878,9.183,2.761,-14.066,43.42,-22.153,-26.947,0,0
0,8.033,4.932,45.254,-163.754,206.52,15,5,10,0,1,7.374,-1.976,-10.821,-13.16,-141.664,-47.267,18.772,-1.305,-2.699,-19.099,86.107,-23.45,6.776,8.432,-25.239,34.489,357.069,1.527,11.213,0.611,-12.32,53.084,17.786,-23.45,0,0
0,10.403,5.204,43.014,-224.053,236.996,15,5,10,0,1,13.558,-5.001,-8.426,-6.275,-141.603,-43.71,14.856,-1.674,-5.362,-14.519,103.573,-23.786,-0.062,3.22,-21.675,77.282,-394.275,-54.718,14.952,2.438,-9.896,66.275,33.832,-10.519,0,0
0,13.135,5.437,40.194,-281.994,273.171,15,5,10,0,1,12.234,-7.734,-8.306,-5.725,-162.321,-40.397,18.161,-0.769,-2.512,-15.695,138.885,-28.168,5.777,2.594,-10.368,38.519,-185.618,18.26,13.462,-1.116,-12.696,67.802,56.305,-1.802,0,0
0,16.277,5.629,37.044,-314.953,314.187,15,5,10,0,1,13.326,-9.379,-15.153,-10.931,-177.053,-38.947,19.366,-2.874,-6.641,-1.252,170.962,-27.313,4.567,1.708,-12.574,40.565,226.137,85.74,9.702,1.607,-10.641,79.679,59.282,-5.893,0,0
0,20.031,5.782,33.697,-334.706,375.378,15,5,10,0,1,8.047,-9.082,-21.608,19.511,-200.962,-35.802,16.214,-3.308,-6.275,11.802,197.786,-15.786,3.243,-2.839,-19.103,104.412,226.87,24.427,8.287,-8.996,-11.003,109.511,56.351,-19.939,0,0
0,24.341,5.894,30.383,-331.444,431.043,15,5,10,0,1,4.967,-10.497,-18.746,66.794,-229.618,-35.13,19.553,-5.64,-7.698,29.756,225.389,2.412,-3.051,3.506,-15.496,50.58,-394.626,26.931,12.641,-3.736,-11.74,116.412,46.641,-24.183,0,0
0,29.208,5.966,27.102,-328.103,486.672,15,5,10,0,1,15.445,-7.149,-16.914,92.763,-228.733,-41.588,14.174,-6.308,-13.649,56.244,239.023,29.725,1.526,2.045,-13.132,50.824,-205.099,26.519,6.979,-5.044,-16.363,127.13,30.656,-20.87,0,0
0,34.345,5.998,24.15,-295.155,513.749,15,5,10,0,1,9.139,-3.851,-21.443,102.794,-246.427,-44.382,6.883,-5.552,-15.134,77.924,238.229,53.908,5.674,1.272,-13.175,65.328,-195.008,25.954,8.332,-4.426,-17.261,134.84,17.725,-21.145,0,0
0,39.817,5.99,21.7,-244.996,547.189,15,5,10,0,1,9.365,-6.524,-22.403,120.641,-256.031,-50.687,11.534,-0.172,-14.344,91.374,247.74,81.221,5.513,2.127,-13.905,78.046,-176.122,15.969,10.277,4.8,-12.878,104.794,12.855,-19.389,0,0
0,45.369,5.942,19.645,-205.491,555.188,15,5,10,0,1,13.029,-8.15,-20.614,138.29,-252.443,-44.122,10.617,3.159,-15.17,80.626,252.412,97.588,5.379,6.286,-21.507,190.153,-334.534,12.458,11.082,7.803,-10.976,79.786,12,-19.099,0,0
0,50.965,5.854,17.814,-183.14,559.571,15,5,10,0,1,13.304,-13.06,-19.522,201.45,-213.618,-25.42,11.898,1.015,-17.201,52.947,260.443,108.55,6.385,-0.338,-17.824,112.763,-167.16,-3.573,7.005,-6.845,-23.821,96.305,10.626,-13.176,0,0
0,55.955,5.726,17.602,-21.206,499.078,15,5,10,0,1,11.295,-8.145,-12.083,210.611,-194.031,-23.618,11.431,2.74,-20.542,31.298,265.237,142.427,1.935,15.347,-8.172,-93.221,-129.725,-433.344,12.217,16.178,-1.545,102.458,-39.863,4.641,0,0
0,60.145,5.557,17.634,3.273,418.935,15,5,10,0,1,11.388,8.914,-19.242,175.557,-125.649,-20.855,8.246,5.705,-20.224,43.786,252.611,118.504,-7.259,21.385,-24.599,130.397,-499.679,-22.107,20.173,28.472,-1.087,-89.924,55.649,-22.977,0,0
0,63.5,5.349,15.796,-183.815,335.53,15,5,10,0,1,7.219,5.755,-19.146,149.863,-85.573,-20.901,5.607,-2.158,-18.655,62.092,235.023,107.145,-7.274,10.436,-39.499,-493.618,497.313,-255.023,7.827,-15.692,-13.309,-60.137,45.084,-35.359,0,0
0,66.408,5.1,13.229,-256.691,290.749,15,5,10,0,1,9.726,6.158,-13.182,75.603,-57.298,-10.137,9.736,2.946,-6.613,55.954,199.16,70.809,-2.567,3.797,-18.7,169.344,-61.328,-99.908,2.249,-23.488,-19.951,100.305,14.87,-2.198,0,0
0,68.77,4.811,11.05,-217.93,236.207,15,5,10,0,1,11.951,2.17,-14.691,33.74,-15.985,11.221,11.264,-0.721,-11.913,46.015,185.115,29.313,1.181,2.85,-10.306,6.122,292.519,18.443,7.528,3.353,-10.222,158.489,3.847,10.779,0,0
0,70.538,4.483,9.318,-173.184,176.823,15,5,10,0,1,7.884,1.756,-16.736,-6.519,9.954,23.756,12.947,-1.468,-11.621,38.26,179.115,0.977,8.524,3.497,-10.631,55.71,386.321,37.618,8.572,9.432,-8.591,134.336,15.908,8.916,0,0
0,71.875,4.114,7.816,-150.181,133.724,15,5,10,0,1,3.868,2.738,-17.352,-41.405,37.908,28.305,12.763,-1.336,-11.515,35.359,173.542,-20.565,9.135,6.414,-12.342,74.733,-271.145,3.206,9.23,11.221,-9.103,48.824,19.328,2.107,0,0
0,72.918,3.705,6.477,-133.976,104.325,15,5,10,0,1,3.413,0.695,-17.484,-67.588,62.229,26.855,11.606,-0.268,-11.475,33.42,171.878,-35.878,5.413,13.037,27.361,-390.26,110.641,-85.496,8.107,3.444,-11.312,0.183,12.748,-4.748,0,0
0,73.75,3.256,5.462,-101.464,83.153,15,5,10,0,1,2.888,-0.371,-17.857,-75.756,83.16,26.595,11.446,-1.49,-12.27,30.916,170.916,-45.603,3.698,9.592,-13.977,60.26,-107.954,-6.626,7.801,1.324,-10.061,-14.595,4.443,-3.893,0,0
0,74.369,2.767,4.773,-68.871,61.867,15,5,10,0,1,1.983,-1.245,-18.396,-76.595,98.351,27.023,9.757,0.12,-11.554,27.756,168.672,-45.298,6.165,5.188,-13.733,47.542,-83.756,0.779,5.585,-2.754,-12.464,0.885,-1.771,-4.947,0,0
0,74.79,2.237,4.554,-21.915,42.103,15,5,10,0,1,1.284,-1.569,-17.714,-68.504,112.015,28.702,9.805,0.448,-12.124,22.351,165.359,-41.847,4.45,6.438,-13.659,35.924,-264.611,30.351,8.529,3.846,-8.16,-12.489,-7.053,-4.244,0,0
0,75.021,1.668,4.554,-0,23.106,15,5,10,0,1,2.436,-1.906,-16.677,-57.603,129.282,27.695,9.336,1.186,-11.604,15.405,163.725,-37.695,4.325,7.643,-11.503,16.901,-101.069,312.916,11.158,2.019,-5.858,-37.16,-16.977,-11.847,0,0
0,75.123,1.059,4.565,1.076,10.265,15,5,10,0,1,7.175,-5.192,-13.781,-33.756,151.252,25.206,7.336,0.129,-12.349,13.511,162.107,-24.534,2.62,12.553,-17.656,95.008,-399.389,7.817,7.896,-0.069,-8.407,-34.046,-26.718,-10.87,0,0
0,75.101,0.409,4.609,4.36,-2.232,15,5,10,0,1,1.938,0.508,-17.716,-34.122,164.611,17.634,10.026,-0.869,-11.374,13.634,163.939,-22.305,2.244,7.484,-12.15,-3.695,-50.901,1.74,8.804,0.309,-6.505,-24.962,-35.313,-8.015,0,0
0,75.094,0,4.613,0.401,-0.71,15,5,10,0,1,3.329,-3.252,-16.363,-18.198,177.237,6.809,11.271,-1.061,-11.692,3.008,168.366,-8.87,1.327,8.234,-13.237,-14.885,388.183,0.763,10.152,1.229,-5.827,-14.092,-32.885,-4.504,0,0
0,75.09,0,4.543,-7.004,-0.355,15,5,10,0,1,3.959,-3.854,-17.584,13.053,197.71,-0.305,10.184,-3.252,-12.742,8.305,171.802,-0.336,0.383,7.842,-18.777,-48.718,-265.908,-119.695,10.636,-4.522,-13.597,4.214,-25.298,-3.084,0,0
0,75.025,0,4.488,-5.459,-6.569,15,5,10,0,1,2.704,-6.086,-16.633,31.191,201.023,-15.511,9.218,-0.041,-11.585,15.74,175.466,20.031,3.525,12.23,-13.992,-63.557,-235.053,12.702,6.407,2.33,-7.319,-2.122,-47.634,0,0,0
0,74.746,0,4.302,-18.642,-27.878,15,5,10,0,1,5.13,0.184,-22.266,67.863,229.954,-17.588,4.543,-4.021,-14.622,41.252,161.802,18.061,-1.964,17.954,-24.161,-49.176,-144.84,-5.099,13.882,3.092,-7.93,-18.733,-21.786,-1.115,0,0
0,74.207,0,3.873,-42.881,-53.856,15,5,10,0,1,1.844,-4.821,-19.838,87.573,232.626,-29.267,6.217,-3.434,-11.707,61.237,152.916,32.687,2.749,4.421,-12.516,-27.893,-69.786,-1.313,7.942,0.206,-8.442,-16.015,-34.748,1.832,0,0
0,73.417,0,3.481,-39.173,-79.033,15,5,10,0,1,4.979,-2.287,-19.852,93.053,244.458,-38.458,5.597,-4.677,-12.617,82.29,139.618,34.031,4.677,5.145,-11.36,-20.779,-69.847,2.412,8.066,-2.443,-9.171,10.275,-39.924,4.885,0,0
0,72.344,0,3.21,-27.077,-107.323,15,5,10,0,1,3.037,-1.49,-19.294,86.076,255.176,-47.481,5.786,-3.116,-11.846,103.206,122.504,34.229,4.876,5.341,-11.161,-8.168,-63.466,1.145,8.639,2.831,-6.845,18.55,-47.664,9.313,0,0
0,71.073,0,3.078,-13.218,-127.11,15,5,10,0,1,3.82,-1.54,-19.658,73.145,265.634,-52.092,4.757,-3.013,-11.903,119.863,105.145,26.397,7.228,4.268,-10.435,7.42,-54.427,3.252,7.52,1.126,-10.112,25.786,-55.725,8.046,0,0
0,69.505,0,3.089,1.064,-156.75,15,5,10,0,1,2.469,-2.364,-19.299,56.763,269.42,-52.763,5.712,-3.296,-10.5,133.221,87.313,16.321,4.462,5.465,-12.591,19.649,-116.58,2.687,10.509,2.601,-9.113,12.153,-49.13,7.038,0,0
0,67.737,0,3.093,0.401,-176.834,15,5,10,0,1,4.388,-2.615,-19.299,34.779,274.366,-53.252,6.392,-2.831,-9.781,141.191,71.695,5.634,2.872,5.826,-17.378,43.71,-113.588,0.916,10.018,1.116,-9.319,6.855,-52.458,5.847,0,0
0,65.752,0,3.107,1.431,-198.475,15,5,10,0,1,3.039,-3.827,-19.608,18.885,279.282,-49.679,6.146,-0.757,-10.679,142.183,58.534,-8.489,2.187,6.022,-18.523,40.809,-123.847,3.176,9.64,0.508,-9.676,6.763,-54.901,5.649,0,0
0,63.606,0,3.114,0.732,-214.646,15,5,10,0,1,4.972,-2.972,-20.204,6.779,280.107,-44.794,6.289,1.348,-10.224,134.382,44.336,-20.443,3.231,5.494,-13.664,18.595,-55.847,1.282,8.842,-0.172,-10.255,13.252,-61.603,6.504,0,0
0,61.288,0,3.114,-0,-231.766,15,5,10,0,1,6.541,-0.125,-24.712,7.008,287.634,-35.588,5.224,2.709,-9.417,118.092,33.557,-32.092,2.924,6.366,-13.68,19.511,-55.817,-2.015,11.817,3.535,-6.766,8.702,-62.443,8.229,0,0
0,58.889,0,3.14,2.563,-239.857,15,5,10,0,1,1.339,-4.11,-23.9,3.344,277.038,-28.87,4.146,4.797,-8.543,86.473,21.954,-47.389,2.888,6.182,-14.519,20.763,-60.809,-5.237,11.304,1.504,-10.164,6.901,-61.542,5.237,0,0
0,56.41,0,3.144,0.435,-247.937,15,5,10,0,0,2.057,-4.129,-24.19,-5.924,258.718,-20.687,6.713,6.682,-5.808,45.435,9.954,-43.649,4.117,5.687,-19.246,32.962,-127.588,-10.046,10.143,1.43,-10.579,6.336,-65.496,3.71,0,0
0,53.982,0,3.17,2.563,-242.856,15,5,10,0,0,3.116,-2.812,-26.362,-11.13,250.611,-9.985,3.681,5.681,-7.769,12.779,-4.718,-42.641,4.019,5.813,-14.895,14.794,-129.359,-30.168,10.488,0.953,-10.078,6.137,-68.26,3.954,0,0
0,51.576,0,3.236,6.569,-240.59,15,5,10,0,0,1.835,-4.661,-25.711,-24.214,224.916,-1.618,4.098,3.485,-6.629,-5.145,-14.672,-34.931,5.259,3.789,-14.059,14.763,-125.878,-15.908,7.324,-1.109,-12.696,15.725,-76.733,2.87,0,0
0,49.342,0,3.503,26.699,-223.332,15,5,10,0,0,1.516,-3.913,-26.039,-37.374,198.244,7.679,4.119,2.393,-6.112,-11.954,-27.908,-26.29,2.072,4.723,-15.606,19.802,-124.382,-25.527,7.369,0.697,-10.696,14.061,-81.023,-0.321,0,0
0,47.229,0,3.84,33.714,-211.316,15,5,10,0,0,1.813,-5.3,-23.773,-52.84,167.969,16.84,2.785,1.696,-5.827,-11.954,-40.565,-21.405,7.748,4.962,-11.707,17.374,-52.901,-12.366,8.557,1.511,-9.204,8.397,-95.435,0.977,0,0
0,45.325,0,4.195,35.557,-190.43,15,5,10,0,0,-0.192,-2.912,-27.258,-69.939,135.74,25.298,2.417,2.678,-5.693,-11.725,-52.885,-19.115,3.322,5.753,-16.265,11.008,-105.115,-44.153,16.384,-2.033,-10.186,16.29,-77.053,2.137,0,0
0,43.581,0,4.594,39.86,-174.34,15,5,10,0,0,-0.34,-5.082,-25.203,-80.122,101.939,34.718,2.927,1.394,-3.439,-15.786,-62.885,-18.931,7.882,3.537,-13.041,23.817,-39.771,1.405,8.871,-0.513,-11.836,21.817,-96.824,8.427,0,0
0,42.058,0,5.121,52.723,-152.333,15,5,10,0,0,10.337,-4.306,-20.168,-86.885,82,25.832,11.333,1.356,-1.892,-34.809,-56.229,-22.214,3.408,5.837,-15.728,28.489,-35.282,2.885,16.641,1.48,-7.104,17.924,-85.389,10.687,0,0
0,40.743,0,5.616,49.484,-131.47,15,5,10,0,0,2.793,-1.669,-30.91,-99.725,42.107,18.458,11.743,0.093,-1.53,-22.229,-52.55,-15.206,5.444,5.556,-14.569,36.275,-32.015,6.611,14.155,-0.56,-9.796,17.969,-85.954,11.74,0,0
0,39.78,0,6.103,48.718,-96.325,15,5,10,0,0,-0.695,-2.378,-39.247,-85.359,1.313,17.71,4.313,0.158,-6.16,-15.038,-63.527,-11.939,7.508,5.698,-12.186,43.374,-29.191,8.061,10.928,-0.941,-10.03,29.496,-95.832,16.015,0,0
0,39.44,0,6.707,60.402,-34.012,15,5,10,1,0,1.439,-2.757,-36.464,-78.656,-83.282,0.87,3.631,1.293,-4.105,-9.252,-66.397,9.527,5.456,4.804,-13.386,52.794,-25.939,1.374,13.472,1.054,-6.311,31.023,-95.221,17.832,1,0
0,39.666,0,7.301,59.361,22.636,5,5,10,1,0,5.693,-4.994,-24.748,-40.687,-122.336,-10.137,4.742,-2.857,-5.415,-7.985,-80.443,19.023,4.589,4.574,-13.711,53.466,-27.206,0.916,11.635,-2.833,-12.239,43.191,-97.176,19.16,0,0
0.67,40.318,0,8.073,77.236,65.197,5,15,10,1,0,11.06,-9.997,-4.565,-6.855,-136.198,-16.656,10.234,-2.742,-6.433,6.901,-70.687,41.817,7.573,5.482,-10.603,64.672,-19.053,16.977,13.802,0.855,-8.093,50.183,-113.237,23.893,0,0
1.3,41.084,0,8.948,87.49,76.55,5,15,10,1,0,11.357,-14.145,-2.041,43.74,-99.45,-3.878,14.15,-6.146,-8.1,13.603,-44.687,60.809,8.521,6.653,-10.758,67.954,-28.794,27.237,14.801,2.496,-9.206,42.107,-115.573,24.473,0,0
1.891,41.812,0,9.908,95.993,72.842,5,15,10,1,0,5.535,-7.269,-4.146,79.71,-83.939,4.076,13.458,-7.81,-7.877,40.321,-22.092,87.618,7.997,6.986,-11.783,61.802,-6.214,12.366,17.879,1.624,-5.36,27.13,-118.168,24.305,0,0
2.442,42.435,0,10.783,87.456,62.267,5,15,10,1,0,5.051,-4.747,-9.489,84.26,-65.679,-2.229,7.674,-5.099,-9.832,68.992,-25.145,101.053,11.894,6.304,-11.379,54.931,-2.26,20.137,15.024,-2.314,-7.805,28.168,-124.427,25.954,0,0
2.953,42.853,0,11.787,100.422,41.805,5,15,10,1,0,2.17,0.525,-24.53,63.863,-72.412,-10.351,4.524,-3.413,-9.889,101.328,-57.099,101.725,2.122,2.351,-16.688,146.809,42.504,71.756,16.597,-1.53,-5.923,27.038,-119.863,25.878,0,0
3.424,43.076,0,13.061,127.442,22.27,5,15,10,1,0,8.275,-1.015,-25.814,45.893,-77.176,-11.313,5.707,-0.158,-8.665,114.214,-85.053,71.939,11.12,7.676,-9.374,3.878,67.053,6.656,13.752,4.038,-4.273,17.466,-145.328,23.206,0,0
3.857,42.981,0,14.705,164.349,-9.499,5,15,10,1,0,9.741,-0.881,-22.389,39.71,-71.298,-2.214,9.297,4.385,-9.113,98.962,-97.099,37.145,1.504,5.365,-4.8,9.099,196.58,28.824,13.989,1.655,-5.238,-4.153,-148.305,18.168,0,0
4.249,42.582,0,16.613,190.853,-39.917,5,15,10,1,0,9.559,-0.467,-22.331,38.947,-70.397,-1.588,12.677,3.42,-8.644,54.382,-94.916,10.977,13.036,7.643,-5.121,-14.031,71.359,17.618,13.115,1.739,-3.343,-20.382,-167.13,21.13,0,0
4.602,41.729,0,18.869,225.609,-85.293,5,15,10,1,0,11.585,0.139,-16.854,25.542,-30.473,19.908,15.426,2,-10.737,0.87,-107.496,11.191,11.321,8.009,-1.394,-57.985,191.359,1.099,19.002,0.345,-1.933,-32.275,-163.985,19.191,0,0
4.915,40.311,0,21.476,260.685,-141.758,5,15,10,1,0,11.415,1.7,-17.345,-2.015,-4.427,26.84,15.46,2.311,-10.346,-21.267,-127.084,15.542,8.572,8.042,-4.857,-80.031,238.046,17.588,18.391,1.691,-1.545,-53.588,-154.779,19.282,0,0
5.188,38.444,0,24.296,281.972,-186.745,5,15,10,1,0,7.935,6.764,-21.395,-48.168,12.183,31.878,12.78,1.818,-13.295,-53.145,-150.84,13.176,9.57,9.372,-8.598,-57.313,136,14.534,16.394,4.275,-4.105,-55.176,-158.26,17.664,0,0
5.422,36.136,0,27.347,305.089,-230.713,5,15,10,1,0,8.088,-2.354,-16.023,-66.672,39.221,37.053,12.998,2.165,-13.304,-40.458,-167.237,9.924,9.168,8.306,-8.603,-86.351,343.206,11.511,17.642,6.239,-10.387,-80.168,-155.389,15.863,0,0
5.616,33.577,0,30.691,334.386,-255.993,5,15,10,1,0,9.094,4.064,-16.835,-117.557,47.481,46.473,12.433,0.017,-13.472,-71.466,-188.885,-0.794,7.367,20.15,-12.052,156.718,41.756,-4.885,13.654,6.433,-15.515,-92.779,-181.481,12.198,0,0
5.771,30.64,0,34.525,383.412,-293.679,5,15,10,1,0,12.689,2.963,-12.286,-143.084,58.244,44.779,10.593,1.152,-9.944,-78.87,-195.084,-5.069,9.132,11.022,-12.21,-132.641,207.42,-11.023,12.468,10.188,-14.02,-120.595,-210.992,10.916,0,0
5.886,27.497,0,38.798,427.312,-314.232,5,15,10,1,0,2.16,5.197,-16.126,-168.931,47.206,57.115,7.487,2.417,-8.344,-88.489,-202.519,-11.313,10.193,7.813,-14.43,-146.809,227.786,-32.305,15.699,7.724,-15.663,-154.046,-222.794,10.824,0,0
5.961,24.073,0,43.471,467.309,-342.419,5,15,10,1,0,5.166,1.286,-18.846,-176.534,46.901,52.015,7.233,1.662,-7.93,-100.137,-203.618,-18.198,8.378,7.231,-16.969,-161.71,-54.977,-469.374,11.688,3.334,-18.149,-165.771,-228.687,7.573,0,0
5.997,20.796,0,48.345,487.428,-327.737,5,15,10,1,0,6.203,-7.693,-14.978,-167.038,41.008,45.053,9.439,1.82,-8.543,-110.87,-200.351,-15.023,6.184,10.808,-27.236,-320.458,500.26,-166.076,15.35,4.345,-15.728,-173.664,-228.702,-2.687,0,0
5.993,17.8,0,53.337,499.181,-299.584,5,15,10,1,0,1.758,-9.101,-17.987,-145.13,35.664,46.046,7.611,0.764,-9.736,-125.008,-189.145,-6.473,7.684,-0.677,-41.645,-75.939,90.366,248.427,12.555,4.711,-15.302,-177.252,-218.092,-4.305,0,0
5.949,15.291,0,58.277,493.997,-250.866,5,15,10,1,0,4.519,-9.695,-14.384,-115.359,21.618,38.58,15.125,-2.211,-10.44,-136.366,-171.725,1.038,8.327,-0.323,-17.967,-117.649,266.87,-88.977,12.464,4.397,-14.423,-190.015,-190.214,-8.092,0,0
5.866,13.172,0,63.001,472.402,-211.979,5,15,10,1,0,2.761,-6.555,-17.29,-85.328,21.588,40.443,14.198,-3.849,-9.635,-145.099,-160.885,14.58,10.03,6.499,-47.536,-276.153,67.649,363.725,2.778,-2.67,-15.287,-152.855,-163.435,-3.344,0,0
5.743,11.333,0,67.173,417.161,-183.827,5,15,10,1,0,8.371,-10.524,-11.482,-55.42,33.603,38.397,9.525,-5.568,-12.955,-131.389,-158.916,32.229,8.756,0.739,-25.804,-81.649,493.542,-295.573,16.94,-9.204,-10.744,-118.137,-98.382,-4.122,0,0
5.581,9.55,0,70.497,332.44,-178.357,5,15,10,1,0,3.25,-3.046,-15.673,-55.069,21.527,33.924,10.299,-6.651,-9.408,-115.405,-162.122,35.756,7.86,1.055,-24.697,-52.092,453.145,-99.786,12.639,-14.159,-10.004,-56.137,-31.771,-1.939,0,0
5.379,7.942,0,72.888,239.136,-160.767,5,15,10,1,0,7.98,-8.045,-11.688,-47.618,31.267,29.45,8.107,-4.819,-10.222,-100.153,-158.015,36.168,6.457,2.771,-14.907,-19.267,410.733,-117.863,9.987,-11.719,-10.433,12.947,18.412,6.046,0,0
5.137,6.235,0,74.54,165.15,-170.666,5,15,10,1,0,6.507,-3.528,-13.355,-36.397,27.924,31.466,6.766,-4.093,-9.25,-90.26,-155.939,28.962,3.724,2.789,-22.02,-58.626,-144.122,78.412,8.064,-9.214,-14.02,80.153,59.817,10,0,0
4.855,4.514,0,75.635,109.543,-172.154,5,15,10,1,0,9.192,-4.706,-11.807,-44.214,33.038,26.244,8.076,-1.957,-8.996,-83.893,-151.893,19.908,1.825,2.872,-14.746,-24.55,328.336,50.443,8.172,-2.809,-14.672,105.145,88.87,5.802,0,0
4.534,2.812,0,76.393,75.794,-170.22,5,15,10,1,0,7.973,-2.831,-12.351,-52.534,28.885,22.366,8.193,-0.69,-8.466,-82.55,-142.382,10.885,1.993,2.285,-13.065,-14.84,324.153,150.351,5.767,-0.865,-16.48,117.481,103.466,-1.603,0,0
4.174,1.273,0,76.954,56.042,-153.889,5,15,10,1,0,6.584,-7.932,-10.902,-47.282,24.504,18.84,9.08,-3.329,-10.1,-97.679,-136.061,4.397,2.548,1.487,-14.804,2.183,162.992,50.046,4.931,1.854,-15.412,102.244,122.992,-6.672,0,0
3.773,-0.236,0,77.18,22.671,-150.845,5,15,10,1,0,5.312,-5.858,-13.302,-30.198,22.046,19.954,11.522,-1.796,-9.197,-91.954,-126.473,9.542,0.886,3.391,-14.875,8.55,-375.084,366.901,4.349,1.787,-14.945,79.908,140.336,-6.519,0,0
3.333,-1.605,0,77.147,-3.296,-136.975,5,15,10,1,0,6.395,-3.549,-12.995,-32.473,17.115,15.053,12.61,-1.454,-10.327,-91.008,-123.221,10.183,0.745,4.824,-14.643,33.924,152.702,97.679,0.187,-2.776,-18.42,59.45,162.214,-2.84,0,0
2.854,-2.803,0,77.152,0.423,-119.717,5,15,10,0,0,5.54,-7.058,-12.679,-23.069,14.427,12.397,8.998,-3.346,-10.672,-84.763,-119.435,8.977,0.307,4.328,-15.345,44.137,147.511,68.977,5.283,0.845,-14.049,41.206,172.214,5.985,0,0
2.335,-3.828,0,77.137,-1.465,-102.539,5,15,10,0,0,4.816,-4.761,-12.571,-12.137,9.573,11.084,10.739,-4.831,-9.899,-72.565,-114.885,8.046,4.745,4.376,-12.785,50.489,144.122,108.641,4.225,1.083,-12.337,31.42,175.374,12.794,0,0
1.776,-4.7,0,76.917,-22.03,-87.181,5,15,10,0,0,5.549,-6.215,-11.451,-6.214,1.878,4.611,13.973,-4.912,-9.309,-65.298,-100.626,4.58,-1.083,5.398,-17.642,46.29,125.466,22.229,9.302,-2.012,-15.532,1.191,203.328,12.336,0,0
1.177,-5.253,0,76.43,-48.683,-55.309,5,15,10,0,0,0.663,-5.918,-13.043,0.55,-13.71,2.55,14.569,-4.486,-9.86,-50.412,-83.176,1.802,0.244,5.074,-22.738,67.573,263.45,27.603,3.751,-4.369,-17.402,1.695,208.824,18.992,0,0
0.539,-5.396,0,75.826,-60.402,-14.271,5,15,10,0,0,5.338,-6.785,-11.053,17.679,-21.084,-3.267,13.901,-4.278,-10.56,-36.305,-59.053,2.901,-0.417,9.263,15.616,152.702,68.87,-23.45,7.781,1.102,-13.259,-7.099,219.832,30.382,0,0
0,-5.224,0,74.954,-87.17,17.201,5,15,10,0,0,6.33,-8.246,-8.859,34.29,-28.26,-4.763,12.291,-5.48,-9.439,-18.702,-44.122,5.435,0.575,7.175,-15.659,4.809,120.855,-4.534,7.911,-0.97,-15.024,-14.26,236.473,38.611,0,0
0,-5.047,0,73.833,-112.107,17.635,5,15,10,0,0,7.331,-5.544,-9.882,46.901,-27.099,-3.359,8.886,-5.535,-8.507,13.557,-48.244,4.641,0.24,8.119,-16.03,-16.092,227.435,-14.87,8.407,0.228,-15.594,-19.618,253.42,47.786,0,0
0,-5.073,0,72.449,-138.405,-2.563,5,15,10,0,0,6.21,-1.751,-10.5,33.42,-24.092,-3.267,5.489,-2.534,-8.663,41.252,-65.771,-0.122,-0.017,7.645,-14.849,-29.802,209.023,-37.557,6.44,0.014,-17.041,-18.672,261.084,56.885,0,0
0,-5.165,0,70.853,-159.634,-9.235,5,15,10,0,0,6.38,-3.705,-8.21,7.863,-36.534,-6.107,8.962,-1.468,-6.103,46.305,-67.389,-7.588,-1.159,13.636,-34.258,-361.649,-211.191,-185.649,7.027,2.429,-16.825,-24.55,269.863,62.29,0,0
0,-5.531,0,69.058,-179.489,-36.552,5,15,10,0,0,6.673,-7.92,-7.741,14.58,-30.901,-6.122,10.107,0.457,-6.368,46.015,-74.534,-6.565,-0.793,6.492,-19.989,-131.145,182.031,-29.191,6.433,0.453,-18.152,-31.71,274.092,60.519,0,0
0,-6.179,0,67.11,-194.802,-64.854,5,15,10,1,0,8.701,-1.42,-11.24,-3.863,-20.656,-5.099,9.18,-0.709,-6.993,34.931,-86.183,-9.435,-3.197,6.771,-15.728,-79.267,67.038,-50.809,8.421,4.788,-13.925,-31.588,275.359,61.893,0,0
0,-6.934,0,65.023,-208.695,-75.462,5,15,10,1,0,7.995,-1.887,-11.372,-23.053,-22.611,-6.534,10.16,1.976,-8.076,16.382,-91.176,-8.824,-2.302,4.776,-15.321,-99.176,138.855,-41.649,8.052,-0.18,-17.445,-15.435,279.389,59.481,0,0
0,-7.63,0,62.866,-215.722,-69.592,5,15,10,0,0,6.905,-2.666,-11.997,-34.672,-27.206,-9.069,11.122,2.009,-8.157,-2.687,-88.29,-5.908,-3.137,5.231,-15.786,-111.221,60.687,-17.71,8.09,0.872,-17.369,-15.328,280.962,56.718,0,0
0,-8.201,0,60.628,-223.778,-57.095,5,15,10,0,0,6.716,-6.292,-10.133,-34.336,-37.603,-9.527,13.376,0.968,-8.562,-26.763,-77.924,-0.382,-1.109,4.801,-16.277,-232.55,422.473,13.435,7.008,2.589,-18.322,-7.786,273.13,55.481,0,0
0,-8.607,0,58.347,-228.127,-40.638,5,15,10,0,0,4.05,-4.052,-12.54,-29.13,-42.779,-8.794,13.189,-0.553,-8.241,-37.115,-71.496,3.053,-1.614,5.246,-15.692,-221.313,196.092,18.137,9.302,0.57,-19.357,-5.16,267.557,50.748,0,0
0,-8.754,0,56.046,-230.015,-14.694,5,15,10,0,0,4.915,-5.087,-11.029,-26.901,-57.542,-14.885,14.401,-0.263,-8.395,-40.504,-60.153,5.557,-2.247,6.31,-13.882,-181.282,75.115,53.985,9.199,2.57,-19.644,-8.061,263.328,47.053,0,0
0,-8.685,0,53.728,-231.812,6.958,5,15,10,0,0,6.213,-6.534,-10.912,-13.634,-58.076,-13.634,12.445,-2.682,-8.718,-38.87,-56.916,4.885,-1.202,2.395,-8.905,-128.977,68.061,10.992,8.088,2.761,-19.965,-16.321,253.237,43.328,0,0
0,-8.652,0,51.377,-235.108,3.296,5,15,10,0,0,5.432,-3.375,-12.912,0.763,-60.458,-12.031,10.452,-2.476,-8.474,-27.618,-64.611,2.992,-0.91,0.467,-8.301,-18.26,42.29,22.29,8.577,2.472,-21.344,-20.275,237.71,38.076,0,0
0,-8.64,0,49.055,-232.19,1.144,5,15,10,0,0,6.541,-3.767,-11.146,-4.855,-66.885,-12.763,8.186,-3.137,-9.664,-17.511,-69.557,3.511,-2.201,1.145,-7.391,36.885,19.542,213.863,5.904,-0.084,-23.66,-23.649,223.115,30.947,0,0
0,-8.614,0,46.782,-227.372,2.563,5,15,10,0,0,6.057,-4.579,-11.247,-4.595,-73.573,-15.221,11.283,-1.116,-7.999,-11.191,-72.122,5.252,-2.656,0.879,-7.791,39.45,-4.641,32.366,7.815,2.658,-19.019,-12.702,191.252,26.122,0,0
0,-8.571,0,44.657,-212.449,4.383,5,15,10,0,0,6.629,-4.323,-11.084,-8.076,-80.412,-16.397,11.312,-1.095,-8.284,-11.985,-71.16,6.626,-1.667,2.426,-6.85,49.527,-18.565,35.603,6.804,0.048,-20.271,20.824,167.664,17.985,0,0
0,-8.285,0,42.688,-196.953,28.542,5,15,10,0,0,7.554,-7.192,-8.076,-13.634,-98.84,-21.832,13.903,-0.156,-7.65,-20.427,-53.435,11.359,-2.361,1.859,-7.482,52.885,-29.863,18.519,4.095,1.198,-20.497,59.221,133.832,9.802,0,0
0,-7.805,0,40.959,-172.898,47.974,5,15,10,0,0,5.626,-5.525,-11.623,-10.275,-97.328,-19.053,14.856,-2.189,-9.872,-24.137,-42.015,4.611,-3.121,3.717,-5.676,108.718,-174.412,73.893,2.062,2.809,-22.956,84.046,106.779,1.191,0,0
0,-7.146,0,39.568,-139.103,65.941,5,15,10,0,0,9.611,-4.8,-12.435,-4.412,-103.939,-25.786,13.465,-3.209,-10.835,-24.916,-31.588,2.015,2.747,4.345,0.776,98.641,-184.55,74.504,9.611,-2.306,-22.939,99.206,69.679,-0.046,0,0
0,-6.315,0,38.567,-100.056,83.153,5,15,10,0,0,8.488,-4.46,-12.255,-4.321,-103.74,-25.389,13.872,-2.182,-13.108,-19.756,-21.802,-2.366,1.99,7.391,-5.803,54.244,-179.053,30.656,10.179,4.16,-19.692,106.489,40.702,4.534,0,0
0,-5.337,0,37.835,-73.219,97.744,5,15,10,0,0,9.944,-6.182,-12.248,6.244,-111.145,-29.695,12.471,-3.279,-14.401,-13.069,-14,-3.053,3.466,6.639,1.365,76.901,-168.061,83.298,5.738,6.819,-24.175,95.221,-3.878,0.031,0,0
0,-4.286,0,37.641,-19.421,105.16,5,15,10,0,0,7.963,-3.336,-15.139,10.84,-109.298,-30.229,11.211,-4.541,-14.382,-6.763,-13.176,-2.427,3.449,6.064,-2.318,33.603,-59.237,13.863,4.057,5.463,-29.238,81.176,-69.42,-2.611,0,0
0,-3.173,0,38.018,37.788,111.26,5,15,10,0,0,7.008,-2.618,-14.595,11.267,-115.481,-33.466,12.988,-1.2,-12.025,4.183,-12.168,-0.321,-0.374,6.378,-6.972,23.985,-151.664,394.26,1.94,7.226,-29.037,19.237,-128.061,-5.878,0,0
0,-2.016,0,38.795,77.625,115.723,5,15,10,0,0,8.941,-3.861,-13.422,11.481,-116.29,-34.107,13.24,0.74,-10.806,1.084,-11.053,3.145,-2.424,8.972,-10.394,7.511,-51.893,-19.802,8.057,4.46,-16.576,-33.511,-153.908,-12.748,0,0
0,-0.865,0,39.835,104.004,115.025,5,15,10,0,0,9.429,-0.489,-14.049,-0.26,-118.595,-34.855,14.212,2.385,-9.154,-10.458,-12.412,0.122,-1.411,5.055,-13.173,-50.824,-126.489,-111.573,14.341,6.342,-0.654,-66.076,-148.534,-7.115,0,0
0,0.233,0,40.786,95.146,109.841,5,15,10,0,1,11.261,-0.194,-11.367,-8.962,-114.183,-34.84,13.027,2.908,-8.493,-23.634,-15.588,-2.198,3.238,6.94,-29.966,495.374,431.374,-498.321,14.459,0.374,2.429,-98.534,-104.611,-5.939,0,1
0,1.193,0,41.537,75.119,95.959,15,5,10,0,1,10.5,0.014,-11.613,-24.031,-108.794,-36.458,13.065,2.613,-7.58,-41.16,-15.359,-10.489,4.594,1.144,-34.776,140.672,-1.008,-370.565,16.392,2.385,4.972,-93.725,-74.061,-4.504,0,0
0,2.064,0.666,41.867,32.959,87.181,15,5,10,0,1,11.134,-2.606,-8.222,-38.55,-110.718,-38.382,15.687,2.024,-7.372,-50.565,-7.664,-17.328,6.265,6.862,-13.601,-133.588,-56.885,-112.916,10.428,-4.335,-11.494,-84.733,-57.756,-1.267,0,0
0,2.939,1.293,42.006,13.939,87.467,15,5,10,0,1,14.291,-0.884,-9.479,-54.931,-104.015,-39.405,15.069,2.366,-9.065,-65.42,-7.038,-20.641,3.066,3.023,-8.476,-166.702,-242.092,374.473,-2.943,-8.953,-24.319,-67.313,-81.13,-8.748,0,0
0,3.759,1.881,42.636,62.988,82.043,15,5,10,0,1,13.134,-1.3,-8.965,-61.985,-104.809,-39.344,15.628,0.299,-7.475,-66.473,-3.466,-24.321,1.53,-3.626,-2.855,-263.71,-190.489,-320.122,10.009,-0.546,-19.242,-40.977,-112.229,-10.824,0,0
0,4.726,2.429,43.683,104.679,96.703,15,5,10,0,1,12.009,-2.457,-9.209,-67.389,-111.206,-41.069,17.105,0.604,-5.99,-62.977,8.443,-22.916,0.993,-3.353,7.405,350.763,-424.458,-125.557,9.882,4.313,-15.611,-41.206,-125.099,-21.069,0,0
0,5.884,2.939,44.662,97.847,115.746,15,5,10,0,1,9.036,-5.116,-7.535,-60.153,-118.336,-41.145,16.492,0.639,-5.834,-56.504,22.015,-16.58,0.824,4.646,-2.098,-154.885,411.695,-28.58,10.358,1.154,-15.599,-61.603,-103.725,-21.893,0,0
0,7.389,3.409,45.17,50.835,150.467,15,5,10,0,1,9.784,-3.65,-9.156,-51.282,-127.099,-42.916,19.321,-1.756,-5.741,-54.611,41.603,-19.038,1.363,6.942,-16.732,51.344,-194.916,-126.107,16.432,2.429,-8.586,-72.26,-62.214,-17.206,0,0
0,9.168,3.84,44.811,-35.877,177.979,15,5,10,0,1,13.213,-6.541,-6.747,-28.702,-129.511,-43.069,16.147,-0.395,-5.626,-38.015,54.702,-11.985,5.77,6.062,-15.218,27.893,-251.313,-200.672,12.248,-10.279,-17.857,-23.038,-40.519,-10.122,0,0
0,11.209,4.232,44.005,-80.578,204.037,15,5,10,0,1,9.262,-6.517,-8.294,-11.939,-137.573,-41.344,17.757,-0.005,-1.564,-27.679,77.069,-19.679,7.168,5.677,-11.625,4.443,-285.267,-107.298,12.033,1.186,-9.19,11.527,-34.58,-8.763,0,0
0,13.548,4.584,42.665,-134.033,233.952,15,5,10,0,1,15.283,-7.729,-4.879,-13.069,-144.962,-46.427,19.323,-0.024,-0.275,-23.206,112.397,-25.084,-1.533,1.291,-32.112,96.214,-336.504,-264.55,20.216,-1.7,-14.835,27.878,15.206,-16.183,0,0
0,16.368,4.898,40.647,-201.771,282.017,15,5,10,0,1,16.803,-4.713,-6.845,-14.382,-140.626,-44.458,17.45,-3.727,-4.299,-23.313,144.473,-31.603,3.911,6.409,-12.524,9.985,-178.153,-2.229,10.018,-0.893,-11.266,52.916,19.588,-14.534,0,0
0,19.544,5.172,38.065,-258.191,317.54,15,5,10,0,1,12.449,-10.112,-16.116,-12.443,-170.153,-45.115,17.132,-3.76,-5.204,-9.511,168.855,-23.42,2.165,5.366,-24.175,127.817,474.504,9.771,10.773,-9.434,-18.121,82,55.328,-6.336,0,0
0,23.311,5.407,34.968,-309.769,376.74,15,5,10,0,1,6.61,-12.476,-19.495,20.183,-198.947,-44.763,16.051,-6.095,-6.91,14.931,194.534,-18.351,-1.406,0.163,-17.584,43.511,-205.069,18.137,1.286,-7.865,-15.216,98.26,58.626,-8.55,0,0
0,27.549,5.603,31.606,-336.194,423.776,15,5,10,0,1,8.545,-6.201,-21.476,53.405,-223.695,-47.832,13.977,-8.368,-9.336,51.176,210.87,-0.458,1.478,4.012,-9.839,35.939,-202.092,0.519,11.374,-6.21,-7.645,115.435,43.481,-11.588,0,0
0,32.401,5.76,28.141,-346.448,485.173,15,5,10,0,1,16.933,-13.24,-17.115,97.679,-231.084,-58.107,17.199,-6.608,-11.441,82.992,232.29,24.55,-4.055,1.164,-18.003,37.267,-417.344,74.382,10.814,-5.849,-16.483,122.58,51.954,-22.901,0,0
0,37.502,5.878,24.703,-343.861,510.167,15,5,10,0,1,11.003,-3.861,-22.563,123.008,-243.802,-57.786,8.268,-4.816,-15.529,104.672,235.985,52.137,3.018,0.951,-12.583,38.076,-205.237,24.733,7.487,-7.59,-17.433,124.351,20.809,-21.466,0,0
0,42.981,5.956,21.802,-290.085,547.83,15,5,10,0,1,7.235,-7.987,-22.746,148.687,-254.458,-62.534,14.883,-2.476,-11.822,118.519,252.824,74.412,7.535,1.703,-11.309,46.412,-183.939,27.359,11,0.692,-14.82,116.046,12.702,-14.183,0,0
0,48.533,5.995,19.572,-222.989,555.2,15,5,10,0,1,12.339,-10.21,-23.945,171.359,-254.504,-60.366,11.831,1.99,-16.008,101.481,256.031,105.771,8.543,2.893,-12.286,69.45,359.817,239.267,9.47,8.411,-12.454,81.893,4.809,-18.046,0,0
0,54.117,5.995,17.795,-177.647,558.45,15,5,10,0,1,3.985,-3.901,-30.275,242.489,-231.298,-47.13,10.112,-0.005,-22.437,95.191,254.382,142.168,4.17,6.989,-13.41,76.214,-144.122,7.298,10.787,6.191,-10.004,35.008,2.84,-22.427,0,0
0,59.047,5.956,16.291,-150.479,492.932,15,5,10,0,1,14.885,-5.65,-10.591,251.389,-184.84,-49.099,9.875,5.334,-16.562,102.763,248.489,137.298,7.231,6.895,-13.62,63.649,437.847,-122.626,8.972,2.012,-10.545,39.252,2.489,-20.061,0,0
0,63.192,5.878,14.998,-129.296,414.563,15,5,10,0,1,13.597,5.35,-15.462,220.84,-128.672,-42.962,13.81,-0.24,-17.769,86.565,251.191,126.611,3.715,8.892,-20.147,156.443,446.641,-185.405,12.308,2.845,-8.852,42.076,13.435,-15.832,0,0
0,66.642,5.76,13.625,-137.295,344.948,15,5,10,0,1,10.782,6.778,-16.43,171.679,-80.779,-36.809,14.076,2.505,-10.897,86.931,235.13,105.298,3.89,14.364,-26.058,-372.198,-463.16,-419.664,9.427,-0.307,-10.521,57.069,11.847,-13.099,0,0
0,69.609,5.603,12.291,-133.347,296.689,15,5,10,0,1,8.663,7.587,-15.695,101.664,-43.542,-23.634,13.347,0.469,-10.596,77.985,215.466,72.733,1.576,12.343,-27.294,-391.008,-283.389,-103.573,11.554,4.309,-8.136,69.221,12.061,-5.878,0,0
0,71.937,5.407,10.922,-136.94,232.83,15,5,10,0,1,9.065,0.939,-11.731,45.374,-11.908,-13.466,12.282,-1.102,-11.372,65.664,200.427,45.542,3.123,9.315,-27.686,-329.45,-292.183,-199.328,12.957,2.618,-10.404,69.557,12,-4.076,0,0
0,73.772,5.172,9.526,-139.55,183.541,15,5,10,0,1,4.716,2.211,-15.829,5.405,23.038,-3.084,12.509,-0.604,-10.895,63.588,187.664,17.71,5.427,7.826,-33.569,-342.885,-202.275,-259.908,6.213,1.77,-11.137,82.137,3.176,-0.87,0,0
0,75.135,4.898,8.37,-115.631,136.231,15,5,10,0,1,7.348,0.014,-16.497,-22.412,56.198,3.954,12.452,-0.742,-11.348,64.244,181.374,-6.901,1.502,7.956,-15.053,70,-496.809,-49.344,9.707,4.548,-9.441,69.038,7.74,1.511,0,0
0,76.189,4.584,7.366,-100.376,105.48,15,5,10,0,1,3.315,0.515,-18.26,-46.382,80.214,8.489,13.031,0.228,-11.51,56.763,181.328,-26.275,4.131,8.713,-12.648,69.053,-216.076,-45.802,9.034,4.84,-7.971,53.008,0.962,0.885,0,0
0,76.962,4.232,6.56,-80.601,77.259,15,5,10,0,1,2.527,0.642,-18.015,-60.504,101.649,12.214,11.681,0.853,-11.465,53.42,180.611,-38.351,4.603,17.827,-34.009,-370.107,382.031,-264.794,9.271,4.254,-9.365,34.489,-3.634,0.595,0,0
0,77.5,3.84,5.934,-62.634,53.787,15,5,10,0,1,3.466,-1.289,-16.439,-65.176,127.435,15.374,9.867,0.16,-12.313,47.511,174.107,-44.122,2.711,0.418,-14.293,126.947,-366.305,-125.557,7.813,3.114,-8.526,19.13,-6.656,-1.817,0,0
0,77.738,3.409,5.411,-52.322,23.815,15,5,10,0,1,1.909,-0.218,-16.966,-63.435,150.366,19.924,9.02,0.96,-11.175,42.336,167.969,-43.679,4.275,9.204,-11.97,58.595,-82.015,3.115,8.878,3.743,-7.508,8.916,-12.275,-1.221,0,0
0,77.701,2.939,4.934,-47.63,-3.685,15,5,10,0,1,1.368,-0.625,-16.6,-63.847,168.519,19.74,9.709,1.595,-11.295,29.939,161.191,-45.756,3.401,15.121,-22.044,356.489,-233.038,196.397,8.632,1.308,-8.668,3.908,-12.305,-1.359,0,0
0,77.698,2.429,4.646,-28.873,-0.309,15,5,10,0,1,-3.988,12.928,-26.132,-75.313,178.702,18.779,14.725,-1.576,-11.748,8.214,161.603,-50.687,5.961,6.107,-11.594,38.916,-250.015,13.191,9.987,1.827,-7.69,17.038,-27.313,-0.427,0,0
0,77.511,1.881,4.624,-2.197,-18.723,15,5,10,0,1,3.502,-7.116,-12.562,-32.855,204.107,10.55,13.87,-1.475,-12.049,-12.718,166.305,-30.412,1.825,7.983,-13.556,31.069,-111.45,6.107,5.159,1.859,-10.033,-1.435,-35.282,-0.702,0,0
0,76.987,1.293,4.686,6.226,-52.345,15,5,10,0,1,6.967,-5.049,-13.728,-28.809,211.817,10.229,9.585,-2.668,-14.373,0.687,158.687,-23.45,3.763,7.769,-13.898,17.298,-192.931,-6.534,9.606,2.373,-8.383,-9.954,-32.29,-4.382,0,0
0,76.174,0.666,4.865,17.887,-81.322,15,5,10,0,0,-0.735,-2.642,-17.69,13.16,250.458,-2,8.246,-2.874,-13.29,12.641,147.374,-8.779,3.564,8.53,-24.19,102.336,-332.962,-24.916,6.713,-0.58,-10.955,-7.115,-45.664,-4.504,0,0
0,75.079,0,5.265,39.963,-109.486,15,5,10,0,0,1.863,-2.869,-19.814,32.702,266.092,-12.611,6.517,-3.008,-13.453,28.229,133.466,1.359,2.132,8.72,-13.673,0.29,-39.191,-4.122,8.172,4.697,-6.246,-18.595,-57.328,-3.023,0,0
0,73.75,0,5.623,35.843,-132.935,15,5,10,0,0,2.012,-4.263,-20.415,57.374,278.733,-20.153,5.892,-2.917,-12.892,45.664,121.374,7.985,0.146,9.022,-15.117,-9.771,-41.878,-6.351,12.73,0.91,-8.031,-25.405,-47.679,-4.015,0,0
0,72.161,0,5.806,18.288,-158.936,15,5,10,0,0,2.249,-3.674,-21.493,73.389,289.267,-27.221,6.004,-2.263,-13.834,65.969,109.115,10.168,-2.318,8.277,-17.223,-23.191,-50.809,-8.29,11.697,-0.24,-8.742,-25.832,-43.237,-4.611,0,0
0,70.396,0,5.792,-1.408,-176.491,15,5,10,0,0,1.375,-2.73,-19.924,83.634,297.099,-34.137,3.779,-5.243,-12.955,84.473,92.168,14.397,2.759,5.64,-12.354,-33.145,-124.046,-15.45,9.132,-0.845,-10.114,-9.344,-55.221,-0.626,0,0
0,68.363,0,5.792,-0,-203.259,15,5,10,0,0,-0.206,3.106,-21.912,73.099,308.733,-44.641,4.45,-5.705,-14.107,114.702,73.939,11.878,2.757,5.137,-13.146,-24.244,-59.023,-3.008,9.475,0.678,-9.084,3.817,-55.954,2.29,0,0
0,66.184,0,5.788,-0.401,-217.896,15,5,10,0,0,2.191,-1.387,-21.031,52.916,305.16,-54.84,4.948,-3.47,-13.288,140.214,58.687,9.45,3.082,4.555,-13.185,-12.626,-60.122,-4.733,9.875,1.38,-9.156,6.244,-54.382,3.924,0,0
0,63.884,0,5.788,-0,-229.981,15,5,10,0,0,2.781,-2.876,-20.542,32.412,298.397,-55.878,4.031,-1.037,-11.977,162.534,47.863,4.55,3.166,4.711,-13.496,0.931,-120.626,-11.908,9.973,1.109,-9.939,7.786,-53.756,4.336,0,0
0,61.519,0,5.785,-0.309,-236.55,15,5,10,0,0,5.758,-2.369,-22.013,21.832,299.802,-49.466,2.759,0.41,-13.017,170.595,38.504,-9.405,2.922,4.864,-13.956,12.962,-62.031,-6.397,10.083,1.133,-10.512,9.176,-54.763,4.702,0,0
0,59.146,0,5.78,-0.446,-237.305,15,5,10,0,0,4.081,-3.322,-24.465,7.756,290.26,-44.458,4.122,2.098,-11.283,159.908,34.244,-25.939,2.625,4.922,-14.373,12.931,-128.718,-13.679,10.162,0.829,-10.967,10.992,-57.13,3.374,0,0
0,56.762,0,5.78,-0,-238.427,15,5,10,0,0,0.331,-3.569,-25.119,-2.397,271.45,-40.656,6.809,4.792,-6.577,126.992,28.992,-38.794,2.73,4.402,-14.38,29.359,-133.664,-15.145,9.923,-0.271,-10.529,16.092,-60.412,2.489,0,0
0,54.337,0,5.78,-0,-242.432,15,5,10,0,0,5.607,-2.836,-24.027,-2.443,269.802,-26.977,3.317,5.815,-8.39,86.931,18.29,-45.618,3.09,4.169,-18.365,74.641,-272.198,-29.557,10.344,-0.304,-9.549,23.191,-61.802,3.756,0,0
0,51.895,0,5.78,-0,-244.252,15,5,10,0,0,3.906,-2.984,-25.598,-6.656,251.267,-16.611,3.001,5.456,-8.775,58.412,5.038,-48.718,3.691,4.543,-13.874,44.122,-69.298,-15.45,10.818,-0.345,-9.379,28.336,-63.771,4.137,0,0
0,49.441,0,5.78,-0,-245.35,15,5,10,0,0,1.186,-1.729,-28.379,-16.046,225.282,-5.954,4.483,7.346,-4.639,25.084,-14.29,-47.008,4.167,9.792,-17.541,96.229,-141.023,-18.046,11.273,0.256,-9.194,30.947,-68.687,2.931,0,0
0,47.189,0,5.78,-0,-225.232,15,5,10,0,0,0.91,-4.622,-25.624,-34.183,195.756,5.542,5.645,5.997,-4.639,-4.87,-21.298,-43.053,5.676,4.788,-12.895,50.824,-278.061,-34.687,12.538,-0.034,-8.268,33.588,-70.794,4.443,0,0
0,45.076,0,5.78,-0,-211.327,15,5,10,0,0,2.024,-4.189,-27.028,-50.656,170.748,14.656,6.682,4.632,-4.548,-44.931,-33.13,-34.366,5.937,4.869,-12.229,56.351,-66.611,-10.107,13.213,0.132,-8.339,36.107,-68.427,8.656,0,0
0,43.183,0,5.785,0.446,-189.286,15,5,10,0,0,2.093,-5.717,-25.49,-61.908,141.588,23.435,4.438,3.147,-6.232,-55.634,-42.87,-28.489,5.906,4.905,-13.141,58.397,-258.885,-482.687,15.371,0.678,-7.906,35.282,-65.832,11.771,0,0
0,41.454,0,5.788,0.309,-172.898,15,5,10,0,0,0.218,-6.376,-26.206,-77.832,100.015,28.641,9.729,-1.171,-0.714,-51.176,-55.832,-29.954,3.751,6.198,-13.426,57.603,-127.817,10.076,11.719,0.651,-10.236,34.107,-71.985,12.443,0,0
0,39.901,0,5.795,0.767,-155.274,15,5,10,0,0,11.113,-3.765,-21.701,-74.733,97.053,25.115,9.75,-0.172,-2.544,-65.45,-59.832,-28.641,4.591,6.514,-13.642,54.519,-66.626,15.053,12.006,0.158,-9.458,32.137,-77.893,13.344,0,0
0,38.498,0,5.799,0.332,-140.259,15,5,10,0,0,1.748,-3.734,-32.927,-103.45,41.176,23.328,9.331,0.378,-1.892,-33.084,-56.855,-18.702,5.909,6.613,-13.788,49.252,-67.771,10.779,12.957,-0.232,-8.967,32.611,-80.687,18.58,0,0
0,37.524,0,5.806,0.71,-97.412,15,5,10,0,0,-8.476,0.019,-41.518,-97.237,-24.779,22.107,6.373,3.303,-1.451,-32.58,-66.092,-1.908,6.253,6.19,-17.9,89.573,-138.595,25.802,12.593,-1.006,-9.235,37.023,-80.504,22.916,0,0
0,37.253,0,5.894,8.789,-27.134,15,5,10,1,0,-4.369,-0.388,-37.156,-95.573,-100.397,3.847,9.281,-0.412,-0.393,-26.901,-70,14.885,11.74,5.898,-10.485,76.931,-246.229,149.618,6.936,-1.662,-11.872,49.206,-103.191,25.115,1,0
0,37.627,0,6.381,48.729,37.399,5,5,10,1,0,6.826,-6.596,-20.961,-54.58,-124.229,-10.321,8.938,-7.887,-6.086,-17.42,-83.969,25.954,1.739,13.671,-9.13,171.954,-156.092,53.74,12.176,1.729,-7.628,37.466,-111.099,25.542,0,0
0.666,38.253,0,7.092,71.102,62.588,5,5,10,1,0,7.904,-9.506,-4.754,-8.107,-128.382,-16.611,12.418,-5.437,-7.068,4.672,-72.718,47.389,8.447,9.724,-11.297,38.153,-56.947,27.908,14.624,3.193,-6.373,7.557,-110.595,25.191,0,0
1.293,38.934,0,7.938,84.572,68.127,5,5,10,1,0,12.188,-12.765,-1.619,47.298,-87.45,-10.611,12.148,-5.758,-10.466,10.229,-46.763,65.237,1.14,35.574,-14.562,114.55,-48.611,68.58,14.578,1.176,-6.859,-4.427,-125.069,25.542,0,0
1.881,39.539,0,8.992,105.446,60.482,5,5,10,1,0,7.472,-4.859,-8.474,85.573,-71.893,0.947,10.893,-6.186,-9.554,49.74,-27.282,82.947,3.87,32.063,-16.478,36.031,30.046,344.916,14.092,-0.256,-8.826,-9.786,-131.786,26.641,0,0
2.429,40.136,0,10.318,132.592,59.67,5,5,10,1,0,5.77,-0.843,-16.935,72.687,-80.137,-3.16,7.571,-3.473,-7.278,80.061,-32,91.053,9.228,8.567,-11.7,-15.45,105.893,10.87,17.354,0.352,-5.88,-19.191,-135.008,25.176,0,0
2.939,40.824,0,11.864,154.541,68.848,5,15,10,1,0,1.765,0.139,-24.003,48.733,-101.786,-5.359,5.02,-1.073,-7.444,102.046,-54.412,85.176,9.388,2.633,-26.901,-253.802,277.496,158.29,14.772,0.228,-5.456,-25.191,-142.534,20.046,0,0
3.409,41.465,0,13.701,183.77,64.076,5,15,10,1,0,2.9,-3.47,-21.091,47.038,-108,-5.191,6.931,0.776,-6.299,97.023,-69.084,63.084,7.961,5.882,-9.204,-61.435,106.748,11.206,14.861,1.241,-2.366,-44.183,-159.038,17.038,0,0
3.84,41.64,0,15.76,205.88,17.532,5,15,10,1,0,11.127,-4.721,-19.373,65.603,-75.053,0.947,10.038,-1.54,-9.954,76.931,-86.992,34.977,8.136,5.561,-7.815,-55.023,230.351,9.405,15.163,-2.072,-3.36,-50.198,-157.435,13.252,0,0
4.232,41.187,0,18.008,224.842,-45.364,5,15,10,1,0,11.731,1.015,-17.958,59.008,-54.504,5.145,12.286,-1.099,-11.027,49.221,-101.511,25.359,9.022,6.067,-6.134,-59.267,181.282,19.756,12.698,-0.556,-3.707,-43.267,-167.053,15.359,0,0
4.584,40.197,0,20.649,264.05,-98.923,5,15,10,1,0,12.028,0.237,-16.655,39.802,-27.069,12.336,13.802,2.692,-10.56,17.71,-119.893,21.527,3.099,10.596,2.347,-119.573,247.206,15.511,18.351,0.769,1.665,-44.504,-172.473,16.565,0,0
4.898,38.736,0,23.516,286.686,-146.096,5,15,10,1,0,9.75,3.787,-18.619,-8.992,-9.282,20.718,12.464,3.957,-13.453,-14.687,-144.809,21.313,2.352,10.921,6.85,-446.656,373.985,201.282,18.547,2.067,-5.046,-46.321,-163.603,17.389,0,0
5.172,36.934,0,26.603,308.739,-180.188,5,15,10,1,0,12.725,-2.371,-13.422,-47.176,8.763,28.366,15.426,4.742,-11.407,-16.473,-160.504,15.038,10.243,6.615,-3.502,-117.466,341.771,22.473,18.961,2.012,-10.251,-54.489,-157.939,15.969,0,0
5.407,34.727,0,29.984,338.059,-220.791,5,15,10,1,0,8.208,7.999,-20.312,-99.664,27.099,35.725,8.543,-2.991,-14.001,-56.046,-174.214,10.489,8.591,7.992,-9.07,-65.466,191.115,19.359,15.594,4.328,-15.299,-63.603,-173.634,16.672,0,0
5.603,32.108,0,33.693,370.904,-261.864,5,15,10,1,0,1.578,0.752,-17.654,-101.573,45.45,35.481,6.332,0.113,-14.229,-41.313,-193.191,-0.076,7.116,7.786,-11.851,-80.336,417.664,-0.702,16.66,1.72,-19.052,-77.542,-192.427,10.427,0,0
5.76,29.068,0,37.835,414.197,-303.967,5,15,10,1,0,12.227,-0.208,-11.381,-133.13,67.954,33.496,10.991,6.888,-11.024,-56.809,-195.313,-2.076,6.706,9.662,-15.448,-102.748,441.847,-25.405,13.798,10.476,-11.989,-116.534,-207.847,5.42,0,0
5.878,25.85,0,42.255,442.017,-321.843,5,15,10,1,0,5.317,5.362,-13.843,-167.802,48.611,41.511,6.922,4.519,-10.282,-70.183,-200.702,-1.908,9.044,0.581,-26.915,-232.641,465.756,-135.695,13.556,11.211,-10.873,-154.29,-206.672,12.565,0,0
5.956,22.612,0,46.804,454.881,-323.765,5,15,10,1,0,1.365,2.599,-16.897,-178.87,31.832,41.939,9.695,3.528,-6.38,-83.802,-196.55,-7.71,10.543,4.648,-30.053,-255.145,-497.725,-248.672,14.669,-1.071,-16.89,-162.198,-188.168,12.626,0,0
5.995,19.803,0,51.359,455.567,-280.907,5,15,10,1,0,12.284,-4.941,-14.986,-144.26,26.947,38.031,11.434,7.049,-8.869,-104.855,-181.298,-6.702,8.926,2.003,-27.897,-254.565,-471.771,-372.397,14.133,-0.929,-15.376,-160.443,-168.519,4.84,0,0
5.995,17.273,0,56.021,466.13,-252.972,5,15,10,1,0,8.177,-5.113,-16.181,-99.16,23.969,41.771,12.308,5.219,-10.323,-124.733,-170.809,-0.153,7.862,-5.352,-48.437,157.588,187.939,493.191,15.764,1.856,-21.776,-133.878,-160.947,-3.191,0,0
5.956,15.178,0,60.705,468.43,-209.507,5,15,10,1,0,8.402,-4.22,-14.658,-89.954,17.908,37.405,11.252,0.726,-9.463,-131.695,-163.267,8.229,8.033,1.803,-20.109,-70.351,-448.382,-184.061,10.445,0.836,-20.279,-145.282,-157.099,-16.626,0,0
5.878,13.307,0,65.265,455.945,-187.123,5,15,10,1,0,3.061,-3.281,-18.408,-77.389,11.389,37.634,11.599,-4.876,-9.487,-144.687,-164.595,16.183,9.149,4.311,-16.09,-51.466,-332.29,-151.786,11.647,0.354,-15.134,-126.855,-134.824,-13.618,0,0
5.76,11.549,0,69.197,393.266,-175.839,5,15,10,1,0,11.659,-7.686,-14.073,-60.061,24.855,35.084,9.319,-5.238,-15.436,-142.366,-170.183,31.237,10.073,1.681,-14.238,-20.824,251.847,-73.008,18.023,-1.015,-6.878,-106.168,-66.336,-11.985,0,0
5.603,9.659,0,72.197,299.973,-188.919,5,15,10,1,0,4.515,-3.085,-17.232,-56.168,23.481,34.076,8.751,-8.385,-12.974,-128.824,-181.588,39.527,7.772,4.22,-15.869,-9.863,226.733,-113.527,16.205,-6.407,-5.185,-43.328,7.588,-6.107,0,0
5.407,7.649,0,74.24,204.277,-201.085,5,15,10,1,0,5.7,-7.671,-14.109,-54.427,35.481,30.489,6.246,-7.75,-13.266,-100.122,-194.244,38.473,7.81,5.094,-14.897,-9.893,224.26,-39.511,12.667,-11.18,-6.162,25.176,79.267,2.489,0,0
5.172,5.517,0,75.412,117.199,-213.124,5,15,10,1,0,7.465,-5.233,-13.103,-57.664,29.603,22.534,9.166,-4.34,-10.677,-82.214,-195.008,33.252,2.678,7.363,-24.242,-29.313,375.878,13.221,8.83,-9.537,-8.799,93.588,133.389,6.366,0,0
4.898,3.339,0,75.91,49.862,-217.862,5,15,10,1,0,1.327,-6.232,-15.936,-56.366,32.382,21.756,7.365,-3.355,-9.688,-72,-191.542,22.901,0.714,2.606,-16.71,-11.389,347.053,52.702,8.562,-10.437,-16.051,146.092,163.496,0.412,0,0
4.584,1.2,0,76.057,14.626,-213.913,5,15,10,1,0,6.579,-4.196,-13.503,-54.794,33.481,18.534,8.299,-4.563,-10.737,-77.176,-181.771,14.153,1.372,0.17,-15.96,-3.282,167.298,45.053,4.45,-1.708,-15.422,149.252,183.496,-5.405,0,0
4.232,-0.938,0,75.942,-11.41,-213.81,5,15,10,1,0,7.31,-5.106,-14.025,-29.069,41.679,18.702,8.248,-3.015,-11.35,-66.931,-178.687,8.168,3.233,0.565,-13.944,12.031,-324.122,134.107,-0.86,-3.983,-19.493,161.344,190.351,-7.176,0,0
3.84,-3.012,0,75.829,-11.33,-207.344,5,15,10,1,0,5.082,-3.94,-12.495,-21.069,36.443,19.527,10.071,-2.464,-12.691,-55.45,-177.191,3.679,1.238,3.516,-17.22,48.977,171.298,88.672,10.89,3.137,-9.8,101.344,229.13,-9.847,0,0
3.409,-5.037,0,75.261,-56.774,-202.492,5,15,10,1,0,5.861,-3.693,-12.488,-2.076,34.672,17.985,9.123,-0.22,-12.694,-47.374,-174.931,-2.733,1.66,6.225,-16.444,57.679,326.718,150.107,8.759,1.09,-12.243,59.389,259.725,-11.832,0,0
2.939,-6.944,0,74.288,-97.378,-190.75,5,15,10,1,0,5.638,-5.475,-11.127,-1.298,30.183,17.008,10.239,-1.233,-12.969,-27.237,-164.519,-6.473,1.554,6.555,-16.459,56.336,160.214,24.931,7.786,0.527,-13.81,34.015,279.511,-0.183,0,0
2.429,-8.699,0,73.006,-128.197,-175.427,5,15,10,1,0,6.124,-5.374,-9.52,3.45,24.214,15.313,11.082,-1.897,-10.258,-9.16,-153.115,-8.183,0.663,7.444,-16.636,42.443,140.244,0.061,6.974,-2.256,-17.314,10.626,296.473,11.954,0,0
1.881,-10.295,0,71.493,-151.234,-159.645,5,15,10,1,0,4.594,-3.992,-10.344,-1.939,14.779,14.412,14.346,0.879,-10.773,4.794,-133.267,-11.893,-1.248,7.36,-17.235,25.16,266.992,20.275,8.783,2.354,-16.368,-16.137,306.092,20.87,0,0
1.293,-11.519,0,69.761,-173.184,-122.349,5,15,10,1,0,4.764,-3.434,-9.259,-10.748,4.977,10.443,15.321,-0.213,-8.189,9.695,-111.832,-10.015,-2.63,6.713,-19.143,10.931,249.053,-5.13,9.444,2.091,-17.529,-42.626,320.168,26.702,0,0
0.666,-12.31,0,67.78,-198.166,-79.136,5,15,10,1,0,0.177,-4.196,-7.611,-20.931,-19.328,5.282,18.48,1.492,-5.671,1.069,-75.756,-7.71,-1.375,14.843,-38.397,-64.977,-113.481,-43.969,6.467,0.005,-18.037,-46.809,323.481,35.969,0,0
0,-12.481,0,65.561,-221.913,-17.143,5,15,10,1,0,0.216,-4.512,-9.638,-25.634,-33.527,0.824,24.23,1.241,-3.152,-12.58,-31.756,-12.595,-0.953,9.576,-23.945,-273.221,-211.802,-47.878,7.441,0.73,-16.073,-55.252,333.267,48.443,0,0
0,-12.152,0,63.144,-241.642,32.925,5,15,10,1,0,6.704,-12.691,-4.697,8.702,-39.038,-4.153,16.219,-2.292,-4.864,-20.55,-2.763,-4.473,-3.296,9.185,-18.322,-54.305,75.924,-34.351,10.241,0.412,-15.874,-45.924,343.771,60.229,0,0
0,-11.672,0,60.554,-258.98,47.974,5,15,10,1,0,4.091,-5.171,-8.881,20.885,-49.267,-3.069,10.754,-4.1,-3.612,-1.985,-1.45,-4.153,-3.506,9.168,-17.761,-85.817,68.534,-11.191,6.855,-0.357,-19.151,-29.344,338.366,67.084,0,0
0,-11.142,0,57.842,-271.294,53.055,5,15,10,1,0,5.283,-5.262,-9.377,20.565,-60.397,-7.145,8.787,-5.116,-4.395,22.87,-20.397,-0.504,-4.685,6.432,-44.854,132.275,449.695,-236.947,7.872,-3.36,-23.945,-17.832,337.618,65.786,0,0
0,-10.702,0,55.109,-273.228,43.957,5,15,10,1,0,6.914,-7.29,-8.66,32.198,-68.87,-9.099,7.319,-4.898,-7.125,48.855,-42.58,5.237,-3.2,7.457,-38.493,-28.824,427.099,-101.618,9.786,2.12,-23.172,-18.275,328.885,65.145,0,0
0,-10.472,0,52.355,-275.425,23.06,5,15,10,1,0,7.13,-7.123,-8.718,46.611,-70.122,-7.481,7.046,-3.588,-8.974,64.397,-66.489,12.916,-3.602,5.2,-16.085,-128.55,52.733,3.221,8.217,3.94,-22.98,-28.931,317.084,57.557,0,0
0,-10.208,0,49.583,-277.199,26.39,5,15,10,1,0,6.986,-4.275,-9.326,33.145,-82.702,-9.13,9.491,0.18,-8.759,65.313,-73.328,20.122,-3.142,3.83,-14.023,-115.176,51.023,7.053,11.848,2.601,-23.993,-42.779,305.618,50.916,0,0
0,-9.908,0,46.866,-271.695,30.018,5,15,10,1,0,8.859,-5.123,-10.409,32.885,-79.847,-9.176,10.909,1.382,-8.646,43.725,-72.519,20.275,-1.837,1.933,-10.315,-91.908,48.351,15.298,6.385,4.177,-22.391,-54.29,279.542,47.328,0,0
0,-9.581,0,44.248,-261.841,32.662,5,15,10,1,0,5.097,-1.272,-13.235,22.931,-81.511,-6.687,12.672,3.432,-7.274,16.29,-66.382,22.519,-0.79,-1.569,-7.185,-50.321,39.13,18.992,6.687,-2.649,-25.452,-33.344,251.725,44.931,0,0
0,-9.186,0,41.841,-240.624,39.482,5,15,10,1,0,6.524,-3.83,-9.973,5.985,-90.504,-9.649,10.071,3.746,-8.442,-15.084,-57.832,26.015,-3.296,-1.267,-6.035,-6.321,13.252,95.206,5.413,0.855,-23.419,-6.641,219.359,41.817,0,0
0,-8.695,0,39.662,-217.919,49.084,5,15,10,0,0,7.283,-3.573,-10.414,-12.26,-93.191,-9.878,9.288,2.409,-8.035,-46.611,-48.794,27.206,-2.236,-1.255,9.063,253.313,6.351,-122.137,5.41,-0.192,-25.615,16.244,184.947,34.351,0,0
0,-8.135,0,37.802,-186.024,56.007,5,15,10,0,0,7.003,-3.147,-11.161,-28.534,-98.046,-9.221,8.612,0.613,-8.335,-64.626,-42.748,26.351,-3.248,1.962,-5.767,50.504,-14.901,40.672,6.438,2.486,-24.022,33.664,150.87,22.382,0,0
0,-7.56,0,36.173,-162.93,57.518,5,15,10,0,0,6.514,-4.052,-11.879,-35.115,-103.954,-10.458,8.933,-0.807,-9.511,-76.84,-38.458,22.885,-2.27,2.915,-5.635,55.771,-132.397,95.45,4.127,0.156,-25.531,56.244,111.695,15.145,0,0
0,-6.97,0,34.825,-134.812,59.006,5,15,10,0,0,8.677,-6.011,-12.5,-30.84,-106.168,-12.84,9.365,-3.7,-10.933,-76.351,-39.282,21.206,-0.642,3.624,-6.426,57.344,-56.855,88.366,7.063,3.875,-24.733,76.977,64.626,11.985,0,0
0,-6.303,0,33.792,-103.249,66.662,5,15,10,0,0,7.853,-5.65,-12.514,-24.107,-110.412,-16.397,12.174,-4.596,-11.166,-68.565,-35.985,19.817,0.719,3.655,-4.196,50.947,-101.313,128.244,4.067,5.377,-26.685,81.985,12.26,1.496,0,0
0,-5.553,0,33.192,-60.047,75.005,5,15,10,0,0,9.369,-6.498,-11.609,-21.634,-112.565,-23.328,13.312,-4.383,-12.904,-60.092,-33.298,15.176,2.393,4.148,-4.112,51.099,-105.16,69.618,3.401,6.977,-28.932,80.809,-47.466,-2.672,0,0
0,-4.707,0,33.176,-1.522,84.629,5,15,10,0,0,11.338,-4.816,-13.106,-19.038,-112.473,-27.191,14.054,-4.445,-12.528,-48.687,-30.794,16.336,0.893,7.492,-6.083,48.321,-105.649,1.344,8.914,7.458,-25.54,60.397,-104.443,-5.634,0,0
0,-3.715,0,33.664,48.752,99.22,5,15,10,0,0,10.517,-3.327,-13.589,-17.878,-113.466,-28.687,13.755,-3.399,-12.045,-41.985,-23.511,14.305,1.641,9.672,-10.557,63.557,-124.779,-19.359,7.647,7.053,-19.515,20.412,-145.45,-2.656,0,0
0,-2.553,0,34.539,87.513,116.146,5,15,10,0,0,9.894,-3.126,-13.961,-19.435,-120.275,-32.153,14.77,-0.651,-11.561,-43.588,-12.947,12.031,2.989,5.685,-25.521,-56.947,-85.756,-486.595,10.085,3.593,-7.183,-27.588,-149.298,6.183,0,0
0,-1.308,0,35.499,95.993,124.512,5,15,10,0,0,11.249,-3.89,-12.799,-20.672,-119.969,-31.573,12.979,0.836,-12.277,-48.672,-8.046,10.198,2.807,30.384,-27.931,-116.779,-309.389,-353.588,17.572,8.902,6.462,-82.87,-93.527,9.344,0,0
0,0.002,0,36.154,65.506,131.047,5,15,10,0,1,9.003,-1.487,-13.891,-26.55,-121.16,-31.588,12.71,-0.965,-10.447,-54.183,-0.275,3.176,0.932,4.576,-30.541,-191.71,-143.924,-145.557,15.742,-6.253,0.608,-101.985,-40.473,0.183,0,1
0,1.258,0,36.366,21.206,125.588,5,5,10,0,1,9.894,-2.778,-11.87,-32.504,-121.878,-34.244,13.755,-0.41,-10.536,-56.061,1.756,-2.473,6.414,5.942,-15.56,-127.496,-229.389,462.656,8.529,-9.626,-11.654,-95.038,-41.344,0.29,0,0
0,2.404,0.67,36.594,22.751,114.636,5,5,10,0,1,13.017,-1.26,-10.996,-39.634,-117.481,-35.115,13.259,-0.256,-9.927,-53.389,-1.298,-7.695,1.109,-0.055,-13.343,-158.489,-125.511,-345.099,11.757,-7.832,-19.84,-64.916,-66.947,-11.008,0,0
0,3.412,1.3,37.256,66.261,100.754,5,5,10,0,1,12.897,-0.105,-9.269,-47.756,-113.008,-34.519,12.591,0.867,-9.939,-44.626,-7.45,-12.565,2.329,-14.456,10.318,-300.229,-340.794,-5.13,6.399,-0.692,-23.083,-48.397,-130.412,-14.931,0,0
0,4.36,1.891,38.56,130.348,94.814,5,5,10,0,1,10.945,1.384,-10.854,-60.962,-116.733,-35.863,14.859,1.487,-8.078,-39.466,-5.282,-16.275,-2.273,-1.466,-0.465,-238.519,-113.115,-499.053,6.457,4.577,-18.087,-45.282,-155.206,-22.26,0,0
0,5.374,2.442,40.102,154.232,101.429,5,5,10,0,1,11.24,-0.989,-8.629,-62,-117.405,-38.733,15.831,1.693,-7.592,-43.756,1.847,-16.351,1.018,2.153,-6.97,-48.962,-80.87,-134.504,10.148,8.471,-9.357,-87.985,-138.855,-26.031,0,0
0,6.562,2.953,41.23,112.782,118.721,15,5,10,0,1,9.908,-1.272,-8.658,-49.771,-121.863,-38.397,16.763,1.037,-6.304,-43.282,11.527,-18.382,3.662,5.38,-13.632,6.366,-256.198,-251.298,10.603,-1.83,-14.131,-92.229,-100.366,-18.656,0,0
0,8.089,3.424,41.758,52.769,152.71,15,5,10,0,1,10.833,-5.008,-6.931,-35.725,-131.71,-38.977,14.715,0.833,-6.184,-46.107,37.588,-12.458,4.73,6.017,-14.03,14.214,-257.786,-257.282,16.648,-5.583,-13.273,-70.397,-64.641,-7.084,0,0
0,9.916,3.857,41.534,-22.373,182.728,15,5,10,0,1,15.041,-4.546,-8.488,-4.504,-131.634,-38.611,14.353,0.182,-5.827,-48.458,57.557,-13.954,3.633,2.008,-28.276,-11.069,-242.275,-156.885,15.551,-10.243,-18.384,-13.71,-45.817,-10.992,0,0
0,12.036,4.249,40.831,-70.278,212.014,15,5,10,0,1,12.631,-1.995,-8.73,-5.969,-142.076,-37.618,16.099,1.071,-4.721,-39.511,82.55,-19.832,0.644,5.521,-17.814,-5.985,-143.878,-23.206,14.483,-4.242,-16.387,40.137,-27.084,-19.252,0,0
0,14.504,4.602,39.582,-124.935,246.827,15,5,10,0,1,11.362,-3.506,-7.29,-14,-148.672,-38.275,17.57,-0.709,-4.103,-35.115,113.359,-25.267,2.328,8.999,-27.121,71.634,-120.198,-237.435,5.774,2.273,-13.35,33.802,-11.45,-22.885,0,0
0,17.383,4.915,37.479,-210.217,287.877,15,5,10,0,1,16.253,-9.537,-5.794,-13.344,-152.809,-38.84,16.423,-1.382,-6.998,-26.214,144.641,-20.412,4.929,3.02,-13.113,20.076,282.916,-14.412,7.786,-0.218,-12.152,51.725,23.573,-10.916,0,0
0,20.562,5.188,34.722,-275.712,317.837,15,5,10,0,1,7.844,-13.568,-11.793,-4.656,-169.328,-36.153,17.364,-5.073,-5.145,-5.542,172.992,-20.58,1.882,8.022,-28.721,318.229,-254.29,287.267,18.279,-3.614,-14.03,69.985,59.191,-2.244,0,0
0,24.282,5.422,31.393,-332.944,372.025,15,5,10,0,1,7.568,-10.375,-17.342,17.985,-190.473,-37.954,17.196,-7.216,-7.492,9.511,196.992,-6.107,2.922,0.453,-13.319,49.527,-209.924,24.702,13.197,-5.65,-8.718,97.527,66.275,1.542,0,0
0,28.442,5.616,27.742,-365.056,416.028,15,5,10,0,1,11.963,-12.186,-16.444,45.802,-206.672,-43.511,15.879,-7.432,-9.46,36.824,211.008,12.168,3.298,-0.843,-12.236,54.962,-209.084,15.511,6.455,-13.563,-8.632,151.069,41.496,-19.908,0,0
0,33.093,5.771,24.088,-365.456,465.1,15,5,10,0,1,11.882,-6.622,-17.67,76.885,-217.42,-46.122,10.423,-4.045,-12.265,60.55,218.794,31.206,-0.23,2.781,-16.19,55.237,-230.198,26.504,6.603,-5.374,-18.032,164.656,31.206,-16.931,0,0
0,37.957,5.886,20.74,-334.752,486.375,15,5,10,0,1,11.834,-6.182,-23.15,105.359,-223.481,-45.389,10.452,-3.664,-13.805,72.122,232.809,41.16,3.363,1.716,-16.095,115.435,166.473,86.046,9.436,-4.218,-15.297,163.954,13.099,-8.519,0,0
0,43.08,5.961,18.031,-270.962,512.33,15,5,10,0,1,9.563,-9.35,-22.444,129.344,-237.603,-50.855,17.045,-1.413,-10.629,89.634,252.931,65.985,9.729,3.254,-15.582,118.641,-355.389,126.046,7.513,5.13,-14.21,125.16,4.198,-6.26,0,0
0,48.338,5.997,16.093,-193.806,525.811,15,5,10,0,1,14.677,-10.344,-23.351,150.504,-232.29,-49.893,10.792,0.711,-16.145,74.489,253.206,94.229,0.556,6.173,-21.641,-446.809,-180.031,126.29,9.051,11.084,-11.872,71.542,-5.053,-9.679,0,0
0,53.634,5.993,14.716,-137.638,529.531,15,5,10,0,1,14.952,-15.199,-20.339,216.397,-204.412,-34.214,15.153,-0.802,-17.666,62.779,256.916,105.16,6.519,0.729,-18.48,137.756,483.71,-18.504,10.907,9.501,-8.84,10.153,-4.977,-16.656,0,0
0,58.391,5.949,13.691,-102.539,475.766,15,5,10,0,1,12.943,-13.846,-15.802,227.389,-192.489,-39.908,27.703,3.552,-9.839,60.565,268.626,126.809,28.527,1.487,2.874,47.863,-106.473,47.878,-8.138,-4.222,-22.439,41.313,-47.802,-13.099,0,0
0,62.361,5.866,14.112,42.069,396.928,15,5,10,0,1,15.386,4.079,-13.91,206.229,-120.336,-30.107,11.558,-1.478,-17.532,72.168,251.206,119.985,1.784,14.357,-13.288,125.786,-148.504,-31.115,17.148,19.716,4.036,-33.817,-12.977,-3.847,0,0
0,65.649,5.743,13.603,-50.881,328.87,15,5,10,0,1,11.314,2.235,-11.707,158.824,-75.573,-30.427,12.897,0.946,-12.653,71.786,232.489,106.824,-6.126,9.294,-31.485,161.939,484.504,-24.305,14.19,6.517,-8.22,-125.481,32.885,-33.511,0,0
0,68.429,5.581,11.705,-189.732,277.943,15,5,10,0,1,11.441,2.668,-11.879,101.282,-38.366,-22.84,11.113,0.563,-9.793,66.84,215.344,76.702,-6.428,20.158,-20.224,-32.504,355.588,-96.55,7.666,-17.898,-10.979,-26,25.969,-22.992,0,0
0,70.699,5.379,9.472,-223.309,227.051,15,5,10,0,1,7.346,7.425,-16.37,49.649,-10.198,-10.534,12.574,-1.095,-9.276,67.542,200.702,47.115,0.908,0.879,-10.979,-34.519,-339.847,10.046,4.084,-14.097,-14.971,101.16,3.328,2.992,0,0
0,72.541,5.137,7.597,-187.523,184.193,15,5,10,0,1,5.741,2.383,-15.544,16.763,19.618,-0.046,11.793,-1.705,-9.448,65.206,189.74,21.191,9.562,-13.096,-3.439,-34.489,353.221,351.267,9.175,5.865,-8.471,122.519,-3.847,10.092,0,0
0,74.05,4.855,6.176,-142.124,150.879,15,5,10,0,1,6.002,1.123,-15.968,-15.771,47.618,5.893,12.758,-0.12,-11.039,63.725,189.069,-2.351,0.393,2.181,-12.397,112.382,-472.916,0,10.131,8.09,-7.801,103.237,4.458,6.916,0,0
0,75.266,4.534,5.11,-106.545,121.582,15,5,10,0,1,4.536,1.32,-17.852,-40.336,72.153,10.672,11.599,0.984,-11.324,63.038,191.435,-21.328,6.728,5.085,-14.509,73.573,-387.924,-19.42,9.662,7.092,-8.15,46.626,7.435,0.504,0,0
0,76.288,4.174,4.279,-83.141,102.242,15,5,10,0,1,2.587,0.29,-17.172,-60.519,90.214,13.466,10.835,1.756,-11.424,55.832,192.321,-34.122,5.561,18.44,-46.387,-336.519,-308.534,-119.206,8.648,2.73,-10.038,16.427,1.099,-0.931,0,0
0,77.108,3.773,3.748,-53.078,82.031,15,5,10,0,1,3.331,1.08,-16.518,-72.26,115.023,17.252,10.849,0.752,-11.228,42.687,192.794,-43.359,5.178,9.772,-12.207,66.092,-149.573,-2.534,9.163,3.753,-8.133,-6.275,-12.718,0.137,0,0
0,77.734,3.333,3.444,-30.384,62.599,15,5,10,0,1,2.908,1.502,-16.289,-83.038,137.42,20.855,8.608,1.365,-11.235,30.198,186.092,-48.412,4.776,8.002,-12.641,49.618,-66.641,-10.931,10.306,3.355,-7.159,-16.229,-13.206,-1.496,0,0
0,78.09,2.854,3.316,-12.817,35.557,15,5,10,0,1,-0.673,0.661,-16.411,-85.588,156.58,24.641,9.568,0.419,-11.422,16.458,179.618,-53.237,7.025,6.596,-10.203,28.84,-242.198,16,6.735,1.679,-8.356,-14.198,-20.229,-2.718,0,0
0,78.24,2.335,3.316,-0,14.992,15,5,10,0,1,2.381,-3.399,-13.424,-75.649,178.198,20.885,9.046,-0.639,-12.471,3.206,176.611,-50.427,3.375,6.77,-14.543,34.58,-250.015,2.687,8.953,1.734,-8.045,-18.076,-17.908,-4.214,0,0
0,78.134,1.776,3.334,1.831,-10.62,15,5,10,0,1,1.188,2.989,-18.382,-72.992,202.183,13.206,11.822,0.098,-10.988,-6.015,174.214,-45.878,1.777,6.847,-12.679,8.565,-117.985,3.603,9.111,-0.704,-7.837,-10.855,-25.206,-4.336,0,0
0,77.756,1.177,3.352,1.774,-37.766,15,5,10,0,1,1.401,0.69,-18.662,-34.519,234.244,10.198,11.621,-3.166,-11.491,-1.099,167.557,-40.565,2.706,6.318,-12.727,-0.473,-205.344,-97.71,8.423,0.146,-8.143,-0.58,-32.733,-2.26,0,0
0,76.947,0.539,3.392,4.028,-80.91,15,5,10,0,1,2.836,-4.316,-17.975,-4.122,254.122,-0.55,8.653,-2.51,-12.619,12.046,151.496,-22.687,3.267,12.886,-15.501,-11.344,-209.099,16.366,8.871,1.272,-8.239,-1.298,-36.489,-1.252,0,0
0,75.768,0,3.407,1.488,-117.897,15,5,10,0,1,2.009,-2.668,-19.747,26.046,275.42,-8.046,5.669,-2.467,-13.118,26.427,135.573,-12.031,3.468,6.185,-15.026,-10.763,-113.832,4.947,10.33,2.383,-7.578,-6.153,-36.397,-1.13,0,0
0,74.292,0,3.371,-3.685,-147.583,15,5,10,0,1,1.569,-3.631,-21.088,51.374,286.565,-16.229,3.981,-2.924,-12.988,40.809,114.901,-5.252,3.056,6.227,-13.12,-10.519,-55.267,-3.786,9.355,1.255,-8.749,-13.588,-39.679,-2.687,0,0
0,72.531,0,3.36,-1.076,-176.148,15,5,10,0,1,2.534,-3.93,-21.512,73.374,298.779,-23.786,2.699,-2.599,-12.401,56.458,96.351,-3.176,3.281,12.312,-16.243,-21.023,-111.191,-7.237,10.2,1.315,-7.587,-14.397,-41.756,-1.664,0,0
0,70.487,0,3.36,-0,-204.403,15,5,10,0,1,1.648,-2.263,-18.801,81.679,307.374,-30.977,2.862,-3.712,-14.449,74.519,76.916,-2.84,2.711,5.885,-12.926,-13.985,-57.679,-3.511,9.372,-0.101,-8.383,-8.504,-42.015,-0.153,0,0
0,68.151,0,3.36,-0,-233.563,15,5,10,0,1,1.126,4.824,-18.643,58.87,315.649,-38.718,4.117,-6.723,-14.107,99.282,54.458,-2.992,5.152,4.685,-10.924,-13.405,-54.58,-0.718,9.216,0.254,-7.034,5.481,-49.603,3.237,0,0
0,65.562,0,3.345,-1.488,-258.912,15,5,10,0,1,-0.786,-1.542,-18.59,36.794,314.931,-50.153,4.754,-3.576,-12.813,123.817,36.29,-2.687,3.513,6.021,-12.152,-6.153,-107.435,-5.618,9.029,1.289,-7.444,11.725,-50.641,4.183,0,0
0,62.896,0,3.345,-0,-266.602,15,5,10,0,1,4.539,-0.886,-22.063,12.427,314.412,-52.351,2.196,-3.149,-13.232,146.153,20.092,-11.924,3.226,6.519,-11.8,-0.992,-53.725,-4.855,9.288,1.866,-7.631,15.389,-51.832,5.924,0,0
0,60.156,0,3.342,-0.286,-273.984,15,5,10,0,1,4.689,0.68,-23.529,9.481,314.183,-51.802,4.713,1.298,-9.762,155.893,13.695,-25.237,3.185,6.543,-11.604,3.374,-54,-6.855,9.628,1.509,-7.441,18.824,-53.176,8.183,0,0
0,57.531,0,3.342,-0,-262.528,15,5,10,0,1,2.227,-4.541,-25.356,-2.931,288.55,-39.344,2.682,2.548,-11.067,135.832,6.702,-33.939,2.941,12.187,-13.388,12.565,-111.466,-15.695,9.683,0.74,-7.719,24.519,-55.221,9.527,0,0
0,54.89,0,3.342,-0,-264.084,15,5,10,0,1,4.148,-2.591,-27.279,-4.733,288.992,-37.527,3.121,2.86,-9.503,112.168,2,-43.038,2.577,5.492,-12.08,9.038,-58.534,-7.939,9.513,0.948,-8.984,27.298,-59.176,10.672,0,0
0,52.312,0,3.342,-0,-257.813,15,5,10,0,1,2.383,-3.566,-24.717,-3.435,247.74,-25.481,4.977,5.645,-5.937,80.046,-5.191,-44.779,2.179,4.81,-15.501,20.992,-250.458,-31.45,9.683,0.139,-9.053,29.176,-63.008,8.58,0,0
0,49.829,0,3.342,-0,-248.234,15,5,10,0,1,1.451,-3.001,-27.674,-11.527,229.42,-16.092,4.287,6.222,-5.796,49.573,-13.542,-51.16,2.596,4.392,-12.801,10.794,-132.84,-33.221,10.16,0.026,-9.211,26.565,-66.626,7.74,0,0
0,47.555,0,3.345,0.286,-227.475,15,5,10,0,1,0.575,-4.967,-28.228,-26.168,194.168,-6.718,5.382,5.911,-4.107,15.191,-20.748,-45.511,3.36,4.39,-13.256,31.74,-69.084,-17.435,10.097,0.52,-10.042,23.969,-69.695,6.26,0,0
0,45.474,0,3.345,-0,-208.031,15,5,10,0,1,0.805,-6.378,-27.603,-29.695,161.664,4.168,6.141,4.867,-3.861,-19.481,-29.389,-34.046,4.064,4.541,-12.622,39.389,496.565,-19.573,9.341,0.857,-10.179,18.824,-77.847,4.305,0,0
0,43.621,0,3.371,2.563,-185.292,15,5,10,0,1,0.529,-5.312,-26.772,-41.221,125.71,12.412,4.871,4.06,-3.858,-39.664,-41.237,-21.237,4.397,3.981,-11.951,43.099,-148.29,-20.794,10.152,1.394,-9.805,10.412,-76.687,2.672,0,0
0,41.996,0,3.4,2.953,-162.541,15,5,10,0,1,2.139,-4.179,-28.252,-56.244,88.122,14.718,7.094,0.769,-2.711,-45.588,-53.374,-18.55,3.983,4.237,-12.428,49.084,-75.588,-9.16,9.812,-1.741,-10.279,15.527,-81.496,2.397,0,0
0,40.732,0,3.554,15.381,-126.366,15,5,10,0,1,1.475,-3.703,-21.725,-66.153,57.115,10.687,10.77,2.536,1.375,-44.519,-61.344,-22.031,9.403,3.573,-0.182,481.328,25.389,-240.855,5.236,-1.411,-10.447,39.359,-108.046,4.855,0,0
0,39.715,0,3.997,44.3,-101.784,15,5,10,0,0,0.175,-12.37,-31.166,-83.13,0.855,13.069,7.58,-0.73,0.285,-14.26,-51.893,-14.489,5.341,5.877,-10.814,82.824,-110.672,-45.435,11.039,0.627,-7.832,47.359,-108.55,6.748,0,0
0,39.242,0,4.609,61.169,-47.23,15,5,10,1,0,-1.066,-5.731,-40.826,-84.336,-70.443,12.718,7.42,-1.032,-0.402,-17.573,-64.855,-5.908,7.508,4.93,-13.862,183.374,-81.939,-6.595,8.229,2.038,-9.911,48.748,-120.031,7.435,1,0
0,39.374,0,5.443,83.485,13.184,5,5,10,1,0,9.573,-7.504,-25.042,-61.847,-125.282,-3.908,7.53,-4.196,-5.176,-9.481,-77.954,16.29,6.344,7.092,-12.121,94.748,-29.13,-2.076,12.895,2.158,-6.658,44.84,-122.901,9.802,0,0
0.674,39.985,0,6.425,98.202,61.089,5,5,10,1,0,10.531,-7.077,-10.325,-45.588,-141.374,-18.397,13.314,-5.329,-6.376,5.45,-74.916,28.107,8.416,8.234,-11.276,98.244,-23.282,-5.557,13.477,1.018,-5.985,55.145,-133.481,14.061,0,0
1.307,40.78,0,7.524,109.841,79.491,5,5,10,1,0,16.461,-13.814,2.788,12.595,-112.214,-16.748,15.084,-5.221,-9.441,15.069,-47.13,51.496,10.279,16.05,-12.742,-302.916,-63.756,97.71,12.131,0.642,-8.538,61.527,-137.924,20.641,0,0
1.9,41.505,0,8.813,128.895,72.51,5,5,10,1,0,6.356,-9.252,-8.639,60.947,-81.832,-6.336,14.167,-4.943,-9.321,30.58,-21.435,76.885,2.299,35.897,-9.618,-310.733,-25.649,94.779,17.91,-0.012,-7.652,68,-145.038,21.42,0,0
2.454,42.102,0,10.3,148.682,59.727,5,5,10,1,0,0.742,-0.486,-14.085,100.901,-70.565,-2.351,5.767,-3.818,-9.3,80.29,-26.351,94.55,9.321,12.023,-11.496,54.748,23.878,9.817,17.23,4.488,-6.258,49.282,-155.099,20.626,0,0
2.967,42.592,0,11.951,165.161,49.004,5,5,10,1,0,-0.611,12.799,-37.01,88.55,-73.969,-4.748,-0.594,-1.538,-8.986,100.382,-44.504,125.115,9.125,15.255,-9.925,142.412,141.008,31.511,13.826,-1.209,-9.676,35.817,-175.359,15.282,0,0
3.44,42.985,0,13.899,194.802,39.242,5,5,10,1,0,-12.694,3.981,-26.784,97.267,-97.985,1.008,8.26,-3.933,-5.818,146.366,-77.13,89.817,12.548,8.368,-9.216,10.458,46.443,6.748,14.001,-0.977,-6.371,7.969,-189.817,14.321,0,0
3.873,43.26,0,16.155,225.563,27.489,5,15,10,1,0,7.523,-3.154,-23.749,69.42,-99.13,-17.725,13.369,1.102,-7.549,138.214,-80.656,63.725,11.043,5.834,-9.173,-47.939,242.87,274.687,16.147,-0.228,-8.835,-9.42,-193.542,14.55,0,0
4.266,43.175,0,18.745,258.992,-8.446,5,15,10,1,0,9.812,0.699,-20.99,78.29,-74.473,-5.252,15.216,4.939,-9.994,105.74,-85.878,36.122,13.034,6.632,-6.546,-23.206,159.664,5.679,17.251,4.934,-4.306,-28.031,-211.588,22.321,0,0
4.619,42.809,0,21.656,291.081,-36.633,5,15,10,1,0,10.708,4.709,-16.26,52.855,-52.473,5.405,9.46,5.413,-15.302,57.603,-99.176,32.84,1.106,4.857,-0.565,-266.137,-184.809,-25.893,20.901,-2.491,-7.35,-49.053,-214.58,18.076,0,0
4.932,42.084,0,24.827,317.116,-72.521,5,15,10,1,0,13.082,1.356,-17.129,23.924,-33.267,12.901,17.714,4.184,-8.897,24.031,-112.641,34.901,11.465,8.61,-7.69,-42.58,124.366,1.603,21.17,-1.298,-3.942,-73.908,-213.618,21.16,0,0
5.204,40.963,0,28.2,337.292,-112.038,5,15,10,1,0,11.221,2.069,-18.904,-7.542,-16.137,25.878,15.913,4.299,-9.882,-10.519,-127.282,28.214,10.011,16.54,-5.518,-144.153,289.038,13.496,19.74,1.715,-0.335,-107.832,-210.748,22.244,0,0
5.437,39.385,0,31.631,343.175,-157.872,5,15,10,1,0,9.697,4.426,-20.037,-33.817,0.763,32.992,14.38,2.857,-11.908,-38.733,-140.626,16.458,9.683,8.792,-7.889,-106.26,167.374,-3.115,21,2.932,-0.196,-120.015,-187.969,26.794,0,0
5.629,37.363,0,35.18,354.825,-202.126,5,15,10,1,0,10.627,0.45,-17.268,-76.092,26.458,33.115,11.496,0.965,-13.022,-52.748,-158.504,8.885,9.441,7.317,-9.29,-138.443,191.542,-12.458,17.769,2.728,-7.243,-124.519,-176.779,28.702,0,0
5.782,34.939,0,38.915,373.57,-242.444,5,15,10,1,0,9.12,3.624,-17.247,-104.87,39.542,43.573,11.405,1.928,-11,-67.053,-170.702,-4.534,7.745,6.215,-12.892,-159.237,410.977,-109.13,17.833,5.267,-11.534,-137.099,-178.58,29.038,0,0
5.894,32.181,0,42.951,403.531,-275.78,5,15,10,1,0,4.819,3.401,-14.365,-130.076,52.137,48.321,5.257,1.815,-12.272,-60.015,-184.305,-3.832,11.942,4.282,-14.176,-176.427,456.962,-91.176,17.385,3.87,-18.099,-147.099,-189.282,32.382,0,0
5.966,29.211,0,47.273,432.198,-296.963,5,15,10,1,0,11.87,-0.647,-11.989,-159.71,58.137,48.427,8.73,5.298,-9.812,-59.603,-187.557,-6.397,8.89,7.814,-21.388,289.405,-24.015,-242.321,14.193,1.727,-18.861,-164.198,-195.008,27.282,0,0
5.998,26.127,0,51.908,463.555,-308.396,5,15,10,1,0,-0.002,2.282,-16.667,-168.244,35.618,47.985,10.023,-1.504,-6.723,-76.718,-186.107,-6.504,7.159,5.053,-17.692,-178.809,-487.405,-148.641,17.136,3.228,-14.413,-178.229,-191.908,34.947,0,0
5.99,23.333,0,56.713,480.493,-279.419,5,15,10,1,0,7.113,-1.825,-18.969,-145.481,31.237,37.71,10.893,1.856,-8.375,-86.092,-178.198,-0.29,9.103,0.927,-19.002,-151.267,270.153,-171.176,15.01,0.383,-18.878,-176.779,-168.229,37.832,0,0
5.942,21.052,0,61.591,487.828,-228.138,5,15,10,1,0,7.875,-8.737,-16.356,-90.305,21.863,35.038,12.473,2.053,-8.706,-94.305,-157.13,7.328,6.081,-0.635,-22.108,-119.725,275.298,-94.427,12.389,6.416,-24.817,-163.435,-166.718,19.328,0,0
5.854,19.265,0,66.341,474.965,-178.643,5,15,10,1,0,2.596,-7.283,-15.608,-57.71,7.008,33.573,12.833,-4.345,-8.912,-101.802,-144.733,17.908,5.844,0.174,-29.526,-162.244,61.908,-78.901,13.17,6.567,-18.221,-185.221,-149.023,-0.26,0,0
5.726,17.683,0,70.603,426.213,-158.226,5,15,10,1,0,6.33,-7.255,-15.467,-18.244,14.366,30.931,10.61,-4.912,-9.065,-88.366,-139.511,32.87,9.779,6.481,-18.013,-47.817,-493.603,-140.336,12.631,-5.64,-12.464,-167.832,-97.45,-6.534,0,0
5.557,16.368,0,73.731,312.813,-131.47,5,15,10,1,0,6.016,-5.406,-13.968,-23.206,6.809,24.779,11.178,-4.754,-9.329,-75.344,-140.534,37.802,6.409,3.691,-15.153,-21.802,217.267,-128.458,13.606,-9.166,-7.152,-116.351,-46.55,1.557,0,0
5.349,15.05,0,75.921,218.995,-131.836,5,15,10,1,0,8.299,-8.021,-13.836,-8.763,17.725,25.191,7.056,-6.349,-9.676,-70.229,-144,37.878,7.669,1.878,-12.509,-22.076,192.916,-28.962,17.939,-13.187,-7.046,-26.504,27.603,13.466,0,0
5.1,13.651,0,77.316,139.469,-139.893,5,15,10,1,0,5.942,0.285,-15.113,-26.779,14.718,20.504,9.125,-4.373,-9.341,-63.13,-147.069,32.702,3.011,3.937,-15.762,-27.237,331.405,-9.405,12.385,-12.035,-10.517,48.58,76.58,11.023,0,0
4.811,12.303,0,78.162,84.583,-134.8,5,15,10,1,0,6.785,-6.55,-12.617,-39.145,13.435,14.153,8.304,-3.674,-8.119,-60.107,-141.802,25.481,2.625,1.248,-14.768,-36.885,317.802,47.786,9.333,-4.689,-10.622,105.664,104.87,6.565,0,0
4.483,10.893,0,78.594,43.247,-140.98,5,15,10,1,0,4.955,-3.487,-14.71,-31.16,15.069,17.282,8.653,-3.593,-8.114,-59.603,-141.206,16.718,1.744,0.036,-14.567,-23.893,148.336,176.489,4.716,-2.27,-14.686,127.206,133.008,-2.626,0,0
4.114,9.498,0,78.572,-2.197,-139.527,5,15,10,1,0,6.067,-2.953,-12.231,-44.366,12.718,10.962,9.947,-1.363,-7.36,-59.359,-135.573,14.29,-1.859,-2.752,-17.884,2.656,141.924,96.031,2.939,-7.602,-20.365,126.275,162.962,-13.359,0,0
3.705,8.198,0,78.569,-0.378,-130.005,5,15,10,1,0,8.232,-5.152,-12.303,-37.084,14.107,11.435,9.879,-0.335,-9.003,-60.183,-128.351,11.221,1.384,0.321,-15.606,20.916,312.458,111.573,4.788,4.151,-14.612,126.992,163.252,-12.626,0,0
3.256,6.979,0,78.569,-0,-121.926,5,15,10,1,0,5.358,-3.408,-12.222,-24.611,7.099,10.931,11.599,0.721,-7.875,-61.725,-119.344,9.267,2.366,3.67,-20.295,105.191,308.397,98.901,5.518,2.932,-13.968,95.145,177.618,-15.359,0,0
2.767,5.986,0,78.521,-4.749,-99.255,5,15,10,1,0,5.738,-4.982,-12.718,-17.695,0,10.031,12.361,-0.934,-7.901,-63.298,-109.649,8.137,2.194,8.92,-21.201,140.824,-371.267,24.672,11.987,4.143,-10.378,74.29,189.328,-9.832,0,0
2.237,5.148,0,78.187,-33.36,-83.874,5,15,10,1,0,7.999,-4.589,-13.163,0.092,-1.817,10.519,11.932,-0.862,-10.038,-55.328,-101.954,7.893,2.045,8.671,-21.531,125.74,-394.504,91.237,5.532,0.544,-13.426,38.137,213.405,-4.763,0,0
1.668,4.529,0,77.668,-51.979,-61.867,5,15,10,1,0,9.137,-3.09,-13.046,8.366,-7.191,9.481,11.099,-0.077,-9.477,-43.603,-95.069,7.573,1.2,6.596,-16.748,63.878,141.008,2.931,9.175,-0.97,-12.33,24.473,235.206,8.702,0,0
1.059,4.107,0,76.932,-73.597,-42.16,5,15,10,1,0,5.607,-1.962,-13.609,13.863,-19.496,10.153,11.393,-1.509,-9.944,-36.427,-87.542,5.176,-0.278,9.373,-38.177,346.137,261.359,-28.336,9.841,-1.351,-13.441,2.305,260.214,18.779,0,0
0.409,3.928,0,75.892,-103.97,-17.876,5,15,10,1,0,5.638,-3.664,-12.689,24.901,-27.893,8.901,10.483,-0.589,-10.291,-26.229,-77.389,5.573,-0.436,8.298,-23.126,49.344,-463.16,-21.496,7.187,-0.924,-15.302,-1.176,268.916,31.237,0,0
0,3.957,0,74.573,-131.893,2.895,5,15,10,1,0,6.51,-4.124,-10.873,34.992,-35.053,9.099,9.183,-2.932,-9.496,-15.542,-68.824,7.954,-1.964,9.507,-37.219,7.939,-47.893,-68.397,6.227,-0.953,-17.39,-14.458,280.137,40.443,0,0
0,3.928,0,72.987,-158.593,-2.895,5,15,10,1,0,4.603,-2.227,-12.742,35.695,-37.557,10.427,9,-2.508,-10.119,3.313,-76.031,5.908,-0.829,7.21,-21.282,-142.29,-123.863,-19.176,6.388,-0.901,-17.591,-29.374,291.939,46.672,0,0
0,3.851,0,71.116,-187.123,-7.725,5,15,10,1,0,6.771,-3.329,-11.652,29.618,-38.305,8.153,7.815,-3.214,-8.912,17.359,-83.191,2.29,-2.117,6.465,12.435,-239.863,163.649,-97.71,8.435,-0.067,-16.882,-33.008,301.313,53.45,0,0
0,3.445,0,68.989,-212.723,-40.627,5,15,10,1,0,4.079,-2.711,-13.985,30.55,-30.763,10.901,8.258,-3.358,-9.657,32.611,-94.641,1.008,-2.153,7.607,-16.004,-51.084,73.405,5.924,6.141,-1.902,-17.9,-39.359,311.389,57.771,0,0
0,2.658,0,66.572,-241.7,-78.736,5,15,10,1,0,7.662,-0.005,-14.198,11.237,-20.672,9.389,7.166,-2.28,-9.185,36.763,-113.023,0.198,-4.414,7.178,-18.355,-68.84,69.328,-2.046,11.544,1.99,-14.432,-43.466,323.664,65.74,0,0
0,1.592,0,63.964,-260.777,-106.59,5,15,10,1,0,7.652,-3.652,-12.303,-0.519,-13.954,7.664,7.231,-0.855,-10.414,30.031,-126.122,0.26,-2.553,10.714,-33.013,299.237,436.885,29.557,8.373,-1.018,-18.686,-23.206,317.389,68.565,0,0
0,0.306,0,61.214,-274.968,-128.563,5,15,10,1,0,7.779,-2.627,-12.854,-17.664,-11.267,7.771,8.378,0.697,-10.323,18.427,-134.351,0.84,-6.263,3.358,-17.419,-117.679,163.053,8.855,3.858,-3.181,-21.098,-5.74,311.695,64.031,0,0
0,-1.004,0,58.453,-276.158,-131.047,5,15,10,1,0,5.604,-1.209,-14.202,-35.374,-12.779,7.435,9.721,1.983,-10.174,-6,-137.603,0.702,-5.861,4.115,-16.068,-118.672,32.901,9.939,7.492,-1.123,-20.813,-0.015,307.878,59.069,0,0
0,-2.341,0,55.662,-279.042,-133.667,5,15,10,1,0,8.038,-4.615,-10.869,-39.557,-8.656,6.763,11.11,1.092,-11.017,-31.145,-128.656,4.977,-5.204,2.641,-20.128,-221.069,210.321,329.771,5.6,1.851,-22.027,7.496,295.817,49.969,0,0
0,-3.631,0,52.89,-277.234,-128.975,5,15,10,1,0,5.504,-2.845,-10.699,-51.756,-12.626,5.817,12.655,0.85,-9.458,-45.603,-123.13,9.771,-4.773,1.023,-12.425,-84,45.313,57.16,9.13,0.606,-23.524,8.427,279.573,38.336,0,0
0,-4.784,0,50.18,-270.974,-115.288,5,15,10,0,0,4.366,-3.564,-10.536,-67.802,-20,3.985,15.309,1.255,-6.898,-59.832,-110.855,11.893,-3.094,-1.538,-8.713,-49.176,16,79.695,5.152,3.044,-21.119,13.496,249.649,33.206,0,0
0,-5.678,0,47.631,-254.929,-89.413,5,15,10,0,0,5.47,-5.726,-10.141,-72.687,-31.878,0.168,15.481,0.412,-4.63,-71.557,-90.87,16.214,-2.561,-3.957,6.467,2.198,110.29,373.252,5.262,-0.604,-24.489,26.58,224.794,29.344,0,0
0,-6.311,0,45.269,-236.172,-63.309,5,15,10,0,0,3.698,-6.354,-11.999,-64.412,-44.58,-1.359,13.985,-0.721,-5.976,-75.71,-76.214,23.74,-2.67,0.333,-5.54,48.977,4.916,92.214,3.794,1.856,-21.893,40.458,183.023,23.588,0,0
0,-6.513,0,43.226,-204.312,-20.176,5,15,10,0,0,7.355,-6.603,-9.475,-57.252,-59.267,-4.061,10.962,-3.085,-7.154,-74.779,-63.527,23.084,-2.194,1.027,-5.731,76.107,-24.977,93.71,3.034,-0.558,-26.067,66.748,151.618,17.45,0,0
0,-6.461,0,41.567,-165.94,5.184,5,15,10,0,0,8.557,-12.387,-6.658,-31.771,-76.412,-7.023,10.227,-5.468,-8.304,-62.061,-54.855,26.351,-3.003,5.006,-3.583,167.618,-53.863,154.443,4.596,2.397,-23.339,85.573,104.779,10.58,0,0
0,-6.421,0,40.3,-126.709,3.971,5,15,10,0,0,7.518,-4.836,-12.818,-14.595,-76.061,-5.74,11.776,-4.479,-8.862,-45.939,-60.534,22.076,-0.838,5.513,-5.43,74.855,-113.649,124.214,5.133,6.414,-22.039,100.962,59.878,3.542,0,0
0,-6.121,0,39.384,-91.53,30.018,5,15,10,0,0,5.82,-5.676,-11.192,-20.015,-101.649,-15.466,15.898,-1.013,-8.799,-40.351,-46.107,21.191,-1.844,5.156,-6.689,76.321,-120.489,116.092,8.169,1.911,-23.45,101.42,15.771,6.382,0,0
0,-5.476,0,38.89,-49.45,64.51,5,15,10,0,0,10.517,-6.05,-11.412,-12.275,-101.511,-19.435,14.83,-2.876,-10.143,-40.748,-36.534,20.534,2.488,0.402,-3.688,162.092,-175.634,67.786,10.21,2.733,-23.462,99.985,-3.023,13.908,0,0
0,-4.656,0,38.703,-18.665,82.031,5,15,10,0,0,12.174,-3.425,-11.568,0.641,-102.763,-21.389,12.591,-1.607,-11.479,-41.42,-30.824,23.695,0.026,0.034,-8.957,160.107,-384.977,18.076,6.114,10.679,-28.012,66.473,-42.092,9.023,0,0
0,-3.704,0,38.813,10.975,95.146,5,15,10,0,0,9.422,-2.979,-11.525,-7.832,-109.099,-22.947,13.168,-1.3,-10.684,-41.344,-25.45,18.305,-2.508,8.574,-10.351,10.382,-58.214,-10.015,0.587,5.31,-35.717,44.198,-112.137,1.74,0,0
0,-2.667,0,39.636,82.352,103.695,5,15,10,0,0,9.472,-0.503,-13.359,-19.298,-112.382,-25.603,13.18,-0.565,-9.02,-46.947,-20.519,11.725,1.238,8.399,-8.694,-20.26,-111.008,-47.908,8.244,7.257,-15.807,-5.481,-167.405,4.214,0,0
0,-1.576,0,40.863,122.681,109.131,5,15,10,0,0,10.428,-3.413,-11.882,-20.748,-113.252,-28.595,11.405,-1.035,-10.473,-54.427,-15.618,8.458,3.813,4.078,-16.463,-88.015,-115.496,-178.26,14.777,10.612,2.761,-59.389,-137.664,3.13,0,0
0,-0.47,0,42.014,115.036,110.619,5,15,10,0,1,11.618,-3.111,-12.722,-24.427,-116.763,-30.229,12.495,-1.753,-10.538,-58.015,-11.985,2.168,9.005,12.527,-17.144,-180.534,-204.351,-54.718,15.752,5.777,6.919,-91.038,-89.695,1.725,0,1
0,0.599,0,42.643,62.988,106.854,5,5,10,0,1,13.4,-1.408,-11.594,-30.031,-115.13,-34.336,13.374,-1.066,-11.589,-57.389,-10.977,-4.916,8.766,0.035,-18.834,-249.786,-256.015,363.603,15.999,0.903,2.493,-126.397,-35.115,-3.069,0,0
0,1.566,0.677,42.911,26.756,96.714,5,5,10,0,1,14.416,-2.606,-11.587,-35.359,-115.099,-37.115,15.46,-0.69,-11.316,-53.282,-9.863,-11.695,9.307,2.747,-4.285,-156.779,-58.397,237.313,31.473,-8.014,-10.481,-103.069,-50.763,-1.344,0,0
0,2.47,1.314,43.551,64.03,90.431,5,5,10,0,1,12.112,-2.524,-10.306,-38.427,-113.863,-37.573,15.857,-0.285,-11.293,-43.863,-10.672,-17.191,1.336,-3.559,-3.066,-151.191,-84.473,-369.771,4.234,-7.202,-26.647,-34.489,-127.71,-17.542,0,0
0,3.342,1.91,44.834,128.243,87.17,15,5,10,0,1,12.476,-0.517,-10.136,-48.092,-114.198,-38.275,16.198,0.311,-9.535,-39.756,-8.763,-19.924,-4.814,-2.994,-2.213,-227.496,-179.557,-366.656,3.698,1.813,-22.769,-33.634,-161.786,-26.595,0,0
0,4.346,2.466,46.353,151.909,100.399,15,5,10,0,1,11.352,-1.214,-9.647,-56.275,-117.267,-39.542,18.209,1.423,-7.657,-41.771,2.901,-21.038,-1.336,4.833,-7.908,-71.618,-291.924,339.664,10.081,9.07,-13.561,-76.656,-142.473,-27.344,0,0
0,5.58,2.981,47.518,116.478,123.356,15,5,10,0,1,10.327,-3.83,-7.537,-52.244,-124.855,-39.985,17.436,1.212,-6.399,-42.595,20.122,-17.405,6.409,3.784,-13.278,13.481,-176.565,-264.733,13.314,-4.68,-17.055,-80.611,-92.427,-15.405,0,0
0,7.107,3.456,47.998,48.02,152.767,15,5,10,0,1,8.66,-4.61,-9.436,-42.458,-128.092,-39.603,17.761,1.684,-5.432,-52,38.687,-15.969,4.014,6.135,-46.425,313.008,431.374,141.191,17.819,-4.814,-16.703,-61.435,-53.664,-5.496,0,0
0,8.912,3.89,47.496,-50.205,180.485,15,5,10,0,1,7.084,-5.13,-9.343,-17.359,-136.885,-37.893,14.329,1.509,-5.758,-44.87,57.618,-16.183,-0.987,4.609,-26.858,34.366,471.985,-94.473,10.042,-9.326,-21.469,-32.412,-24.504,-19.817,0,0
0,10.97,4.283,46.375,-112.061,205.788,15,5,10,0,1,9.175,-2.891,-10.574,-8.992,-140.473,-32.885,18.26,-0.158,-3.24,-42.595,78.458,-19.206,3.525,5.546,21.632,-121.939,197.847,-259.908,9.961,-4.093,-14.006,29.45,-26.504,-22.183,0,0
0,13.31,4.636,44.672,-170.277,234.009,15,5,10,0,1,11.297,-5.499,-4.943,-15.466,-155.618,-33.847,18.782,2.036,-3.044,-36.122,100.809,-18.977,3.212,2.981,-29.128,4.779,319.74,-19.847,15.869,0.934,-12.852,42.122,22.305,-23.252,0,0
0,16.108,4.949,42.204,-246.861,279.786,15,5,10,0,1,13.599,-4.893,-6.78,-37.221,-155.466,-29.588,19.764,-0.702,-5.983,-33.573,139.954,-18.076,0.436,6.789,-24.348,36.779,232.794,38.351,17.4,-0.493,-13.28,60.305,46.901,-16.962,0,0
0,19.287,5.22,39.054,-314.953,317.94,15,5,10,0,1,10.179,-10.806,-13.872,-34.55,-163.45,-29.053,17.024,-0.735,-5.846,-31.557,165.74,-12.046,0.038,2.312,-40.562,357.588,318.046,349.313,17.541,1.126,-11.221,70.962,69.435,-7.756,0,0
0,22.913,5.452,35.282,-377.175,362.515,15,5,10,0,1,5.173,-10.507,-18.37,-8.534,-182.458,-25.145,15.316,-4.821,-7.808,-22.382,190.214,-7.298,-3.846,0.951,-22.432,67.176,-236.061,48,16.13,-15.798,-19.493,112,89.053,-12.702,0,0
0,26.981,5.642,31.382,-390.027,406.884,15,5,10,0,1,8.799,-7.35,-20.188,15.496,-200.687,-32.015,13.786,-5.034,-9.142,5.084,208.137,9.924,-0.56,0.418,-18.394,105.817,127.878,76.763,8.593,-7.252,-5.188,145.771,39.359,-25.756,0,0
0,31.518,5.792,27.328,-405.385,453.679,15,5,10,0,1,8.486,-11.259,-18.032,40.366,-223.328,-36.061,13.043,-5.276,-10.823,28.122,219.939,26.855,-0.987,3.458,-15.019,59.298,-245.527,27.481,3.114,-6.313,-20.109,172.977,21.863,-16.626,0,0
0,36.334,5.902,23.809,-351.884,481.626,15,5,10,0,1,7.949,-5.554,-22.65,68.656,-237.099,-41.313,11.702,-4.122,-12.191,53.115,231.771,55.45,5.978,1.473,-13.256,59.893,-426.076,24.489,6.895,0.043,-16.018,171.603,11.893,-8.519,0,0
0,41.538,5.971,21.191,-261.876,520.318,15,5,10,0,1,15.74,-4.812,-23.658,79.725,-242.855,-39.145,9.753,0.189,-13.903,73.695,237.42,63.13,8.196,5.378,-15.941,472.153,327.573,348.824,9.247,11.216,-13.017,103.71,-1.328,-8.107,0,0
0,46.91,5.999,19.407,-178.391,537.244,15,5,10,0,1,8.84,-14.056,-23.814,133.099,-242.58,-35.13,14.526,3.063,-11.525,56.672,255.405,81.115,9.535,4.675,-12.442,61.115,-142.244,-1.71,10.279,11.312,-11.51,31.298,-3.756,-17.45,0,0
0,52.184,5.987,18.155,-125.176,527.368,15,5,10,0,1,13.012,-13.767,-21.215,216.489,-207.496,-18.229,17.414,-2.163,-16.856,44.183,257.847,102.397,5.542,19.43,-19.376,115.496,499.038,-55.939,11.024,6.96,-8.416,-23.649,1.588,-21.985,0,0
0,56.82,5.934,17.1,-105.469,463.658,15,5,10,0,1,21.354,-22.12,-6.443,246.855,-161.374,-23.969,16.159,0.395,-17.175,34.351,267.634,133.008,2.333,21.892,-20.477,73.267,-250.031,-124.824,10.804,2.002,-8.045,-41.374,9.282,-22.565,0,0
0,60.654,5.841,15.976,-112.473,383.355,15,5,10,0,1,6.936,9.094,-14.418,201.099,-129.817,-24.733,14.804,0.546,-16.32,91.725,242.137,142.794,1.899,8.557,-13.079,11.511,-126.122,-25.267,10.093,-0.58,-8.102,-24.733,12.885,-19.817,0,0
0,63.881,5.707,14.665,-131.069,322.678,15,5,10,0,1,10.976,-0.24,-9.446,153.267,-74.076,-28.55,11.295,4.004,-8.677,68.763,227.74,121.099,-0.477,7.506,-14.214,6.733,-270.55,-104.794,10.979,-0.968,-8.986,-5.71,17.969,-17.206,0,0
0,66.62,5.533,13.112,-155.251,273.961,15,5,10,0,1,6.625,7.307,-17.438,95.435,-45.099,-7.053,12.746,1.212,-10.354,69.023,208.947,82.901,5.916,2.872,-9.535,12.977,-132.107,-10.55,7.161,-3.597,-11.637,41.771,8.214,-12.931,0,0
0,68.916,5.318,11.819,-129.307,229.615,15,5,10,0,1,6.148,4.304,-17.278,50.672,-18.153,8.84,12.344,2.469,-10.236,60.26,195.634,54.519,3.03,3.626,-12.521,34.198,-124.26,-16.855,10.382,1.626,-8.282,52.931,14.015,-7.74,0,0
0,70.806,5.062,10.567,-125.256,188.931,15,5,10,0,1,3.669,4.146,-17.821,16.672,6.885,18.626,13.256,0.299,-10.392,48.595,190.397,26.611,4.074,4.015,-15.644,109.542,-467.924,-112.122,9.659,0.874,-8.768,54.168,12.137,-5.618,0,0
0,72.282,4.766,9.483,-108.41,147.606,15,5,10,0,1,2.273,2.393,-17.692,-4.794,32.733,22.366,11.922,-0.472,-10.191,42.29,183.511,8.031,6.136,4.927,-10.406,64.534,-120.198,-21.16,7.372,0.51,-8.43,65.542,7.038,-3.756,0,0
0,73.545,4.429,8.648,-83.485,126.343,15,5,10,0,1,3.296,1.844,-18.686,-25.756,57.634,21.573,12.001,-0.536,-10.701,37.359,183.13,-10.412,2.84,5.638,-11.721,75.679,-195.557,-59.725,11,3.03,-7.379,54.992,4.87,-4.168,0,0
0,74.566,4.052,7.901,-74.673,102.104,15,5,10,0,1,2.644,1.871,-18.741,-27.42,58.244,21.084,10.828,0.445,-12.282,38.916,181.389,-19.878,4.864,3.051,-10.895,71.496,-173.878,-47.389,9.209,-0.618,-9.099,51.237,1.282,-5.344,0,0
0,75.376,3.634,7.381,-52.048,80.956,15,5,10,0,1,2.208,-0.395,-16.887,-46.443,93.618,24.26,9.937,0.06,-11.635,39.145,178.168,-26.305,4.143,9.26,-14.188,186.397,-303.771,-96.977,7.037,0.331,-8.792,51.725,-5.893,-3.13,0,0
0,75.976,3.176,7.081,-29.984,60.036,15,5,10,0,1,1.411,-0.656,-16.353,-49.557,110.58,28.962,8.363,2.179,-11.728,35.008,172.748,-26.84,5.956,5.073,-8.545,183.679,-117.603,-4.672,8.711,4.244,-6.428,40.107,-13.954,-3.74,0,0
0,76.357,2.677,6.879,-20.153,38.132,15,5,10,0,1,0.766,0.426,-16.818,-51.954,128.382,30.107,8.205,1.059,-10.574,25.221,165.756,-27.878,5.988,11.751,-9.867,183.557,-211.908,5.13,6.958,0.544,-9.281,38.305,-13.954,-5.099,0,0
0,76.555,2.138,6.861,-1.808,19.787,15,5,10,0,1,1.298,-0.055,-16.839,-48.198,145.664,27.069,9.719,-0.304,-10.727,14.29,163.038,-30.26,1.653,9.372,-12.188,83.328,-56.427,0.305,10.552,2.314,-6.735,35.282,-14.824,-1.038,0,0
0,76.522,1.558,6.89,2.872,-3.33,15,5,10,0,1,2.699,-0.613,-16.734,-35.603,167.481,20.611,10.744,-0.481,-10.974,9.13,158.641,-30.672,3.525,17.19,-17.532,268.443,-331.359,20.031,8.646,2.639,-8.141,35.435,-20.641,-1.328,0,0
0,76.489,0.937,6.96,7.027,-3.319,15,5,10,0,1,-0.153,-4.759,-17.929,-36.061,167.328,5.389,18.351,0.544,-8.019,-0.916,172.031,-23.725,2.572,9.396,-11.872,52.046,-45.374,5.985,8.404,3.085,-8.524,31.847,-28.366,-0.824,0,0
0,76.372,0.276,7.234,27.409,-11.707,15,5,10,0,1,5.578,-6.467,-15.489,6.87,199.542,4.321,10.955,-4.141,-11.918,-1.954,168.885,-9.298,7.52,14.384,-7.755,90.031,-84.351,-4.397,8.205,1.432,-8.239,35.908,-53.496,2.305,0,0
0,75.914,0,7.784,54.978,-45.731,15,5,10,0,1,3.952,-6.119,-17.666,35.344,213.71,-1.45,5.631,-2.726,-12.478,16.718,149.74,6.763,3.102,10.967,-13.376,37.832,-24.809,-18.779,13.374,7.669,-3.181,8.992,-41.267,5.023,0,0
0,75.186,0,8.264,47.974,-72.865,15,5,10,0,1,-1.056,-2.014,-20.324,53.771,225.038,-9.191,6.004,-2.984,-11.427,37.099,139.481,9.221,1.873,9.053,-13.704,17.542,-57.176,-38.473,16.48,4.591,-5.257,-7.313,-37.511,1.985,0,0
0,74.255,0,8.374,10.998,-93.064,15,5,10,0,1,1.751,-1.93,-20.08,64.351,235.45,-18.137,6.629,-3.173,-11.779,51.634,126.748,11.771,2.024,9.227,-16.899,-20.87,-183.466,-37.74,7.219,3.099,-7.872,-20.565,-43.008,2.305,0,0
0,73.113,0,8.359,-1.522,-114.224,15,5,10,0,1,2.036,-4.246,-17.984,74.137,245.237,-24.977,6.481,-3.046,-11.455,67.328,111.802,17.298,3.348,7.669,-10.835,-21.527,-41.573,-3.725,10.227,-0.019,-7.884,0.046,-51.908,6.55,0,0
0,71.79,0,8.366,0.71,-132.26,15,5,10,0,1,2.153,-1.645,-19.38,67.282,252.061,-31.863,6.457,-3.13,-11.273,80.916,99.374,14.779,3.31,5.47,-12.337,-20.458,-48.382,-0.916,8.874,0.536,-10.44,10.55,-45.145,8.611,0,0
0,70.268,0,8.366,-0,-152.287,15,5,10,0,1,1.444,-1.059,-19.797,56,258.168,-39.099,5.48,-2.764,-11.503,92.672,81.71,13.344,2.282,5.604,-13.841,-14.489,-50.137,1.664,9.927,2.124,-10.739,13.298,-46.794,10.427,0,0
0,68.572,0,8.366,-0,-169.579,15,5,10,0,1,3.269,0.443,-20.973,41.374,266.779,-41.969,5.14,-2.35,-11.64,111.252,66.26,6.718,2.503,5.245,-14.423,-7.16,-51.176,1.939,9.839,1.779,-11.427,8,-46.931,9.237,0,0
0,66.686,0,8.366,-0,-188.576,15,5,10,0,1,3.655,-0.635,-20.959,27.756,267.038,-43.313,4.117,-1.317,-11.793,115.634,49.053,2.397,2.1,4.974,-15.024,-0.901,-53.924,1.786,9.547,0.63,-11.819,2.031,-50.092,6.687,0,0
0,64.665,0,8.366,-0,-202.137,15,5,10,0,1,4.491,-0.113,-22.688,16.565,270.519,-42.198,4.711,-0.845,-10.251,121.282,37.893,-7.71,1.947,4.604,-20.453,4.931,-114.931,6.321,9.515,-0.786,-11.712,1.023,-53.237,5.969,0,0
0,62.496,0,8.366,-0,-216.82,15,5,10,0,1,3.597,-3.058,-22.281,16.046,264.519,-41.099,5.556,0.031,-9.678,115.45,26.641,-15.527,1.957,4.299,-15.048,5.786,-61.145,3.649,9.566,-0.608,-11.532,3.863,-56.107,4.595,0,0
0,60.281,0,8.366,-0,-221.535,15,5,10,0,1,1.748,-4.234,-22.516,20.107,256.748,-39.557,6.831,2.421,-8.054,105.298,17.817,-19.603,2.419,4.246,-14.636,9.389,-125.069,15.328,9.618,-0.18,-10.998,5.878,-58.84,3.603,0,0
0,57.948,0,8.366,-0,-233.3,15,5,10,0,1,5.367,-3.557,-22.25,28.214,257.847,-33.939,3.535,3.202,-10.114,89.038,4.534,-27.084,2.855,4.45,-14.056,14.901,-64.122,3.954,9.832,0.431,-10.38,6.641,-59.588,4.275,0,0
0,55.564,0,8.366,-0,-238.415,15,5,10,0,1,3.188,-2.932,-23.682,22.901,244.672,-31.969,3.504,2.536,-9.214,71.389,-7.069,-31.008,3.051,5.275,-17.785,78.885,479.145,23.328,10.167,1.099,-10.009,7.069,-59.389,4.992,0,0
0,53.158,0,8.366,-0,-240.567,15,5,10,0,1,-1.473,-1.159,-26.47,13.496,222.901,-28.855,6.263,3.063,-5.71,52.977,-19.649,-30.198,3.367,5.879,-17.057,46.519,-267.115,7.634,10.402,1.384,-9.532,11.786,-60.26,5.618,0,0
0,50.799,0,8.366,-0,-235.875,15,5,10,0,0,-0.905,-3.221,-25.04,12.962,219.817,-29.115,4.357,2.347,-6.311,38.84,-32.947,-26.443,3.607,6.335,-13.3,18,-136.565,-0.611,10.478,1.856,-10.133,13.267,-62.519,6.534,0,0
0,48.584,0,8.366,-0,-221.569,15,5,10,0,0,1.291,-1.001,-26.484,-12.977,178.641,-15.603,4.785,2.086,-5.147,31.817,-43.389,-26.244,3.77,6.486,-13.364,26.595,-70.229,-2.977,10.665,3.037,-10.327,13.817,-66.87,4.382,0,0
0,46.53,0,8.366,-0,-205.41,15,5,10,0,0,2.462,-4.062,-23.905,-19.618,153.71,-7.832,4.361,2.733,-4.768,28.519,-51.298,-27.069,3.899,13.322,-16.296,53.878,-296.809,-50.198,10.806,1.918,-9.781,11.74,-73.771,2.748,0,0
0,44.647,0,8.366,-0,-188.267,15,5,10,0,0,1.25,-3.281,-24.652,-39.389,119.847,0.489,4.409,3.631,-3.542,22.351,-58.733,-25.069,3.284,6.553,-13.338,28.168,-305.053,-37.435,10.495,0.357,-9.3,16.565,-75.924,3.817,0,0
0,43.032,0,8.366,-0,-161.499,15,5,10,0,0,4.608,-2.069,-22.607,-60.718,83.954,-6.55,12.071,5.389,2.912,17.634,-50.84,-30.153,3.08,9.332,-15.86,132.992,-314.947,-56.122,10.871,-0.448,-8.957,22.763,-78.229,3.924,0,0
0,41.681,0,8.366,-0,-135.075,15,5,10,0,0,6.649,-1.121,-29.698,-75.695,60.885,-0.718,11.685,2.704,1.164,3.267,-48.565,-28.092,2.259,6.055,-12.234,35.802,-76.092,-8.244,12.342,-1.935,-8.665,32.748,-80.534,8.931,0,0
0,40.871,0,8.366,-0,-80.99,15,5,10,0,0,1.657,-5.31,-36.014,-99.817,-1.435,8.275,8.895,6.895,0.501,3.817,-44.26,-25.847,6.84,4.074,-11.681,44,-68.153,4.443,13.101,-0.865,-7.932,42.244,-76.733,16.244,0,0
0,40.663,0,8.366,-0,-20.828,15,5,10,1,0,-2.488,-6.582,-40.176,-97.221,-84.687,14.626,4.069,2.481,-3.001,-12.992,-55.786,-13.664,5.698,3.468,-11.875,58.55,-62.84,10.366,13.259,-1.784,-8.035,51.893,-75.634,19.908,1,0
0,41.029,0,8.37,0.446,36.61,5,5,10,1,0,-2.766,-7.156,-32.776,-78.031,-155.099,12.29,7.293,2.22,-1.547,-30.305,-67.939,11.42,7.568,3.439,-11.079,74.382,-55.847,1.954,12.833,-1.904,-9.652,62.107,-80.244,23.221,0,0
0.677,41.882,0,8.439,6.901,85.327,5,5,10,1,0,5.707,-6.251,-14.425,-50.046,-176.901,0.092,10.643,-4.668,-4.725,-42.855,-77.481,35.573,7.46,5.425,-12.092,83.924,-32.733,72.427,12.639,-1.557,-9.575,73.084,-86.626,27.893,0,0
1.314,42.823,0,8.776,33.703,94.071,5,5,10,1,0,13.058,-13.513,2.898,0.779,-139.221,-8.885,12.852,-9.084,-8.893,-32,-73.893,60.489,9.132,8.232,-10.325,87.008,-32.977,89.71,11.204,-0.187,-7.904,87.069,-109.878,30.275,0,0
1.91,43.585,0,9.549,77.305,76.206,5,5,10,1,0,8.924,-9.808,-4.711,55.511,-83.313,-5.634,12.485,-7.88,-13.738,-12.885,-53.985,78.046,11.309,8.007,-10.378,66.489,-18.534,46.168,14.823,3.425,-6.905,68.168,-124.443,32.198,0,0
2.466,43.947,0,10.549,99.964,36.209,5,15,10,1,0,9.913,-4.539,-6.977,85.786,-51.496,0.779,5.832,-13.297,-17.994,34.718,-51.939,97.527,10.931,16.714,-10.543,157.908,-35.542,189.313,13.458,3.839,-10.536,36.336,-128.107,30.977,0,0
2.981,43.995,0,11.831,128.174,4.784,5,15,10,1,0,3.576,3.655,-22.259,66.672,-54.687,-5.298,8.316,-4.706,-9.918,97.344,-69.496,92.641,5.92,18.704,-13.862,157.435,68.885,81.649,16.284,1.219,-7.089,5.985,-143.038,27.313,0,0
3.456,43.966,0,13.423,159.233,-2.93,5,15,10,1,0,4.582,3.657,-23.347,62.412,-56.504,-6.916,7.353,-0.551,-8.883,131.252,-90.504,78.931,11.578,11.205,-10.433,5.374,70.015,25.588,16.444,3.006,-6.055,-15.664,-155.13,27.13,0,0
3.89,43.966,0,15.324,190.133,0,5,15,10,1,0,5.695,-3.051,-24.832,12.382,-86.626,-5.359,10.04,3.272,-5.228,111.237,-93.511,50.076,11.417,7.307,-9.999,-29.847,45.679,5.344,20.734,-0.069,-4.735,-43.786,-164.092,24.641,0,0
4.283,43.787,0,17.408,208.386,-17.921,5,15,10,1,0,9.468,-4.486,-18.657,39.74,-65.618,7.13,10.984,-1.162,-8.251,81.13,-98.809,23.038,8.474,18.011,-9.609,-88.092,123.527,-0.947,16.653,0.57,-6.488,-36.901,-171.649,25.084,0,0
4.636,42.962,0,19.883,247.513,-82.421,5,15,10,1,0,11.575,1.966,-18.145,48.931,-38.092,8.992,13.395,-2.419,-11.369,55.832,-116.061,13.435,3.166,18.327,9.503,-267.618,34.809,16.733,12.44,6.807,-1.506,-59.191,-200.641,30.504,0,0
4.949,41.582,0,22.582,269.887,-138.005,5,15,10,1,0,11.388,0.968,-18.387,17.405,-15.42,6.763,15.572,2.4,-11.673,28.427,-137.771,21.664,1.36,13.805,6.811,-247.573,375.313,-26.626,21.696,2.589,-1.411,-66.794,-184.015,25.603,0,0
5.22,39.648,0,25.487,290.463,-193.406,5,15,10,1,0,9.891,0.989,-20.224,10.916,8.321,20.504,14.38,5.492,-10.208,2.947,-155.542,25.45,9.63,8.145,-5.576,-76.626,120.855,0.26,20.31,3.645,1.114,-91.664,-170.489,19.74,0,0
5.452,37.334,0,28.463,297.65,-231.469,5,15,10,1,0,10.972,1.037,-16.368,-25.756,23.481,28.473,13.932,5.192,-12.907,-29.939,-176.031,26.702,9.468,4.515,-5.894,-88.443,142.443,4.458,21.239,1.863,-0.4,-100.443,-159.42,17.405,0,0
5.642,34.73,0,31.639,317.54,-260.354,5,15,10,1,0,9.832,4.61,-14.43,-72.992,37.863,39.847,12.083,5.525,-13.187,-50.092,-189.603,11.542,9.072,6.136,-7.657,-101.771,354.412,9.893,18.281,0.85,-7.928,-90.458,-156.382,21.725,0,0
5.792,32.054,0,35.073,343.484,-267.655,5,15,10,1,0,2.441,4.967,-15.371,-122.489,47.328,47.038,8.373,3.087,-13.06,-64,-198.977,3.115,9.321,5.906,-10.181,-111.344,204.641,0.351,17.11,2.824,-15.4,-94.214,-171.542,25.313,0,0
5.902,29.145,0,38.893,381.959,-290.841,5,15,10,1,0,10.354,0.225,-12.373,-163.481,59.496,49.16,10.26,5.954,-10.363,-79.099,-196.061,-1.496,8.45,7.975,-14.078,-130.931,219.878,-22.412,17.165,5.264,-17.182,-114.626,-198.824,16.107,0,0
5.971,26.106,0,43.142,424.874,-303.887,5,15,10,1,0,2.532,1.794,-14.502,-181.191,42.489,51.985,8.66,-0.898,-8.869,-97.878,-198.641,-6.87,10.15,5.288,-16.7,-147.267,238.183,-43.786,16.243,4.347,-17.476,-144.107,-204.702,14.565,0,0
5.999,22.873,0,47.704,456.242,-323.365,5,15,10,1,0,7.611,3.003,-19.352,-171.496,46.382,47.374,6.943,0.249,-9.264,-106.26,-201.786,-4.779,6.893,7.013,-16.686,-157.313,-499.069,-142.595,15.043,5.482,-11.683,-170.321,-203.878,9.603,0,0
5.987,19.844,0,52.433,472.836,-302.868,5,15,10,1,0,9.13,-4.028,-17.436,-142.702,30.947,46.534,9.36,2.455,-9,-114.183,-194.779,-4.519,9.24,1.615,-28.544,-299.237,-463.832,-362.748,15.891,1.648,-15.57,-170.473,-181.206,17.557,0,0
5.934,17.17,0,57.318,488.515,-267.392,5,15,10,1,0,9.604,-4.333,-18.061,-110.336,32.137,41.496,14.444,3.164,-10.184,-136.656,-174.473,0,4.761,-0.599,-19.939,-118.916,279.405,-210.565,10.43,6.361,-19.27,-160.107,-187.053,6.336,0,0
5.841,15.043,0,62.206,488.87,-212.735,5,15,10,1,0,9.987,-9.216,-13.937,-84.168,26.672,40.305,13.132,-4.692,-9.884,-135.206,-164.122,10.366,5.063,-2.268,-19.895,-73.924,276.412,-209.099,12.694,4.04,-17.702,-187.298,-164.336,-7.542,0,0
5.707,13.146,0,66.894,468.785,-189.675,5,15,10,1,0,3.724,-5.422,-16.02,-71.771,17.649,39.053,11.8,-5.092,-11.343,-140.931,-158.748,24.107,3.525,4.3,-24.18,-340.122,197.221,478.534,7.789,-5.391,-14.248,-156.061,-143.374,-16.824,0,0
5.533,11.425,0,70.808,391.412,-172.142,5,15,10,1,0,6.265,-9.458,-13.467,-55.206,29.511,35.817,10.112,-8.371,-12.148,-126.855,-162.931,39.359,7.619,2.63,-15.199,-28.702,496.076,-161.802,10.871,-7.647,-8.533,-132.382,-69.695,-10.931,0,0
5.318,9.663,0,73.793,298.497,-176.171,5,15,10,1,0,3.607,-5.207,-16.916,-47.863,26.061,31.603,9.072,-7.695,-11.297,-113.115,-172.366,43.267,7.396,3.124,-16.324,-27.603,-114.733,254.534,13.165,-9.944,-7.7,-67.099,2.916,-2.427,0,0
5.062,7.924,0,75.774,198.109,-173.905,5,15,10,1,0,8.938,-7.69,-14.578,-39.145,38.29,26.855,7.164,-6.342,-11.932,-95.588,-172.122,42.366,5.676,5.275,-18.202,-28.275,383.802,-104.305,14.782,-10.715,-8.047,-0.779,64.275,4.458,0,0
4.766,6.074,0,76.942,116.787,-184.983,5,15,10,1,0,4.299,-4.397,-15.103,-32.794,28.992,25.344,8.033,-3.844,-10.232,-82.046,-171.069,33.71,2.371,7.694,-22.422,-49.282,-302.824,41.038,11.546,-6.447,-9.288,60.092,110.611,2.702,0,0
4.429,4.233,0,77.47,52.757,-184.136,5,15,10,1,0,4.936,-5.044,-14.602,-33.115,37.756,22.855,8.313,-2.773,-11.647,-72.321,-167.924,23.466,2.299,1.134,-27.169,-239.267,-386.931,400.611,6.579,-2.529,-11.352,104.321,136.763,-2.153,0,0
4.052,2.416,0,77.671,20.153,-181.675,5,15,10,1,0,3.602,-2.321,-14.739,-30.244,28.397,18.153,9.06,-2.879,-9.096,-68.656,-162.183,13.664,0.081,3.353,-16.454,-13.557,322.595,79.267,10.447,0.354,-11.374,118.458,167.954,-7.786,0,0
3.634,0.724,0,77.609,-6.26,-169.213,5,15,10,1,0,5.42,-5.7,-13.175,-19.954,32.397,16.198,8.076,-1.787,-12.593,-63.542,-158.305,9.695,2.788,1.843,-24.966,60.336,-420.626,-472.427,3.384,-1.547,-16.463,130.382,172.565,-6.473,0,0
3.176,-0.982,0,77.573,-3.628,-170.609,5,15,10,1,0,3.992,-1.748,-13.664,-8.382,26.26,18.977,7.98,-1.494,-13.24,-58.214,-156.076,1.374,1.688,2.3,-20.2,71.45,316.702,126.29,5.305,2.57,-13.443,103.45,188.458,-4.702,0,0
2.677,-2.638,0,77.353,-21.996,-165.539,5,15,10,0,0,6.059,-2.795,-12.092,-7.42,26.534,17.893,8.155,-0.208,-13.47,-47.511,-149.969,-1.145,-0.819,5.984,-22.815,182.595,-363.603,132.397,2.496,1.744,-13.309,58.565,214.58,-7.603,0,0
2.138,-4.294,0,76.709,-64.396,-165.585,5,15,10,0,0,6.268,-1.418,-12.598,-3.634,25.45,19.634,8.32,-0.687,-12.114,-36.519,-145.45,-7.252,0.331,2.456,-35.485,336.153,432.611,325.13,6.759,-1.14,-14.938,33.847,239.817,3.603,0,0
1.558,-5.791,0,75.833,-87.547,-149.769,5,15,10,0,0,8.234,-3.43,-11.3,-2.992,18.427,16.473,10.667,-1.066,-10.998,-26.092,-136.412,-8.611,-0.287,9.747,-38.052,294.351,343.939,122.626,7.729,-0.956,-13.077,20.687,254.214,16.855,0,0
0.937,-7.073,0,74.72,-111.363,-128.174,5,15,10,0,0,5.882,-5.013,-10.107,-5.786,3.924,13.71,13.949,-0.113,-10.263,-19.802,-116.916,-5.679,-0.853,8.769,-38.129,172.214,136.061,10.748,6.502,-2.824,-16.966,4.718,268.916,26.916,0,0
0.276,-8.025,0,73.46,-125.931,-95.146,5,15,10,0,0,4.718,-4.764,-9.889,-6.29,-6.397,12.565,15.951,0.201,-8.169,-19.893,-97.908,-2.947,-1.356,11.059,-39,7.328,-5.756,-15.756,6.586,0.484,-16.154,-18.534,279.099,35.557,0,0
0,-8.49,0,71.984,-147.583,-46.578,5,15,10,0,0,3.796,-5.262,-8.842,-10.931,-23.145,9.084,17.572,-0.774,-6.526,-25.588,-66.366,-2.153,-1.08,7.851,-16.372,-14.779,117.603,-13.008,5.959,0.956,-17.124,-33.725,285.221,44.55,0,0
0,-8.439,0,70.303,-168.125,5.15,5,15,10,0,0,4.433,-4.757,-9.058,-11.679,-23.985,9.328,13.398,-2.917,-6.428,-23.588,-48.336,-5.16,-0.407,17.846,15.232,-261.008,-150.977,-90.626,7.068,2.273,-16.514,-53.634,293.756,55.023,0,0
0,-8.457,0,68.374,-192.936,-1.854,5,15,10,0,0,5.159,-7.372,-8.888,8.122,-32.336,5.985,11.76,-4.299,-4.618,-16.382,-46.779,4.458,-2.333,7.234,-25.502,-102.84,377.817,-73.16,7.525,1.217,-16.511,-58.947,299.252,68.351,0,0
0,-8.464,0,66.223,-215.046,-0.71,5,15,10,0,0,5.576,-5.192,-8.646,0.489,-43.511,2.183,10.253,-4.579,-3.559,-2.931,-53.389,6.153,-3.523,8.533,-18.691,-73.435,166.305,-40.58,9.882,0,-17.158,-72.443,312.58,77.298,0,0
0,-8.49,0,63.909,-231.434,-2.586,5,15,10,0,0,5.748,-6.742,-9.508,-2.076,-52.489,-3.069,11.178,-4.246,-4.11,5.359,-61.954,8.885,-0.311,8.411,-16.025,-108.916,138.244,-78.29,5.806,2.088,-18.001,-70.229,307.298,83.756,0,0
0,-8.614,0,61.474,-243.542,-12.417,5,15,10,0,0,8.926,-9.384,-7.381,11.985,-53.863,-5.221,9.144,-4.519,-6.565,10.672,-73.237,15.863,-3.82,6.297,-18.133,-128.321,62.489,-18.183,8.766,1.365,-20.274,-67.115,310.351,83.115,0,0
0,-8.801,0,58.966,-250.798,-18.665,5,15,10,0,0,6.433,-4.493,-10.342,3.496,-66.076,-7.237,11.736,-2.261,-6.823,9.588,-78.58,21.542,-4.821,6.616,-24.688,-306.168,108.168,-23.237,9.151,2.946,-20.521,-64.153,303.45,78.824,0,0
0,-8.959,0,56.434,-253.109,-15.747,5,15,10,0,0,4.498,-4.998,-12.095,-6.168,-71.664,-8.366,14.993,0.917,-6.874,-2.748,-79.527,25.695,-3.066,6.94,-33.262,-237.924,-174.427,-138.748,11.989,3.104,-20.765,-54.458,292.611,70.656,0,0
0,-8.871,0,53.868,-256.691,8.789,5,15,10,0,0,6.835,-4.072,-10.725,-12.427,-77.71,-9.878,11.671,0.826,-8.795,-19.893,-72.26,27.847,-1.758,2.548,-12.025,-142.87,44.733,9.618,9.161,4.11,-20.724,-48.458,276.84,63.878,0,0
0,-8.863,0,51.305,-256.302,0.755,5,15,10,0,0,4.258,-3.037,-14.705,-9.893,-70.962,-5.649,10.782,-1.329,-10.26,-27.847,-73.466,20.153,-1.906,0.978,-10.351,-229.618,133.191,220.58,7.659,-0.426,-23.28,-33.954,262.275,58.992,0,0
0,-8.819,0,48.752,-255.295,4.372,5,15,10,0,0,8.387,-1.183,-11.829,-27.069,-76.901,-11.282,10.485,0.752,-10.787,-38.427,-72.672,14.718,-1.177,-2.807,-0.268,430.656,138.504,352.244,2.814,4.448,-22.293,-20.427,238.29,55.863,0,0
0,-8.663,0,46.353,-239.88,15.69,5,15,10,0,0,5.492,0.031,-15.192,-50.733,-86.992,-14.779,15.412,1.198,-10.157,-49.573,-57.985,3.115,-2.611,-2.651,-4.618,-26.779,8.305,41.282,6.831,-1.13,-24.242,13.649,210.29,45.252,0,0
0,-8.288,0,44.159,-219.338,37.422,5,15,10,0,0,7.705,-4.965,-12.121,-41.13,-90.779,-19.771,13.568,-0.433,-12.363,-59.252,-46.031,8.901,-2.753,-11.18,6.878,189.786,-187.603,-1.466,8.179,2.029,-23.227,30.473,184.26,31.557,0,0
0,-7.889,0,42.211,-194.802,39.894,5,15,10,0,0,11.467,-2.675,-13.999,-27.771,-85.023,-18.336,13.106,-2.829,-13.379,-55.878,-46.534,6.58,1.928,-0.627,-5.585,55.115,-28.305,79.42,9.183,1.3,-22.549,52.412,145.771,26.992,0,0
0,-7.461,0,40.442,-176.903,42.824,5,15,10,0,0,9.123,-4.095,-12.342,-22.26,-91.145,-21.924,14.943,-3.24,-12.274,-47.069,-48.947,7.359,1.289,1.657,9.187,-402.458,339.557,40.061,9.664,0.261,-22.506,83.756,123.802,23.954,0,0
0,-6.97,0,38.882,-156.006,49.118,5,15,10,0,0,10.564,-5.073,-10.852,-21.206,-92.092,-26.061,13.814,-2.838,-11.934,-38.076,-46.473,7.481,1.08,1.705,-5.58,61.573,-96.977,111.084,7.144,6.876,-24.554,97.634,83.069,12,0,0
0,-6.41,0,37.586,-129.605,55.985,5,15,10,0,0,11.475,-2.649,-11.369,-21.557,-92.885,-28.656,14.377,-1.339,-11.939,-33.481,-41.389,4.519,1.415,2.704,-3.248,61.496,-54.015,21.42,1.418,4.517,-32.675,92.672,15.344,-4.763,0,0
0,-5.78,0,36.865,-72.144,62.977,5,15,10,0,0,8.222,-4.68,-11.467,-17.481,-99.985,-31.786,13.561,-0.261,-10.998,-34.061,-35.802,4.244,-0.16,5.485,-3.602,57.802,-59.878,13.008,0.683,7.496,-31.346,78.489,-54.641,-13.023,0,0
0,-5.058,0,36.765,-9.945,72.212,5,15,10,0,0,8.407,-2.709,-12.971,-13.969,-99.908,-32.427,13.11,-0.73,-10.04,-35.511,-32.672,3.176,2.055,19.524,-43.551,436.26,-481.969,-101.13,6.392,4.591,-26.108,68.916,-113.603,-10.198,0,0
0,-4.286,0,37.231,46.52,77.271,5,15,10,0,0,6.907,-2.498,-13.079,-12.809,-105.511,-33.542,14.638,0.105,-9.35,-34.473,-27.634,0.244,-0.273,3.019,-10.485,67.863,-300.901,-96.794,6.174,5.247,-21.146,39.71,-155.359,-6.885,0,0
0,-3.359,0,38.249,101.83,92.617,5,15,10,0,1,9.824,-2.378,-11.57,-12.687,-106.214,-34.565,13.144,-0.302,-10.112,-37.74,-19.511,-2.397,-1.542,6.923,-17.22,-7.344,-163.74,-234.137,12.018,10.531,-4.301,-16.473,-170.504,-4.382,0,1
0,-2.367,0,39.31,106.156,99.266,5,5,10,0,1,7.365,-3.667,-11.551,-12.58,-113.924,-37.45,14.349,-0.85,-8.888,-39.298,-13.588,-6.046,4.862,7.361,-39.757,-331.496,331.45,-44.702,14.84,6.778,2.412,-83.008,-128.412,-5.008,0,0
0,-1.297,0.681,40.26,94.917,106.945,5,5,10,0,1,10.095,-3.205,-9.76,-13.817,-111.099,-37.863,14.459,-0.8,-8.909,-39.74,-7.969,-7.466,0.987,-31.879,-31.001,259.16,-486.748,-221.802,13.831,2.577,6.435,-105.679,-86.565,-6.336,0,0
0,-0.236,1.321,40.863,60.356,106.156,5,5,10,0,1,12.212,-2.347,-8.826,-18.58,-108.748,-37.206,12.514,-0.333,-9.223,-38.931,-6.061,-10.244,6.917,8.29,-33.856,-58.885,258.901,484.885,7.631,-6.407,-8.337,-97.145,-73.511,-7.634,0,0
0,0.823,1.921,41.464,60.093,105.835,5,5,10,0,1,12.399,-1.051,-8.907,-28.473,-107.389,-35.023,14.533,-0.496,-8.136,-36.397,-0.977,-15.786,-0.424,3.046,-17.922,-167.863,-187.557,-395.603,5.482,-7.08,-23.469,-85.649,-77.435,-5.206,0,0
0,1.892,2.479,42.445,98.133,106.899,5,5,10,0,1,10.09,-4.345,-6.038,-40.229,-113.603,-35.802,16.691,-0.256,-6.016,-37.969,12.977,-16.122,-0.144,-2.019,-6.62,-156.931,-175.786,-426.504,9.494,-1.097,-20.834,-62.992,-118.351,-10.977,0,0
0,3.078,2.996,43.57,112.438,118.664,15,5,10,0,1,11.482,-3.032,-5.506,-49.42,-110.626,-36.718,16.557,0.16,-4.392,-39.053,23.496,-11.985,-1.163,-2.979,7.53,253.908,73.496,-3.176,9.329,3.518,-19.51,-63.252,-120.214,-26.641,0,0
0,4.419,3.472,44.295,72.521,134.079,15,5,10,0,1,8.052,-2.426,-4.472,-62.565,-114.198,-37.756,17.218,-0.172,-3.358,-40.809,41.924,-13.588,2.479,-1.066,-9.297,-25.603,-84.092,-50.641,16.399,0.8,-13.915,-57.924,-97.023,-22.931,0,0
0,6.078,3.907,44.354,5.882,165.905,15,5,10,0,1,12.804,-4.745,-4.778,-70.122,-118.656,-41.191,14.741,0.433,-4.553,-43.145,60.901,-9.847,6.629,0.26,-14.346,37.42,-432.87,-107.053,14.775,-6.414,-14.102,-29.511,-61.725,-15.221,0,0
0,8.11,4.301,43.793,-56.076,203.179,15,5,10,0,1,11.202,-7.662,-7.437,-62.244,-135.145,-45.802,14.849,-0.905,-3.195,-48.183,89.099,-9.298,2.165,-0.722,-33.808,109.847,-248.901,-39.023,20.635,-2.613,-10.196,8.427,-25.863,-16.26,0,0
0,10.557,4.654,42.614,-117.897,244.709,15,5,10,0,1,6.857,-4.709,-16.059,-49.511,-142.595,-38.58,12.574,-3.585,-3.118,-44.092,111.176,-21.145,2.927,3.854,-19.127,60.092,-145.053,-7.603,16.471,0.989,-6.639,31.405,0.672,-29.664,0,0
0,13.443,4.966,40.721,-189.32,288.563,15,5,10,0,1,11.101,-12.672,-11.563,-20.107,-181.191,-45.435,18.37,-4.016,-1.03,-38.366,148.611,-21.511,3.351,3.83,-14.238,55.71,328.427,7.817,16.023,-5.698,-13.731,93.405,18.824,-18.809,0,0
0,16.921,5.236,38.267,-245.35,347.878,15,5,10,0,1,12.914,-12.789,-14.986,3.405,-201.542,-41.893,18.93,-6.376,-5.942,-15.649,176.153,-24.198,1.935,3.19,-18.712,77.939,-378.382,38.229,14.363,-6.318,-15.754,124.855,48.275,-7.863,0,0
0,20.862,5.466,35.294,-297.364,394.009,15,5,10,0,1,15.141,-17.615,-15.072,37.817,-227.969,-42.229,22.343,-5.937,-6.728,12.947,204.412,-18.244,-2.691,-0.514,27.169,-238.962,-201.527,317.313,15.525,-6.33,-17.663,141.13,66.565,-4.702,0,0
0,25.535,5.655,31.965,-332.898,467.298,15,5,10,0,1,14.82,-8.651,-16.176,72.26,-242.565,-50.504,16.499,-6.392,-11.209,45.985,223.588,7.832,-0.374,4.778,-13.335,83.679,199.206,125.313,3.787,-0.721,-6.668,144.198,35.069,-8.55,0,0
0,30.603,5.803,28.581,-338.38,506.883,15,5,10,0,1,14.49,-5.588,-18.772,98.107,-252.992,-50.84,9.772,-8.011,-14.914,73.145,232.092,32.504,-1.959,6.917,-15.24,63.145,-199.817,23.649,10.421,2.256,-11.161,140.992,40.794,-15.099,0,0
0,36.067,5.91,25.259,-332.188,546.353,15,5,10,0,1,9.975,-14.471,-15.733,144.107,-259.603,-58.321,16.447,-4.718,-12.564,106.977,250.763,64.244,-0.175,6.371,-15.798,35.466,-201.725,4.336,6.917,-0.228,-18.401,131.221,14.122,-14.336,0,0
0,41.538,5.975,22.629,-262.963,547.074,15,5,10,0,1,2.515,1.037,-29.155,166.351,-245.74,-56.351,17.081,-3.755,-11.333,111.878,272.916,106.977,7.551,3.99,-13.577,37.481,-348.275,86.29,6.093,7.262,-15.007,109.389,-8.641,-9.237,0,0
0,47.24,6,20.781,-184.891,570.192,15,5,10,0,1,15.982,-14.701,-15.903,197.71,-244.229,-56.305,17.704,4.498,-9.647,120.351,263.939,114.901,10.387,6.105,-11.451,43.099,-147.313,9.603,9.762,8.248,-12.998,54.55,-11.496,-13.206,0,0
0,52.755,5.983,19.51,-127.041,551.538,15,5,10,0,1,17.726,-8.79,-20.037,251.221,-201.16,-42.412,18.245,-1.619,-16.178,90.382,282.534,118.763,6.165,8.409,-14.195,43.038,-132.412,-8.015,11.24,9.815,-9.355,-9.206,-4.794,-16.84,0,0
0,57.816,5.926,18.415,-109.532,506.104,15,5,10,0,1,23.529,-3.094,-16.962,243.527,-160.504,-42.626,15.208,-3.595,-24.218,102.855,284.626,130.382,3.791,0.226,-20.267,64.107,489.756,-79.328,11.048,2.122,-9.93,-26.595,-1.542,-17.786,0,0
0,62.024,5.827,17.364,-105.068,420.834,15,5,10,0,1,10.849,-3.808,-13.292,228.473,-126.366,-43.649,14.638,0.405,-16.396,106.015,286.198,137.466,2.589,9.02,-13.47,18.427,-261.206,-41.344,10.272,-0.805,-10.143,-6.672,-3.023,-13.466,0,0
0,65.631,5.688,16.309,-105.48,360.661,15,5,10,0,1,12.246,3.717,-14.21,189.878,-73.847,-43.435,13.074,-0.879,-13.484,99.237,271.878,115.328,1.557,6.7,-22.456,64.687,-295.099,106.504,10.227,0.441,-7.626,16.794,-3.13,-8.931,0,0
0,68.692,5.507,15.104,-120.518,306.141,15,5,10,0,1,10.517,2.132,-13.58,133.267,-38.092,-45.145,12.258,-0.46,-10.296,95.328,250.672,90.794,1.255,4.602,-20.741,130.519,-434.824,-320.489,10.885,0.419,-8.268,27.42,4.229,-8.244,0,0
0,71.227,5.286,13.658,-144.619,253.418,15,5,10,0,1,5.813,3.427,-16.633,87.038,-7.176,-35.725,14.911,-0.654,-9.939,96.55,233.053,61.206,1.72,5.392,-33.837,203.924,372.748,-114.321,9.003,-3.19,-11.252,49.908,4.626,-3.496,0,0
0,73.219,5.023,12.244,-141.426,199.265,15,5,10,0,1,5.935,3.363,-18.593,55.649,30.855,-23.511,14.411,-1.866,-11.13,96.183,214.473,35.13,2.388,5.753,-12.315,29.359,452.443,-17.344,9.453,3.063,-8.854,53.939,-0.198,2.046,0,0
0,74.787,4.719,10.908,-133.587,156.739,15,5,10,0,1,5.398,0.486,-16.36,16.458,60.153,-18.931,14.681,-0.479,-11.173,90.55,203.267,13.557,4.63,4.481,-12.844,38.962,-129.206,-7.084,9.18,1.653,-9.992,47.282,-3.802,-0.351,0,0
0,75.976,4.375,9.761,-114.636,118.962,15,5,10,0,1,4.515,2.232,-18.576,-13.756,93.74,-16.321,13.937,-1.732,-12.179,88.489,197.817,-8.107,6.78,5.14,-12.354,45.878,-242.779,1.924,7.597,2.1,-11.084,43.481,-7.603,0.733,0,0
0,76.812,3.989,8.912,-84.973,83.542,15,5,10,0,1,2.206,1.72,-18.185,-38.901,116.443,-16.092,12.454,-0.96,-11.506,92.031,191.939,-22.26,4.424,6.31,-18.121,98.489,-437.511,-37.252,11.503,5.614,-7.513,20.519,-7.069,-0.168,0,0
0,77.397,3.562,8.176,-73.609,58.571,15,5,10,0,1,2.359,1.03,-17.62,-59.084,139.038,-11.649,10.615,2.048,-12.833,83.985,188.58,-35.069,4.8,9.105,-24.889,377.496,436.504,-96.244,9.918,1.688,-10.464,2.58,-8.855,-4.901,0,0
0,77.716,3.094,7.677,-49.839,31.883,15,5,10,0,1,3.99,1.312,-17.879,-69.115,164.626,-6.87,10.574,1.437,-12.167,70.397,184.58,-47.313,5.061,4.309,-13.086,44.382,-79.618,-9.099,6.481,-1.037,-11.19,10.931,-19.893,-3.832,0,0
0,77.727,2.585,7.553,-12.451,1.122,15,5,10,0,1,1.004,1.449,-17.385,-75.405,181.359,-4.382,9.398,2.46,-12.325,53.084,174.534,-53.069,3.832,6.439,-14.873,78.031,476.931,-62.29,10.26,3.243,-7.69,0.901,-29.282,-3.802,0,0
0,77.691,2.035,7.557,0.423,-3.662,15,5,10,0,1,0.812,1.329,-16.954,-73.557,202.153,-6.58,8.929,4.939,-15.199,24.427,169.374,-51.176,3.034,6.558,-13.256,44.702,-61.969,-14.107,9.206,1.511,-8.821,-16.855,-29.847,-7.481,0,0
0,77.581,1.445,7.638,8.057,-10.998,15,5,10,0,1,0.843,-1.451,-15.342,-65.695,229.603,-8.992,10.859,1.564,-13.961,5.863,181.511,-57.053,2.139,7.202,-13.304,34.733,-119.771,-15.084,9.396,-2.836,-9.853,-17.206,-37.664,-8.992,0,0
0,77.075,0.813,7.663,2.541,-50.549,15,5,10,0,1,1.693,-2.026,-17.091,-42.29,244.122,-13.099,7.504,-1.571,-14.076,2.626,164.031,-36.962,2.697,6.759,-12.938,12.748,-255.527,-24.611,8.699,0.012,-9.535,-6.458,-38.885,-6.061,0,0
0,76.295,0.14,7.682,1.854,-77.98,15,5,10,0,1,5.24,-2.457,-19.711,-12.931,272.977,-16.229,8.054,-1.871,-14.092,12.595,155.328,-34.015,1.672,6.584,-13.762,10.58,-256.168,-88.916,8.634,-0.043,-8.49,1.053,-43.771,-6.443,0,0
0,75.178,0,7.682,-0,-111.717,15,5,10,0,1,1.801,-2.603,-21.179,15.878,284.824,-23.725,7.144,-2.127,-14.54,31.435,143.847,-24.931,2.208,6.931,-13.479,4.595,-123.557,-21.252,10.976,2.314,-8.021,0.305,-43.298,-6.275,0,0
0,73.79,0,7.667,-1.499,-138.794,15,5,10,0,1,1.214,-4.524,-20.602,43.069,297.954,-31.878,5.968,-2.479,-14.135,52.84,131.924,-20.29,2.472,7.041,-13.223,0.748,-66.382,-5.74,11.949,-1.631,-11.336,2.626,-36.122,-4.489,0,0
0,72.084,0,7.623,-4.383,-170.655,15,5,10,0,1,2.577,-0.687,-21.553,58.794,312.382,-44.26,5.216,-3.799,-14.408,74.611,115.435,-16.718,3.815,5.657,-12.421,-4.382,-64.321,-2.092,6.704,1.942,-9.084,2.275,-53.221,-4.229,0,0
0,70.15,0,7.611,-1.133,-193.406,15,5,10,0,1,0.402,-0.249,-19.869,57.954,317.634,-48.763,1.693,-4.098,-14.48,95.176,92.885,-13.557,2.788,6.505,-13.462,-2.29,-62.687,-7.145,9.144,2.429,-8.09,-0.718,-53.328,-3.924,0,0
0,67.92,0,7.593,-1.808,-223,15,5,10,0,1,-4.991,0.594,-21.605,37.359,314.153,-56.031,4.175,-3.54,-12.979,123.481,74.198,-21.008,2.977,5.834,-12.971,-1.542,-63.221,-7.985,10.155,1.078,-8.744,-2.718,-51.786,-4.168,0,0
0,65.562,0,7.553,-4.051,-235.783,15,5,10,0,1,-2.026,-3.741,-19.163,20.809,311.191,-58,1.631,-1.497,-13.182,144.458,52.779,-23.221,2.294,6.17,-12.859,1.099,-65.099,-9.954,11.173,2.002,-7.494,-4.519,-50.275,-2.84,0,0
0,63.064,0,7.337,-21.595,-249.814,15,5,10,0,1,4.21,-1.456,-22.834,-2.504,310.992,-53.847,0.493,-1.142,-12.967,157.802,35.924,-33.679,6.112,4.002,-9.024,1.847,-73.786,-4.046,6,-1.918,-13.484,1.771,-52.427,-1.466,0,0
0,60.53,0,7.044,-29.297,-253.361,15,5,10,0,1,-3.384,-3.377,-25.095,-13.298,294.595,-47.557,4.488,1.032,-9.896,157.847,26.901,-47.374,3.667,3.66,-11.961,8.473,-80.656,-5.069,7.633,0.299,-11.024,9.832,-50.489,-1.267,0,0
0,57.89,0,6.692,-35.168,-264.061,15,5,10,0,1,3.382,-4.234,-24.587,-9.878,288.992,-40.031,3.013,2.972,-10.255,131.817,13.817,-51.267,3.193,5.19,-13.374,14.656,-84.595,-3.435,8.756,0.192,-10.936,22.931,-55.908,0.183,0,0
0,55.238,0,6.414,-27.821,-265.183,15,5,10,0,0,2.845,-3.564,-25.933,-17.359,273.374,-30.183,1.791,4.543,-9.547,101.053,3.298,-62.427,5.825,7.167,-14.049,53.053,-328.626,-26.321,10.49,1.221,-9.159,28.641,-59.969,1.038,0,0
0,52.634,0,6.411,-0.332,-260.388,15,5,10,0,0,-2.17,-3.758,-28.015,-26.55,242.672,-21.023,5.444,6.941,-5.489,62.947,-9.893,-64.534,2.278,7.817,-15.685,44.275,-76.931,-15.374,15.11,3.099,-5.142,30.763,-62.321,2.412,0,0
0,50.071,0,6.411,-0,-256.279,15,5,10,0,0,2.302,-3.628,-26.994,-31.679,227.344,-4.763,5.509,6.062,-6.32,23.389,-25.817,-67.802,4.529,5.966,-13.568,49.038,-77.023,-18.931,10.754,2.69,-8.256,21.527,-66.901,1.13,0,0
0,47.624,0,6.411,-0,-244.687,15,5,10,0,0,2.208,-4.951,-25.428,-47.252,198.84,2.992,7.46,5.674,-4.359,-17.618,-32.809,-54.977,4.448,6.046,-16.497,97.267,-160.321,-106.015,10.818,1.77,-9.628,20.26,-67.679,0.29,0,0
0,45.292,0,6.411,-0,-233.208,15,5,10,0,0,2.182,-3.849,-28.383,-60.275,173.985,8.977,6.871,4.364,-3.317,-47.252,-44.84,-47.756,4.134,5.256,-16.152,104.351,-322.214,-98.198,11.755,-0.491,-8.763,25.13,-71.557,-1.466,0,0
0,43.171,0,6.411,-0,-212.094,15,5,10,0,0,3.446,-2.388,-29.31,-79.115,135.863,5.16,11.97,2.376,-0.735,-56.458,-49.618,-43.786,5.738,0.923,-20.061,438.809,-237.45,-496.366,12.516,-1.427,-7.025,37.786,-74.611,5.023,0,0
0,41.307,0,6.411,-0,-186.413,15,5,10,0,0,8.845,-1.976,-26.673,-73.466,118.641,14.901,5.202,-0.769,-7.07,-58.672,-67.267,-37.13,5.317,4.483,-11.846,62.855,-68.87,-9.649,12.171,-0.944,-8.11,53.374,-74.794,13.527,0,0
0,39.938,0,6.429,1.785,-136.906,15,5,10,0,0,-0.601,-6.907,-36.886,-105.908,40.931,19.603,3.83,3.693,0.429,-20.794,-64.351,-25.328,4.996,4.905,-11.441,74.565,-61.847,4.046,12.583,0.762,-7.765,59.557,-76.137,18.412,0,0
0,39.29,0,6.458,2.987,-64.831,15,5,10,0,0,-4.574,-4.656,-46.147,-118.794,-61.115,26.122,7.211,1.691,2.874,-39.313,-59.863,-17.389,7.046,5.365,-11.048,82.489,-115.084,20.366,9.846,0.216,-10.794,64.779,-84.473,18.779,0,0
0,39.433,0,6.487,2.895,14.305,15,5,10,1,0,5.353,-6.773,-36.651,-111.954,-141.618,14.519,9.003,-2.218,1.226,-47.939,-62.336,-0.763,6.919,5.893,-13.786,177.298,-237.985,54.473,9.966,1.926,-8.775,58.87,-86.641,21.908,1,0
0,40.388,0,6.641,15.381,95.501,5,5,10,1,0,9.544,-9.827,-16.947,-89.038,-187.405,2.458,11.324,-4.194,-4.874,-43.053,-64.122,17.664,2.261,13.575,-7.472,182.275,-193.527,58.076,8.129,-2.409,-11.606,75.969,-107.969,24.504,0,0
0.681,41.655,0,7.074,43.259,126.766,5,5,10,1,0,14.193,-15.496,3.65,-20.092,-156.061,2.137,14.804,-7.837,-9.317,-49.298,-41.359,43.618,0.924,12.553,-11.161,-297.298,-305.588,240.611,14.559,-1.154,-7.93,83.542,-110,28.779,0,0
1.321,42.798,0,7.828,75.405,114.247,5,5,10,1,0,7.314,-17.635,2.96,54.427,-108.275,2.58,16.794,-7.745,-10.79,-36.519,-12.229,83.435,2.979,16.625,-11.889,-374.855,-202.015,262.351,13.173,3.092,-7.202,72.855,-135.924,30.672,0,0
1.921,43.611,0,8.93,110.253,81.299,5,5,10,1,0,-5.87,-12.459,-0.16,92.107,-77.313,0.244,18.394,-9.669,-7.441,-3.71,2.489,105.756,11.35,10.756,-11.886,63.115,0.947,17.542,16.406,5.123,-4.986,54.473,-141.496,30.214,0,0
2.479,44.406,0,10.289,135.853,79.468,5,5,10,1,0,0.182,0.965,-17.596,87.847,-69.573,-13.374,9.968,-8.031,-5.983,59.176,-27.13,125.16,10.517,2.526,-14.399,71.695,33.282,21.893,17.381,5.506,-5.185,18.656,-145.664,23.344,0,0
2.996,45.339,0,11.882,159.268,93.338,5,5,10,1,0,7.147,-0.891,-25.481,65.603,-90.122,-22.565,4.685,-4.711,-8.802,101.924,-59.573,121.679,12.234,8.814,-11.69,11.969,61.069,19.969,16.061,-0.433,-8.981,6.076,-162.412,16.733,0,0
3.472,46.137,0,13.807,192.593,79.834,5,5,10,1,0,8.457,-3.054,-28.87,67.45,-99.359,-15.221,6.091,-4.584,-9.99,127.206,-76.656,84.626,0.206,15.769,-9.307,-24.733,103.511,7.084,16.904,0.74,-4.56,-8.534,-175.42,13.664,0,0
3.907,46.35,0,16.078,227.051,21.252,5,15,10,1,0,8.457,-3.054,-28.87,69.099,-102.534,-12.107,10.39,-2.213,-10.552,147.634,-86.733,41.511,9.436,4.816,-7.99,-24.641,70.168,10.443,14.739,-0.505,-6.131,-20.779,-181.13,11.298,0,0
4.301,45.991,0,18.554,247.628,-35.877,5,15,10,1,0,11.144,2.108,-17.951,60.351,-70.947,-1.206,11.582,1.983,-11.616,108.87,-94.809,24.122,4.273,10.615,3.554,-202.137,-271.267,5.496,13.735,3.355,-3.717,-32.198,-192.29,14.611,0,0
4.654,45.149,0,21.33,277.588,-84.206,5,15,10,1,0,9.204,0.232,-17.122,46.855,-38.427,8.534,15.836,2.637,-7.175,63.344,-111.023,19.863,9.216,5.748,-6.404,-26.763,113.313,-1.527,19.273,0.438,-2.517,-39.756,-185.13,12.092,0,0
4.966,43.739,0,24.3,296.998,-140.969,5,15,10,1,0,10.124,3.959,-20.43,21.038,-13.786,22.122,15.821,5.518,-9.714,15.893,-134.916,24.626,10.694,7.276,-3.214,-48.702,260.275,2.382,20.358,3.705,0.896,-59.74,-186,11.634,0,0
5.236,41.879,0,27.391,309.083,-186.047,5,15,10,1,0,7.583,8.572,-22.113,-34.626,-3.008,27.344,10.275,3.715,-16.195,-32.87,-161.817,25.053,9.927,7.899,-7.034,-39.496,155.267,12.366,19.105,-2.783,-4.927,-63.802,-164.992,11.908,0,0
5.466,39.737,0,30.562,317.116,-214.222,5,15,10,1,0,7.214,3.197,-19.958,-52.26,22.947,38.504,11.29,6.445,-13.34,-32.931,-170.229,12,7.793,8.921,-10.121,-52.718,172.931,5.237,16.382,0.505,-8.797,-54.458,-157.695,17.603,0,0
5.655,37.342,0,33.972,340.943,-239.502,5,15,10,1,0,7.02,1.415,-15.972,-109.359,29.649,42.427,12.131,3.803,-12.828,-71.71,-182.458,0.489,7.901,9.458,-13.383,-76.718,189.435,-7.115,13.333,3.509,-16.626,-64.321,-169.221,16.366,0,0
5.803,34.767,0,37.685,371.361,-257.481,5,15,10,1,0,7.389,2.388,-12.761,-137.71,40.321,44.855,12.001,3.07,-9.324,-79.786,-187.649,-8.489,9.793,9.183,-13.69,-114.076,-195.557,-19.786,9.954,2.795,-23.766,-83.221,-201.191,15.008,0,0
5.91,31.9,0,41.885,420.01,-286.721,5,15,10,1,0,5.262,-0.007,-12.169,-148.855,46.992,53.374,5.489,-1.523,-10.591,-75.267,-196.107,-9.679,9.484,8.504,-23.304,-255.725,433.664,-74.656,13.814,8.339,-17.996,-123.954,-211.16,11.374,0,0
5.975,28.783,0,46.434,454.835,-311.623,5,15,10,1,0,2.532,-1.906,-14.25,-157.038,54.473,51.496,5.523,1.993,-9.156,-60.916,-191.542,-4.244,14.188,4.086,-15.977,-146.046,480.382,-105.313,15.283,6.548,-13.922,-147.099,-206.382,15.695,0,0
6,25.607,0,51.224,479.005,-317.586,5,15,10,1,0,10.852,-7.202,-13.273,-153.893,35.344,43.649,9.408,2.709,-9.156,-59.863,-186.366,-7.893,9.441,0.16,-18.176,-137.267,-236.656,-340.397,17.34,1.43,-17.117,-143.45,-189.985,6,0,0
5.983,22.832,0,56.08,485.597,-277.566,5,15,10,1,0,5.935,-3.806,-18.25,-129.466,21.74,40.84,11.434,-0.383,-7.013,-70.29,-180.763,-3.924,9.561,2.875,-28.779,-217.863,-460.168,-374.595,14.638,4.649,-17.972,-139.71,-186.076,1.71,0,0
5.926,20.495,0,60.866,478.616,-233.643,5,15,10,1,0,5.018,-10.521,-16.2,-74.26,7.527,38.061,15.4,-1.535,-6.32,-83.435,-159.023,0.321,8.675,1.483,-21.313,-72.489,-455.557,-186.29,13.194,9.544,-14.559,-176.214,-146.382,-10.534,0,0
5.827,18.738,0,65.235,436.925,-175.77,5,15,10,1,0,10.052,-13.592,-11.942,-34.137,18.366,35.084,12.636,-0.771,-12.387,-86.061,-141.954,20.031,3.401,7.936,13.776,-285.557,325.313,-245.74,19.311,6.383,-9.501,-170.336,-114.504,-14.611,0,0
5.688,17.233,0,68.827,359.242,-150.479,5,15,10,1,0,4.294,-2.515,-16.547,-22.26,9.176,35.466,10.172,-4.177,-11.041,-87.389,-139.527,29.084,6.625,3.952,-16.871,-43.695,475.069,-170.107,11.831,-1.954,-12.239,-147.13,-75.206,-15.328,0,0
5.507,15.973,0,71.643,281.594,-125.977,5,15,10,1,0,6.354,-5.734,-14.382,-23.466,9.71,27.863,10.332,-4.155,-10.557,-82.336,-136.901,38.321,7.034,1.866,-14.341,-33.405,-131.985,-266.015,10.581,-8.236,-11.566,-97.405,-30.702,-8.977,0,0
5.286,14.684,0,73.807,216.408,-128.906,5,15,10,1,0,4.457,-5.156,-14.844,-20.336,12.031,27.511,8.972,-4.654,-9.733,-79.511,-141.496,41.45,6.316,4.095,-14.315,-27.191,195.389,-42.977,10.493,-8.665,-11.534,-37.985,14.443,0.992,0,0
5.023,13.359,0,75.434,162.678,-132.546,5,15,10,1,0,7.178,-3.897,-13.81,-34.214,15.771,23.771,9.966,-2.781,-8.505,-78.901,-141.481,38.397,5.487,2.867,-14.322,-25.405,368.901,-94.656,12.579,-4.941,-10.687,5.649,55.496,6.763,0,0
4.719,11.999,0,76.624,118.996,-135.933,5,15,10,1,0,5.192,-4.677,-12.674,-41.924,11.511,22.092,8.795,-1.483,-9.068,-77.954,-139.649,31.863,4.63,3.173,-13.649,-26.595,177.511,-4.687,9.276,-0.525,-11.709,32.183,84.687,0.885,0,0
4.375,10.608,0,77.401,77.637,-139.126,5,15,10,1,0,4.579,-0.975,-13.951,-48.397,14.504,19.969,8.605,0.263,-8.232,-79.069,-136.443,25.74,3.238,2.86,-14.325,-22,171.481,10.885,6.059,-1.818,-15.735,48.076,112.26,-8.137,0,0
3.989,9.319,0,77.964,56.362,-128.895,5,15,10,1,0,7.439,-4.84,-11.867,-60.107,13.817,15.679,11.281,-1.109,-7.774,-90.885,-127.053,17.481,1.344,0.201,-15.45,-8.122,169.298,14.137,4.261,0.249,-14.868,58.885,123.496,-7.374,0,0
3.562,8.063,0,78.345,38.109,-125.588,5,15,10,1,0,6.931,-7.101,-12.6,-39.069,15.237,17.176,9.69,-2.594,-8.986,-88.412,-123.45,15.71,1.523,2.443,-15.182,2.87,330.29,13.496,3.542,-0.608,-15.105,57.008,140.794,-8,0,0
3.094,6.861,0,78.338,-0.71,-120.186,5,15,10,1,0,5.585,-3.011,-13.58,-33.908,8.458,14.748,10.402,-1.777,-8.428,-78.626,-117.649,12.718,-0.417,-1.15,-18.473,20.519,313.557,26.382,8.737,-7.995,-19.867,48.321,170.809,-12.092,0,0
2.585,5.847,0,78.338,-0,-101.452,5,15,10,1,0,7.425,-6.076,-12.868,-18.656,6.031,12.168,10.39,-2.076,-9.468,-72.992,-109.053,10.809,1.406,3.511,-15.678,25.649,305.557,11.908,6.143,-1.31,-13.865,56.687,173.618,-1.053,0,0
2.035,5.005,0,78.323,-1.499,-84.149,5,15,10,1,0,4.797,-6.531,-12.418,-0.794,-2.137,11.679,10.208,-3.602,-8.835,-60.29,-102.794,12.046,2.486,6.65,-17.072,67.298,290.473,43.053,5.525,-0.901,-14.032,65.16,176.153,11.313,0,0
1.445,4.349,0,78.125,-19.81,-65.632,5,15,10,1,0,6.155,-6.96,-11.985,13.16,-9.389,8.702,11.688,-1.904,-8.938,-45.374,-94.687,11.878,0.833,8.676,-25.205,63.298,282.168,16.641,8.411,-2.433,-13.664,44.397,209.13,11.924,0,0
0.813,3.939,0,77.66,-46.497,-40.981,5,15,10,1,0,6.464,-6.237,-11.666,26.29,-15.145,7.389,11.175,-1.435,-10.143,-33.664,-81.969,12.061,1.322,5.863,-16.698,21.038,268.641,21.374,8.083,-0.513,-14.025,31.557,227.802,16.718,0,0
0.14,3.815,0,76.877,-78.346,-12.44,5,15,10,1,0,5.873,-5.147,-11.688,34.656,-26.748,7.053,11.178,-2.953,-9.865,-19.802,-66.458,10.061,0.079,7.377,-16.746,6.214,130.198,0.885,7.408,-0.836,-15.819,10.931,247.847,25.435,0,0
0,3.874,0,75.767,-110.951,5.882,5,15,10,1,0,5.276,-1.25,-13.858,43.939,-31.008,9.969,8.797,-4.596,-10.411,-1.588,-65.679,8.702,0.41,7.75,-16.044,-8.076,124.901,-7.023,5.202,-1.198,-17.256,8.198,252.351,34.809,0,0
0,3.869,0,74.39,-137.696,-0.423,5,15,10,1,0,5.849,-3.525,-10.775,43.817,-37.756,8,8.054,-3.123,-10.095,23.557,-71.618,5.924,-0.125,8.208,-15.271,-23.282,113.176,-13.191,7.207,2.191,-16.638,-20.336,268.794,50.824,0,0
0,3.712,0,72.775,-161.534,-15.724,5,15,10,1,0,10.6,-6.091,-8.735,45.603,-27.939,9.405,6.198,-3.442,-10.227,41.099,-82.351,2.336,-0.307,8.464,-14.693,-53.74,194.55,-57.649,5.767,0.635,-17.5,-43.771,276.122,57.374,0,0
0,3.122,0,70.926,-184.891,-58.96,5,15,10,1,0,8.339,-2.144,-12.701,34.641,-18.779,11.878,5.897,-2.503,-10.203,52.931,-103.13,-3.13,-3.715,7.216,-17.28,-50.992,182.366,-26.412,7.116,0.381,-17.455,-58.809,284.015,65.237,0,0
0,2.192,0,68.879,-204.724,-93.006,5,15,10,1,0,8.177,-1.734,-13.829,18.397,-12.595,9.756,6.179,-0.824,-11.166,51.786,-118.061,-4.366,-2.829,7.607,-15.616,-72.183,156.809,-22.656,2.955,-2.005,-17.649,-65.756,286.702,71.603,0,0
0,0.936,0,66.645,-223.389,-125.645,5,15,10,1,0,7.305,-0.989,-13.482,0.809,-5.817,11.71,8.452,0.721,-11.158,38.076,-133.359,-4.351,-4.584,6.273,-17.963,-87.908,64.504,-34.076,7.937,0.948,-15.362,-64.061,292.244,81.527,0,0
0,-0.495,0,64.337,-230.736,-143.12,5,15,10,1,0,8.316,-2.1,-12.856,-17.634,0.992,10.733,9.156,0.927,-9.865,17.13,-143.267,-2.656,-5.966,5.695,-16.025,-110.84,198.458,-120.183,4.462,-0.46,-18.178,-42.779,283.359,81.74,0,0
0,-2.052,0,61.928,-240.899,-155.674,5,15,10,1,0,7.604,-3.636,-11.894,-37.618,1.71,11.557,10.83,1.3,-9.427,-12.336,-142.809,2.153,-4.392,0.09,-34.057,56.305,315.832,-50.931,5.966,0.73,-17.479,-44.687,283.328,77.038,0,0
0,-3.656,0,59.474,-245.408,-160.446,5,15,10,1,0,6.007,-3.212,-12.516,-48.321,3.908,11.115,11.494,1.056,-10.232,-37.74,-143.099,8.702,-4.186,4.244,-16.353,-123.603,60.076,-11.145,10.608,1.7,-17.96,-40.061,285.252,72.168,0,0
0,-5.205,0,56.915,-255.936,-154.85,5,15,10,0,0,6.615,-3.248,-10.964,-60.931,0.229,9.313,12.49,2.539,-9.887,-54.687,-132.824,12.366,-2.151,3.383,-14.648,-252.947,42.321,8.977,8.555,3.849,-18.085,-37.16,273.359,65.756,0,0
0,-6.611,0,54.282,-263.318,-140.602,5,15,10,0,0,6.622,-4.052,-11.472,-66.534,-0.55,8.595,13.441,-0.23,-10.085,-68.794,-122.901,12.137,-1.533,3.632,-13.704,-228.885,49.099,221.802,8.359,2.522,-18.382,-31.252,266.122,60.931,0,0
0,-7.809,0,51.56,-272.141,-119.82,5,15,10,0,0,5.348,-5.255,-11.211,-66.015,-13.435,5.74,14.016,-1.15,-8.088,-76.397,-107.282,13.145,-1.403,0.335,-9.472,-85.069,6.168,79.267,7.415,-1.087,-20.909,-20.351,253.176,57.176,0,0
0,-8.713,0,48.865,-269.497,-90.409,5,15,10,0,0,5.602,-6.663,-10.742,-56.992,-25.466,3.664,16.181,-1.133,-8.325,-76.366,-92.321,19.771,-1.983,0.156,-8.926,-50.122,-20.214,121.588,5.497,-0.733,-22.585,-9.267,241.42,50.168,0,0
0,-9.402,0,46.24,-262.574,-68.836,5,15,10,0,0,5.798,-7.36,-10.061,-42.305,-38.763,0.779,13.237,-2.338,-6.359,-68.534,-82.107,24.58,-3.13,0.101,-7.456,-10.916,-77.069,140.702,8.624,-0.867,-21.098,12.702,216.366,43.282,0,0
0,-9.794,0,43.808,-243.142,-39.196,5,15,10,0,0,4.033,-5.53,-10.876,-38.153,-52.168,-1.176,13.149,-2.838,-5.348,-59.603,-79.084,25.008,-2.165,-0.177,-6.474,6.733,-110.779,153.344,6.263,2.443,-20.806,38.443,186.336,34.733,0,0
0,-9.94,0,41.519,-228.917,-14.66,5,15,10,0,0,4.934,-5.786,-9.973,-30.275,-66.015,-5.847,16.042,-3.054,-5.312,-50.137,-67.206,21.542,-1.995,0.41,-7.082,41.405,-44.153,144,5.571,3.363,-21.091,58.672,154.305,21.13,0,0
0,-9.83,0,39.443,-207.608,11.009,5,15,10,0,0,4.598,-5.904,-9.97,-29.298,-68.626,-6.611,13.884,-4.397,-6.043,-38.076,-56.336,20.718,-0.259,4.618,5.949,427.588,227.176,-479.267,7.614,5.453,-19.38,71.145,114.198,14.718,0,0
0,-9.801,0,37.67,-177.281,2.884,5,15,10,0,0,6.531,-4.541,-12.586,-1.069,-80.885,-12.595,13.774,-4.136,-7.729,-25.695,-67.878,11.847,6.605,2.625,-3.221,61.664,-88.244,68.58,13.11,-2.84,-21.804,101.298,99.832,16.351,0,0
0,-9.534,0,36.301,-136.952,26.745,5,15,10,0,0,2.848,-2.165,-14.131,-12.122,-102.473,-17.893,20.123,-1.542,-7.128,-20.702,-48.504,3.466,3.832,3.401,-0.235,106.641,-184.061,104.794,8.368,6.352,-24.166,106.26,65.023,7.695,0,0
0,-8.933,0,35.403,-89.768,60.104,5,15,10,0,0,8.634,-4.27,-11.635,-2.229,-105.756,-23.359,15.726,-2.632,-11.225,-20.84,-36.031,3.695,3.715,3.913,-3.719,50.122,-42.748,27.053,5.942,8.531,-27.861,93.603,4.55,-2.885,0,0
0,-8.12,0,35.052,-35.099,81.276,5,15,10,0,0,10.517,-5.377,-11.918,-0.763,-103.618,-24.412,14.746,-1.681,-11.314,-22.031,-31.389,7.405,1.214,7.089,0.819,110.366,-144.427,19.298,1.779,5.293,-34.785,80.26,-64.275,-7.389,0,0
0,-7.161,0,35.308,25.6,95.902,5,15,10,0,0,10.634,-2.702,-13.498,16.626,-109.985,-25.725,13.381,-2.026,-11.779,-22.366,-28.916,7.588,-0.122,7.312,-6.124,46.626,-58.733,-11.939,1.935,7.535,-24.635,40.382,-140.305,-8.031,0,0
0,-6.136,0,36.212,90.42,102.539,5,15,10,0,1,9.582,-0.781,-13.664,10.046,-116.336,-28.092,12.574,-0.836,-11.491,-20.87,-26.611,4.992,1.576,13.326,-0.948,247.069,261.847,-369.832,7.837,3.114,-11.949,7.069,-166.733,-11.221,0,1
0,-5.062,0,37.512,130.017,107.311,5,5,10,0,1,12.255,-1.741,-12.217,3.069,-115.313,-33.496,12.052,-0.616,-11.199,-24.504,-23.374,0.26,-0.048,3.373,-17.062,0.382,-215.466,-184.794,13.977,4.962,0.091,-46.122,-149.496,-14.504,0,0
0,-4.092,0.681,38.739,122.669,97.058,5,5,10,0,1,10.991,-0.965,-12.821,-3.863,-113.038,-35.221,13.209,0.575,-11.958,-30.672,-24.458,-7.924,3.034,3.311,-21.776,-81.695,-203.313,-256.916,15.338,2.625,4.27,-85.206,-106.55,-19.878,0,0
0,-3.209,1.321,39.776,103.649,88.257,5,5,10,0,1,12.392,0.213,-11.055,-14.779,-108.229,-35.847,13.723,1.839,-12.018,-39.863,-20.809,-12.244,5.815,7.791,-13.489,-81.328,-73.328,-170.84,11.51,-0.546,1.056,-80,-86.672,-18.748,0,0
0,-2.371,1.921,40.534,75.84,83.84,15,5,10,0,1,14.238,-1.748,-10.073,-31.267,-104.015,-38.137,16.344,1.075,-8.366,-51.374,-10.214,-14.092,4.63,8.215,-11.431,-115.13,-38,-375.939,6.708,3.945,-4.56,-89.74,-89.405,-12.565,0,0
0,-1.557,2.479,41.391,85.694,81.345,15,5,10,0,1,9.918,-0.093,-10.94,-43.389,-101.099,-35.679,17.031,1.09,-8.778,-53.71,-3.908,-16.748,4.309,1.329,-9.987,-131.496,-43.954,-205.618,7.243,-0.807,-16.801,-64.763,-107.481,-11.298,0,0
0,-0.631,2.996,42.401,101.029,92.617,15,5,10,0,1,8.72,-1.145,-8.399,-61.496,-111.282,-37.786,17.309,0.833,-7.707,-58.87,6.076,-12.031,-0.644,-1.15,-10.229,-112.107,-199.588,-344.427,11.302,1.051,-18.88,-63.237,-106.748,-17.924,0,0
0,0.508,3.472,43.211,80.99,113.892,15,5,10,0,1,12.708,-3.358,-5.827,-71.115,-113.74,-40.092,17.864,0.814,-6.323,-61.282,19.954,-7.053,0.623,5.729,2.721,430.397,438.824,110.901,8.739,2.175,-16.207,-68.58,-95.939,-26.702,0,0
0,1.84,3.907,43.394,18.276,133.278,15,5,10,0,1,12.061,-3.633,-6.208,-71.954,-117.328,-39.969,17.503,0.81,-4.67,-62.595,36.336,-5.145,2.163,1.372,-10.126,-19.756,-106.702,-146.26,14.277,-4.795,-16.174,-41.405,-62,-22.153,0,0
0,3.423,4.301,42.94,-45.399,158.284,15,5,10,0,1,9.872,-3.521,-5.523,-71.069,-119.252,-39.008,16.518,-1.116,-3.521,-58.534,43.435,-5.557,5.137,-2.033,-13.637,9.42,-463.099,-122.137,18.981,-5.018,-11.793,13.405,-43.542,-16.534,0,0
0,5.188,4.654,42.105,-83.473,176.468,15,5,10,0,1,8.054,-4.06,-6.538,-58.84,-127.557,-40.885,15.323,-2.601,-3.082,-56.427,63.649,-10.504,7.319,7.22,-13.642,66.427,-260.122,13.71,14.782,3.228,-8.672,35.786,-26.366,-25.374,0,0
0,7.254,4.966,40.578,-152.699,206.589,15,5,10,0,1,11.072,-3.937,-10.198,-48.427,-134.519,-40.489,15.517,2.479,-1.564,-53.237,85.527,-14.885,8.914,12.109,-8.373,447.237,-225.221,214.473,5.099,0.115,-12.164,60.336,-4.031,-25.817,0,0
0,9.703,5.236,38.45,-212.815,244.95,15,5,10,0,1,8.414,-7.506,-8.857,-34.641,-158.397,-41.16,16.344,-1.284,-0.735,-44.977,115.878,-21.145,1.861,4.167,-19.412,64.931,290.382,12.519,17.826,-5.518,-14.696,92,46.015,-13.832,0,0
0,12.629,5.466,35.773,-267.666,292.592,15,5,10,0,1,12.514,-5.875,-14.509,-33.13,-174.26,-37.618,18.197,-3.317,-3.226,-38.565,151.725,-26.672,1.001,5.243,-18.145,70.489,200.427,8.061,12.952,-2.618,-13.68,104.947,57.405,-8.275,0,0
0,16.149,5.655,32.679,-309.437,351.929,15,5,10,0,1,11.264,-11.589,-16.847,-6.198,-202.519,-38.153,19.254,-2.314,-6.273,-21.817,185.16,-22.824,-4.79,5.409,-22.369,181.023,169.466,62.595,11.726,-6.342,-12.703,130.046,60.641,-4.611,0,0
0,20.313,5.803,29.368,-331.124,416.44,15,5,10,0,1,5.257,-11.261,-19.016,35.573,-227.008,-33.573,18.147,-6.44,-8.433,3.985,211.969,-10.931,-4.752,4.945,-19.577,143.679,167.45,73.038,7.865,-3.363,-10.363,150.641,38.916,-14.779,0,0
0,25.044,5.91,25.959,-340.874,473.111,15,5,10,0,1,14.435,-10.533,-16.526,74.809,-246.794,-40.382,19.122,-4.172,-10.37,34.015,239.45,12.962,0.587,4.618,-15.096,46.015,-214.015,29.206,2.912,-2.139,-17.35,159.603,27.008,-11.313,0,0
0,30.351,5.975,22.835,-312.436,530.652,15,5,10,0,1,10.248,-5.188,-18.818,93.802,-256.84,-40.931,10.287,-6.953,-14.243,58.168,246.702,37.756,5.461,1.643,-14.121,51.221,-202,27.099,5.2,-2.029,-17.896,166.122,11.802,-10.611,0,0
0,35.825,6,20.348,-248.669,547.418,15,5,10,0,1,9.187,-8.852,-17.718,124.611,-260.702,-49.939,13.894,-5.856,-14.883,78.656,256.87,64.931,8.711,3.839,-13.07,59.374,-178.641,22.214,8.739,6.972,-13.254,116.977,-2.366,-10.366,0,0
0,41.549,5.983,18.444,-190.419,572.469,15,5,10,0,1,13.568,-9.978,-17.704,127.893,-262.076,-40.382,7.599,4.934,-20.738,92.015,248.947,93.649,8.302,-14.994,-0.326,-325.893,-264.794,66.076,6.158,-6.004,-28.417,87.191,1.084,-14.611,0,0
0,47.181,5.926,18.232,-21.183,563.176,15,5,10,0,1,9.281,-7.47,-23.79,171.389,-250.901,-46.321,6.479,-1.159,-21.191,95.053,260.26,122.931,-4.627,14.049,-22.499,98.122,-85.817,-48.183,34.014,29.722,13.328,-16.779,6.55,-4.397,0,0
0,52.821,5.827,17.327,-90.5,563.954,15,5,10,0,1,16.159,-15.151,-15.146,211.466,-210.641,-28.382,12.583,1.66,-16.772,76.763,257.099,117.237,-4.179,17.236,-31.394,157.695,-261.664,-77.466,11.491,6.251,-11.357,-118.489,27.756,-39.786,0,0
0,57.743,5.688,15.434,-189.274,492.234,15,5,10,0,1,26.173,-0.419,-16.614,204.595,-170.504,-24.015,20.568,-5.911,-20.521,70.198,277.817,116.748,-1.389,9.835,-19.189,28.321,338.794,-246.229,6.725,-16.794,-14.195,-28.672,15.771,-23.756,0,0
0,61.801,5.507,13.397,-203.694,405.763,15,5,10,0,1,10.258,-3.341,-11.087,178.366,-128.58,-24.718,15.266,-1.006,-16.214,57.756,263.405,115.74,0.58,5.275,-17.048,-4.046,289.466,130.931,4.656,-10.148,-16.554,88.626,4.351,-4.397,0,0
0,65.148,5.286,11.859,-153.797,334.683,15,5,10,0,1,11.422,3.343,-12.533,120.107,-77.069,-18.672,13.254,-0.881,-12.919,51.145,245.985,91.527,22.324,-6,-1.768,9.573,-137.038,88.824,-13.345,-5.813,-25.27,173.405,-50.382,1.313,0,0
0,67.88,5.023,12.032,17.269,273.251,15,5,10,0,1,8.732,2.862,-14.715,55.893,-39.023,-14.458,14.636,-1.873,-7.834,53.679,223.176,53.924,1.859,1.084,-21.483,183.985,-318.305,-36.947,25.399,31.609,14.758,51.908,-11.954,9.924,0,0
0,69.96,4.719,11.2,-83.164,207.997,15,5,10,0,1,8.605,3.104,-16.265,26.458,4.351,-3.221,12.811,-3.54,-10.44,64.947,196.84,26.58,-3.822,13.605,-31.13,183.832,469.725,-122.504,21.002,12.183,-6.38,-92.351,63.954,-19.634,0,0
0,71.425,4.375,9.032,-216.82,146.45,15,5,10,0,1,7.463,-0.034,-16.403,4.595,38.733,5.954,12.998,-2.733,-11.798,78.031,181.863,3.542,-0.695,17.674,-20.118,199.786,-214.489,-103.45,2.63,-16.389,-14.423,-25.588,14.336,-17.725,0,0
0,72.531,3.989,7.004,-202.824,110.619,15,5,10,0,1,4.424,0.948,-17.793,-20.137,62.611,8.901,12.794,-1.006,-10.574,74.489,177.374,-13.954,2.115,1.487,-9.889,8.534,-150.473,9.252,2.395,-9.975,-16.011,90.947,-8.55,5.481,0,0
0,73.409,3.562,5.707,-129.696,87.879,15,5,10,0,1,3.015,0.572,-19.234,-39.42,79.786,9.267,11.558,0.69,-10.967,67.496,179.099,-24.458,7.293,1.521,-12.095,21.45,492.458,24.061,9.417,7.53,-8.052,106.214,-8.031,7.939,0,0
0,74.102,3.094,4.803,-90.397,69.248,15,5,10,0,1,2.788,-1.118,-17.989,-46.229,95.71,10.901,10.555,1.109,-11.597,60.702,181.008,-29.252,8.948,1.862,-18.605,447.008,154.626,139.237,10.109,11.312,-8.028,35.328,5.74,1.084,0,0
0,74.643,2.585,3.994,-80.921,54.142,15,5,10,0,1,4.735,3.858,-20.609,-41.16,124.855,17.389,7.075,-0.632,-13.661,56.427,172.458,-33.832,7.128,9.572,-14.715,126.977,-371.176,1.466,8.636,5.628,-7.164,-28.55,1.313,-6.779,0,0
0,75.123,2.035,3.272,-72.132,47.997,15,5,10,0,1,1.399,0.51,-18.576,-43.511,133.634,12.656,9.827,0.678,-11.827,47.527,176.534,-27.817,5.365,16.908,-38.876,411.344,353.817,-9.771,3.533,-3.384,-10.955,-21.557,-15.084,-6.565,0,0
0,75.504,1.445,3.005,-26.745,38.086,15,5,10,0,1,0.383,-0.867,-16.538,-41.069,144.977,8.656,9.444,1.116,-11.52,31.527,177.603,-21.786,6.97,8.769,-19.658,285.298,499.664,8.794,8.723,-0.005,-7.528,-1.374,-34.321,-2.489,0,0
0,75.761,0.813,3.147,14.214,25.646,15,5,10,0,1,3.157,-0.956,-16.32,-28.992,168.534,7.374,9.973,0.972,-10.878,19.802,178.733,-21.191,1.976,8.886,-16.499,14.458,-246.122,-89.405,11.942,4.378,-5.983,-6.702,-29.298,-2.702,0,0
0,75.859,0.14,3.425,27.832,9.853,15,5,10,0,1,2.783,-0.4,-17.282,-17.359,188.977,4.641,9.202,-0.18,-11.743,16.137,172.366,-18.58,5.822,8.059,-12.097,4.611,-52.748,-20,11.949,3.954,-5.207,-25.527,-43.038,-8.504,0,0
0,75.761,0,3.65,22.408,-9.853,15,5,10,0,1,-4.385,13.458,-26.63,-25.664,200.443,-1.267,10.883,-3.552,-11.316,8.321,169.359,-22.031,1.818,8.998,-13.405,-15.74,-50.214,-18.076,8.821,2.579,-7.968,-43.023,-34.137,-9.359,0,0
0,75.607,0,3.536,-11.398,-15.392,15,5,10,0,1,2.977,-7.712,-14.741,13.847,215.191,-9.252,11.266,-2.635,-12.116,5.069,166.992,-0.84,1.526,6.72,-12.138,-23.206,-57.771,-5.511,9.501,-0.525,-8.294,-34.84,-33.847,-6.412,0,0
0,75.094,0,3.543,0.767,-51.281,15,5,10,0,1,3.66,-1.087,-19.563,31.282,238.137,-9.817,9.554,-4.694,-13.35,28.229,160.58,-1.221,-0.412,5.619,-13.695,-25.954,-51.771,-12.885,14.837,-1.068,-5.827,-5.191,-46.382,-3.71,0,0
0,74.248,0,3.528,-1.522,-84.572,15,5,10,0,1,0.247,-1.456,-20.396,49.237,250.443,-17.435,5.897,-3.2,-12.097,43.649,145.908,5.42,3.073,6.263,-12.492,-29.405,-57.786,-2.382,8.744,1.49,-8.019,0.046,-50.931,-2.794,0,0
0,73.121,0,3.455,-7.267,-112.77,15,5,10,0,1,2.606,-2.922,-18.719,54.656,262.504,-26,5.995,-3.451,-12.042,64.672,126.29,8.672,0.86,7.568,-14.418,-25.954,-63.206,-5.786,13.69,5.224,-4.824,-16.595,-41.756,-1.878,0,0
0,71.788,0,3.14,-31.54,-133.301,15,5,10,0,1,2.84,-2.091,-19.426,50.977,270.061,-32.366,6.251,-3.161,-11.467,81.924,112.809,3.282,3.822,4.019,-12.967,-17.802,-69.618,-8.672,11.407,-0.975,-10.294,-12.305,-37.282,-3.634,0,0
0,70.212,0,2.796,-34.39,-157.528,15,5,10,0,1,2.335,-1.768,-19.771,46.962,278.992,-36.198,6.007,-2.771,-11.06,90.26,98.061,-0.84,2.876,5.47,-13.594,-14.427,-73.954,1.405,6.526,-0.474,-9.788,-0.473,-44.076,-0.855,0,0
0,68.444,0,2.499,-29.686,-176.869,15,5,10,0,0,1.269,1.504,-22.338,32.626,285.985,-40.489,6.423,-3.396,-10.428,107.008,84.366,-9.115,6.91,3.655,-10.39,-4.321,-128.718,-4.916,9.927,0.898,-7.334,9.176,-51.863,3.511,0,0
0,66.513,0,2.335,-16.457,-193.028,15,5,10,0,0,2.218,-0.491,-21.289,22.183,286.107,-42.977,5.35,-2.563,-11.386,113.374,70.244,-13.099,5.092,7.282,-15.084,-1.115,-250.763,-330.992,8.965,-0.125,-10.742,24.656,-61.176,1.053,0,0
0,64.43,0,2.349,1.431,-208.374,15,5,10,0,0,1.801,-0.56,-23.09,12.855,287.008,-42.794,6.114,-1.403,-10.133,122.931,61.191,-20.702,4.349,4.955,-13.791,13.359,-116.015,-10.718,10.845,3.013,-9.223,9.847,-53.206,-1.115,0,0
0,62.277,0,2.349,-0,-215.298,15,5,10,0,0,1.885,-3.274,-21.79,10.076,283.389,-39.878,5.916,-0.208,-9.736,118.443,51.527,-27.298,3.197,5.497,-14.787,29.527,-60.565,-8.427,10.555,1.255,-10.047,3.435,-54.611,-2.046,0,0
0,60.032,0,2.353,0.423,-224.465,15,5,10,0,0,4.165,-4.301,-21.428,8.702,276.229,-36.076,4.826,3.166,-9.022,103.817,39.42,-27.267,3.918,5.098,-18.571,62.214,-128.015,-22.107,10.32,0.11,-9.582,8.366,-59.038,-1.954,0,0
0,57.794,0,2.367,1.431,-223.755,15,5,10,0,0,4.864,-1.483,-24.333,9.893,275.71,-26.244,2.426,3.901,-9.683,86.229,27.237,-39.466,3.466,4.924,-13.731,35.115,-66.427,-15.45,10.895,-0.548,-7.362,16.916,-60.244,-0.473,0,0
0,55.509,0,2.375,0.71,-228.505,15,5,10,0,0,1.188,-2.843,-24.681,4.427,257.71,-19.71,3.698,4.984,-8.778,60.366,19.771,-43.893,4.563,4.325,-12.279,41.786,-132.534,-81.832,10.176,-1.344,-6.771,34.84,-60.962,2.122,0,0
0,53.268,0,2.382,0.755,-224.11,15,5,10,0,0,-2.115,-2.206,-26.573,-9.756,235.405,-12.153,6.701,4.977,-5.461,35.756,12.336,-44,4.512,8.532,-13.34,100.107,-246.061,-66.137,10.816,-0.422,-6.644,50.504,-64.992,6.595,0,0
0,51.044,0,2.397,1.499,-222.371,15,5,10,0,0,2.915,-4.5,-25.284,-22.29,219.649,-3.389,4.984,4.397,-5.736,10.84,0.29,-38.122,4.891,4.282,-11.024,60.244,-55.42,-14.58,9.848,0.108,-9.012,61.374,-67.802,10.107,0,0
0,48.994,0,2.404,0.71,-205.056,15,5,10,0,0,1.679,-2.146,-27.284,-41.206,192.275,5.42,4.594,2.347,-4.311,-3.924,-11.725,-35.359,5.018,4.481,-10.986,61.282,-54.779,-13.802,11.266,2.702,-8.265,53.053,-59.496,10.947,0,0
0,47.057,0,2.485,8.034,-193.715,15,5,10,0,0,2.263,-5.288,-24.975,-50.595,161.16,12.84,3.796,0.793,-3.856,-15.878,-23.924,-32.504,4.232,6.742,-14.025,64.641,-49.603,0.763,9.479,1.037,-12.354,48.473,-74.641,13.71,0,0
0,45.325,0,2.763,27.844,-173.195,15,5,10,0,0,1.286,-4.196,-25.861,-65.115,129.008,19.359,3.54,2.261,-4.61,-21.389,-35.542,-30.351,3.068,7.413,-15.683,61.603,-80.55,0.427,13.35,1.02,-9.697,49.542,-84.55,13.786,0,0
0,43.794,0,3.272,50.949,-153.065,15,5,10,0,0,1.621,-5.281,-25.354,-77.313,94.214,24.824,5.156,0.884,-1.861,-29.237,-44.092,-28.595,6.462,9.436,-14.08,51.527,-35.634,10.748,10.217,2.002,-10.864,36.061,-102.168,14.718,0,0
0,42.491,0,3.924,65.151,-130.36,15,5,10,0,0,0.903,-5.815,-25.351,-82.107,61.115,30.153,4.989,2.117,-2.599,-42.046,-51.786,-22.947,5.616,7.688,-16.2,42.672,-36.855,7.969,11.836,1.928,-10.667,16.824,-102.153,15.71,0,0
0,41.38,0,4.667,74.352,-111.031,15,5,10,0,0,1.324,-2.97,-27.148,-83.16,27.191,26.534,9.973,0.4,-2.529,-54.382,-59.084,-16.992,6.328,17.514,-19.203,58.672,-66.26,13.13,9.58,0.314,-12.404,10.55,-104.687,16.137,0,0
0,40.528,0,5.488,82.031,-85.259,15,5,10,0,0,4.438,-2.821,-25.411,-73.206,14.26,19.374,11.594,-2.651,-2.682,-60.183,-67.511,-3.13,5.042,7.458,-15.853,7.496,-65.405,28.092,12.03,1.085,-8.806,-3.786,-103.969,20.107,0,0
0,39.861,0,6.293,80.509,-66.685,15,5,10,0,0,1.365,-7.271,-26.681,-66.031,-29.145,10.489,8.167,-0.702,-4.96,-37.267,-73.023,13.405,6.308,6.071,-12.962,15.023,-26.412,7.267,13.666,-1.056,-10.04,-1.481,-108.473,22.122,0,0
0,39.572,0,7.125,83.21,-28.896,15,5,10,0,0,-2.994,-1.473,-35.762,-52.473,-69.863,-1.496,8.469,-3.906,-4.115,-25.389,-78.87,23.771,5.293,5.855,-18.188,11.038,-125.069,104.305,13.405,-0.287,-8.502,-5.664,-106.748,23.771,0,0
0,39.539,0,7.982,85.694,-3.296,15,5,10,1,0,4.476,-5.576,-19.946,-11.145,-92.153,-15.405,9.12,-6.79,-7.664,0.58,-100.092,32.992,7.676,5.679,-11.225,9.573,-16.122,17.145,13.391,-0.216,-7.822,0.595,-120.611,24.962,1,0
0,39.582,0,8.89,90.775,4.314,5,15,10,1,0,10.33,-4.78,-6.914,-3.206,-79.863,-25.038,13.45,-6.062,-7.76,34.656,-90.382,41.099,7.98,4.888,-12.318,9.282,-13.634,17.969,13.443,0.22,-8.589,1.863,-117.908,24.183,0,0
0.681,39.787,0,9.882,99.266,20.542,5,15,10,1,0,14.452,-9.13,-4.443,23.344,-60.885,-21.725,13.917,-4.783,-7.257,62.382,-57.328,47.282,8.313,6.531,-10.545,5.557,-2.473,16.351,16.6,1.214,-3.729,-1.634,-128.58,26.29,0,0
1.321,40.044,0,10.911,102.837,25.669,5,15,10,1,0,6.981,-8.682,-7.609,47.466,-70.229,-4.092,16.207,0.218,-2.898,88.321,-26.809,59.313,7.865,5.707,-11.743,6.046,-2.443,30.931,14.602,-1.971,-7.36,6.076,-132.26,25.45,0,0
1.921,40.575,0,12.101,119.076,53.055,5,15,10,1,0,4.689,-2.376,-14.567,36.382,-87.664,4.397,9.501,1.665,-1.94,101.802,-16.992,73.45,11.834,5.657,-8.66,-2.687,33.74,42.198,13.062,0.043,-6.558,7.298,-140.427,26.092,0,0
2.479,41.253,0,13.555,145.34,67.795,5,15,10,1,0,0.036,-2.896,-20.777,47.13,-103.191,4.107,2.829,0.39,-2.972,96.992,-42.794,78.87,1.677,13.479,-5.307,-19.634,70.87,29.71,16.277,2.666,-2.256,-10.107,-144.641,20.687,0,0
2.996,41.802,0,15.225,166.993,54.92,5,15,10,1,0,6.919,-4.582,-20.585,63.481,-99.038,-7.603,2.287,-2.788,-5.868,67.756,-78.366,70.214,10.141,12.454,-4.177,-54.29,212.458,20.031,17.259,2.017,-0.618,-27.664,-146.733,17.359,0,0
3.472,41.941,0,17.096,187.134,13.939,5,15,10,1,0,5.703,-1.135,-22.221,74.718,-85.069,-6.153,11.467,-0.457,-8.268,48.366,-93.115,51.863,9.518,5.219,-7.137,-16.046,63.145,16.977,15.865,0.371,-1.269,-24.092,-150.092,17.389,0,0
3.907,41.589,0,19.385,228.928,-35.236,5,15,10,1,0,8.756,-0.321,-20.255,75.344,-61.099,-3.985,15.697,2.546,-10.835,28.977,-99.115,38,0.872,6.026,8.775,-187.847,-155.237,101.13,12.198,2.534,-3.154,-22.229,-154.183,19.008,0,0
4.301,40.813,0,22.037,265.149,-77.637,5,15,10,1,0,14.274,0.084,-15.548,51.435,-35.359,6.916,14.212,5.212,-12.215,17.023,-112.947,32,9.999,8.272,-5.58,-22.046,134.779,12.595,17.268,5.331,-0.867,-32.305,-159.053,15.466,0,0
4.654,39.539,0,24.977,294.034,-127.362,5,15,10,1,0,10.996,5.343,-17.673,-1.74,-18.198,21.176,14.042,3.181,-11.158,-4.87,-135.771,21.908,10.567,6.883,-8.122,-29.786,161.878,11.603,17.745,-1.289,-6.294,-37.282,-155.099,12.611,0,0
4.966,37.939,0,28.182,320.47,-160.034,5,15,10,1,0,13.558,2.682,-17.419,-55.115,0.397,30.214,12.586,-0.084,-11.836,-11.191,-157.45,16.55,9.005,9.468,-9,-37.191,369.13,26.992,13.913,2.682,-12.382,-28.275,-168.153,18.153,0,0
5.236,35.848,0,31.694,351.197,-209.107,5,15,10,1,0,3.166,4.848,-19.649,-78.427,13.74,40.595,9.343,1.77,-12.471,-26.656,-173.496,2.366,8.385,9.506,-12.167,-54.901,398.321,7.511,13.779,5.336,-17.527,-47.16,-184.519,17.802,0,0
5.466,33.284,0,35.583,388.905,-256.36,5,15,10,1,0,11.091,-2.225,-13.824,-112.595,38.153,31.664,14.928,1.126,-12.48,-40.183,-184.076,-6.336,8.55,7.319,-14.207,-82.809,213.496,-9.313,14.231,4.948,-18.969,-77.557,-205.389,12.321,0,0
5.655,30.244,0,39.933,435.014,-304.024,5,15,10,1,0,11.036,7.81,-13.534,-142.58,57.649,36.305,8.73,1.358,-11.139,-52.061,-201.695,-6.137,9.738,10.102,-15.103,-109.053,229.527,-26.397,15.091,10.361,-13.721,-124.626,-223.527,13.954,0,0
5.803,26.82,0,44.551,461.804,-342.396,5,15,10,1,0,10.358,2.28,-12.909,-166.611,46.137,45.053,9.367,2.448,-5.509,-63.221,-207.588,-6.397,5.947,9.187,-18.224,-117.511,239.817,-51.878,17.843,3.188,-15.869,-152.29,-211.954,1.038,0,0
5.91,23.388,0,49.29,473.924,-343.152,5,15,10,1,0,7.3,0.4,-15.884,-177.985,34.504,40.672,10.306,4.218,-7.434,-79.176,-200.168,-8.702,7.235,8.615,-19.249,-116.519,482.061,-248.55,18.715,7.822,-11.951,-168.763,-200.397,6.198,0,0
5.975,20.302,0,54.04,474.988,-308.648,5,15,10,1,0,-0.405,-3.272,-18.418,-161.084,20.855,36.489,12.131,1.653,-7.365,-87.893,-187.435,-8.382,8.366,3.461,-19.127,-117.802,264.809,-184.244,13.35,1.492,-15.592,-164.137,-179.863,7.939,0,0
6,17.914,0,58.731,469.071,-238.793,5,15,10,1,0,3.034,-10.114,-18.217,-112.275,18.977,32.366,11.654,-0.845,-7.87,-87.221,-166.855,-2.137,9.082,2.875,-26.532,-205.832,-463.252,-185.527,11.079,8.739,-13.903,-152.107,-165.725,3.679,0,0
5.983,16.108,0,63.312,458.119,-180.577,5,15,10,1,0,7.901,-10.423,-14.159,-69.985,4.031,27.588,13.362,-1.933,-9.353,-88.427,-141.176,13.527,8.45,4.364,-18.535,-78.443,263.618,-178.504,12.524,3.729,-18.731,-150.412,-139.725,-1.466,0,0
5.926,14.71,0,67.502,418.935,-139.836,5,15,10,1,0,4.608,-8.486,-15.711,-22.534,8.382,27.908,11.187,-5.015,-9.798,-83.45,-136.947,25.176,7.501,7.003,-19.28,-61.603,249.649,-83.679,16.195,0.448,-14.219,-125.359,-111.191,-1.863,0,0
5.827,13.399,0,71.043,354.104,-131.115,5,15,10,1,0,5.813,-6.16,-13.824,-10.473,5.725,25.298,10.529,-6.196,-9.836,-73.069,-137.145,33.344,8.66,4.328,-14.234,-57.649,472.87,-128.366,10.301,-4.304,-12.243,-106.519,-69.634,-4.183,0,0
5.688,12.146,0,73.807,276.49,-125.256,5,15,10,1,0,3.772,-5.827,-13.64,-4.504,4.855,24.305,8.723,-5.877,-9.721,-54.443,-141.771,35.863,9.089,3.957,-14.679,-48.427,440.198,-110.168,13.189,-5.324,-10.018,-55.924,-12.611,5.466,0,0
5.507,10.754,0,75.862,205.445,-139.149,5,15,10,1,0,6.208,-2.955,-14.442,-7.847,8.168,22.748,9.575,-2.606,-9.434,-39.802,-146.901,29.176,6.946,8.417,-25.78,-72.794,-183.466,-105.893,13.711,-6.126,-10.282,-11.13,41.267,17.511,0,0
5.286,9.305,0,77.308,144.654,-144.985,5,15,10,1,0,7.415,-3.252,-11.755,-31.847,9.084,17.71,9.82,-0.963,-8.941,-37.053,-143.863,19.786,5.463,4.251,-16.212,-50.076,382.458,-19.42,10.548,-6.086,-13.355,33.008,83.679,24.443,0,0
5.023,7.799,0,78.32,101.12,-150.57,5,15,10,1,0,7.781,-6.364,-11.977,-34.015,14.58,19.71,7.995,-1.71,-8.217,-39.16,-140.534,13.908,4.033,4.349,-15.333,-46.443,375.481,2.84,8.023,0.208,-12.689,55.252,107.466,24.519,0,0
4.719,6.228,0,78.961,64.098,-157.059,5,15,10,1,0,4.874,-0.503,-12.902,-51.511,10.061,16.092,10.639,0.936,-8.177,-50.046,-136.962,10.824,2.738,3.046,-15.177,-31.908,361.832,10.382,6.131,-0.235,-15.941,62.122,128.809,20.427,0,0
4.375,4.749,0,79.43,46.898,-147.95,5,15,10,1,0,9.005,-6.536,-11.352,-54.458,12.641,12.687,9.829,0.034,-7.971,-62.519,-134.672,10.733,1.614,4.084,-15.546,-19.359,176.779,12.366,5.221,1.669,-16.099,55.985,144.58,17.771,0,0
3.989,3.309,0,79.799,36.976,-143.978,5,15,10,1,0,8.045,-4.495,-12.018,-38.321,10.275,12.519,11.403,0.929,-7.472,-73.618,-125.511,12.55,2.347,9.39,-19.936,-14.26,346.901,26.687,2.189,4.594,-13.961,38.107,156.046,17.603,0,0
3.562,2.104,0,79.821,2.197,-120.472,5,15,10,1,0,7.077,-5.633,-12.624,-33.695,6.855,11.099,11.898,-1.312,-9.7,-89.359,-119.176,12.595,1.868,3.6,-16.245,3.42,164.351,10.443,4.838,0.211,-16.102,17.466,182.519,19.74,0,0
3.094,1.079,0,79.726,-9.556,-102.528,5,15,10,1,0,6.55,-5.542,-13.292,-10.366,7.573,14.153,10.888,-1.262,-11.544,-85.679,-116.656,12.55,2.742,6.627,-12.595,7.359,320.305,62.656,3.454,2.479,-14.59,31.466,177.832,32.718,0,0
2.585,0.189,0,79.656,-6.958,-89.001,5,15,10,1,0,6.016,-2.433,-14.147,1.313,2.504,13.344,10.713,-0.158,-11.467,-73.618,-111.878,14.947,1.233,6.095,-17.172,0.214,313.053,-8.305,8.251,5.762,-9.456,-0.183,207.908,35.832,0,0
2.035,-0.521,0,79.195,-46.143,-71.011,5,15,10,1,0,3.878,-3.456,-13.549,1.053,-6.931,10.901,11.676,-1.389,-10.639,-59.969,-101.16,11.679,0.232,6.72,-17.546,9.985,147.45,-5.71,8.179,-0.905,-14.358,-8.824,233.695,36.046,0,0
1.445,-1.06,0,78.364,-83.096,-53.845,5,15,10,1,0,8.16,-5.712,-11.908,10.702,-11.786,7.282,9.767,-1.068,-11.173,-51.603,-95.435,10.153,-0.457,6.517,-18.245,-7.634,135.695,-7.313,7.149,-0.014,-15.525,-19.74,259.878,42.672,0,0
0.813,-1.411,0,77.14,-122.349,-35.145,5,15,10,1,0,4.553,-4.821,-11.8,12.412,-21.206,7.695,11.989,-1.571,-9.578,-37.053,-82.534,3.969,-0.23,7.008,-17.491,-23.084,123.725,-8.275,7.334,0.244,-14.995,-20.443,274.809,53.13,0,0
0.14,-1.638,0,75.584,-155.663,-22.728,5,15,10,1,0,6.601,-7.841,-10.162,22.58,-24.412,4.87,10.5,-3.674,-10.085,-24.275,-71.679,4.076,0.22,11.964,23.624,-313.527,-111.893,-52.275,7.516,-0.68,-17.213,-14.137,285.466,63.511,0,0
0,-1.741,0,73.753,-183.117,-10.254,5,15,10,1,0,8.124,6.361,-19.919,8.87,-16.046,10.626,7.025,-5.027,-11.649,-10.321,-82.534,-0.427,-2.273,7.001,-17.199,-56.794,193.939,-14.656,5.997,0.745,-16.181,-26.992,295.756,68.947,0,0
0,-1.8,0,71.654,-209.839,-5.882,5,15,10,1,0,7.374,-7.568,-10.011,21.985,-28.351,4.229,8.16,-3.983,-10.447,9.176,-80.931,-2.046,-3.837,6.148,-16.499,-69.435,161.511,-7.359,5.343,1.621,-16.557,-21.649,298.779,72.137,0,0
0,-2.242,0,69.318,-233.586,-44.266,5,15,10,1,0,6.301,-4.936,-11.448,32.443,-17.756,10,7.046,-4.213,-10.351,32.397,-94.092,1.191,-5.386,5.438,-26.537,-174.901,254.153,-53.985,3.976,-0.501,-17.783,-32.672,311.313,72.107,0,0
0,-3.18,0,66.799,-251.965,-93.739,5,15,10,1,0,7.111,0.345,-12.033,6.183,-8.626,7.176,6.069,-2.596,-10.847,44.534,-120.29,1.176,-5.947,5.003,-17.896,-92.947,115.435,-15.847,4.112,1.569,-16.229,-22.611,305.038,73.435,0,0
0,-4.392,0,64.147,-265.149,-121.205,5,15,10,1,0,7.722,-2.601,-10.89,-23.313,-4,4.473,7.501,0.429,-9.245,41.145,-135.282,2.198,-6.459,5.288,-15.932,-114.412,71.328,-479.511,4.955,0.666,-18.231,-18.718,302.855,71.008,0,0
0,-5.729,0,61.383,-276.455,-133.702,5,15,10,1,0,6.809,-4.098,-9.767,-42.351,-5.817,2.702,10.112,2.407,-8.991,18.855,-128.779,3.206,-4.462,5.695,-15.307,-118.504,74.687,13.13,2.716,-2.182,-21.491,-14.702,300.412,67.878,0,0
0,-7.084,0,58.606,-277.646,-135.51,5,15,10,1,0,5.82,-2.819,-11.139,-56.641,-8.046,1.435,12.883,1.746,-7.671,-5.985,-121.084,6.015,-5.964,9.145,-20.635,95.267,160.244,73.038,5.604,0.477,-21.433,-17.786,294.916,66.336,0,0
0,-8.245,0,55.798,-280.816,-116.078,5,15,10,1,0,4.625,-3.561,-10.945,-70.183,-18.916,-2.275,15.211,2.321,-6.938,-32.321,-103.893,8.916,-4.282,7.522,-17.565,-200.244,51.969,69.069,5.71,2.867,-22.676,-23.42,280.443,61.756,0,0
0,-9.153,0,53.007,-279.053,-90.82,5,15,10,1,0,5.712,-6.15,-10.138,-63.42,-28.137,-4.733,15.754,1.581,-8.792,-57.176,-85.237,15.527,-2.934,2.674,-16.138,202.626,106.26,149.252,8.145,2.158,-21.996,-29.542,262.519,53.542,0,0
0,-9.765,0,50.304,-270.333,-61.18,5,15,10,1,0,8.148,-5.717,-10.814,-43.237,-29.603,-4.397,13.733,-2.584,-8.129,-66.672,-76.809,17.725,-2,2,-8.955,-60.29,-7.756,92.458,7.884,3.315,-20.31,-30.656,236.107,46.504,0,0
0,-9.97,0,47.689,-261.475,-20.496,5,15,10,1,0,4.27,-4.4,-11.412,-39.191,-50.382,-6.153,14.832,-1.466,-6.929,-64.107,-63.16,22.412,-0.778,1.399,-4.498,-63.344,-27.053,104.977,8.421,-1.641,-21.304,-11.359,213.13,42.641,0,0
0,-9.962,0,45.277,-241.265,0.71,5,15,10,1,0,7.015,-7.072,-9.393,-23.542,-58.504,-8.26,12.188,-2.627,-6.783,-60.031,-61.725,22.534,-1.047,1.171,-6.804,-2.565,-20.519,30.427,7.231,-0.048,-20.269,19.954,188.107,42.015,0,0
0,-9.841,0,43.072,-220.471,12.108,5,15,10,1,0,5.626,-5.937,-9.743,-13.557,-70.046,-7.786,11.599,-2.888,-6.452,-51.893,-60.687,24.015,-0.151,2.603,-6.122,4.595,-109.435,252.214,10.368,2.953,-19.699,37.863,160.595,36.718,0,0
0,-9.823,0,41.102,-197.022,1.808,5,15,10,1,0,3.358,-4.706,-11.915,-2.397,-73.786,-6.87,9.441,-1.126,-6.457,-41.557,-71.191,22.733,-0.742,1.868,-2.108,72.656,-131.908,-295.573,8.1,3.71,-22.391,58.687,133.252,24.198,0,0
0,-9.724,0,39.464,-163.754,9.899,5,15,10,0,0,4.955,-2.297,-12.332,-20.153,-86.58,-7.496,11.036,0.56,-7.362,-45.588,-69.298,18.489,-1.154,5.485,-2.539,104.931,-175.511,87.573,4.563,3.947,-24.039,68.84,95.802,11.069,0,0
0,-9.281,0,38.128,-133.621,44.323,5,15,10,0,0,6.627,-4.043,-11.211,-26,-102.748,-10.366,13.676,0.019,-8.634,-58.489,-47.588,19.389,-2.752,3.24,-7.278,60.809,-53.954,13.405,1.818,5.532,-22.573,71.099,50.824,-3.405,0,0
0,-8.663,0,37.179,-94.872,61.855,5,15,10,0,0,8.799,-7.506,-9.923,-8.656,-109.618,-16.183,12.624,-1.518,-10.152,-66.366,-39.206,23.099,3.813,6.162,-2.843,57.695,-109.435,16.122,8.141,0.908,-19.505,81.466,15.664,2.168,0,0
0,-7.871,0,36.55,-62.943,79.113,5,15,10,0,0,9.628,-4.4,-11.762,-8.992,-110.641,-19.344,12.849,-2.294,-12.564,-68.702,-31.496,18.397,3.851,4.232,-5.535,49.664,-217.527,15.695,8.727,5.178,-22.444,89.649,-12.336,3.725,0,0
0,-6.981,0,36.443,-10.654,89.012,5,15,10,0,0,9.666,-2.438,-12.373,-17.481,-114.977,-22.885,13.237,-1.729,-12.835,-65.924,-25.756,14.275,1.923,6.292,-4.56,29.725,-88.229,-15.511,5.276,4.148,-27.066,83.496,-66.992,-0.656,0,0
0,-5.937,0,36.799,35.534,104.393,5,15,10,0,0,7.865,-2.943,-12.792,-24.794,-117.71,-27.344,13.355,-2.793,-12.322,-63.328,-22.427,11.756,-0.144,6.299,-9.357,11.832,-247.527,-83.176,5.743,10.026,-25.684,15.328,-118.092,-2.412,0,0
0,-4.898,0,37.366,56.751,103.947,5,15,10,0,0,7.362,-3.921,-13.201,-25.328,-118.901,-30.321,13.458,-3.461,-11.388,-58.931,-21.359,10.916,0.577,0.998,-12.909,17.328,378.977,494.901,11.008,4.186,-10.387,-36.427,-120.397,-5.924,0,0
0,-3.854,0,38.029,66.307,104.393,5,15,10,0,1,11.537,-3.906,-12.607,-30.779,-117.725,-34.824,12.586,-2.055,-10.924,-52.885,-21.985,12.779,2.745,2.559,-18.523,-61.145,-312.443,-163.786,17.69,-1.291,2.445,-59.42,-85.847,2.229,0,1
0,-2.832,0,38.454,42.503,102.173,5,5,10,0,1,11.568,-2.359,-11.922,-41.069,-115.435,-35.832,13.68,-0.16,-11.079,-53.374,-19.588,4,3.978,2.387,-17.699,-117.542,-254.672,-368.489,20.068,-2.299,5.269,-70.656,-47.008,-3.023,0,0
0,-1.832,0.685,38.362,-9.213,100.022,5,5,10,0,1,12.133,-3.545,-10.011,-47.038,-117.634,-37.282,15.069,-0.606,-10.287,-58.779,-9.191,-3.389,7.69,6.38,-5.485,-108.198,-179.863,-219.359,15.503,-5.971,-2.378,-33.908,-73.435,-9.588,0,0
0,-0.844,1.329,38.539,17.635,98.843,5,5,10,0,1,11.228,-2.457,-9.453,-53.679,-116.962,-39.588,15.577,-0.026,-11.319,-62.321,-6.153,-10.931,2.62,-1.153,-10.026,-239.893,-77.145,-238.534,8.955,-2.304,-18.681,-1.527,-86.046,-22.183,0,0
0,0.164,1.931,39.161,62.245,100.731,5,5,10,0,1,11.774,-2.776,-10.009,-58.275,-117.985,-40.046,16.195,2.247,-9.003,-58.473,-0.366,-12.168,1.945,-1.226,-7.314,-112.321,-69.145,-129.802,3.559,3.909,-20.7,-10.351,-134.58,-28.901,0,0
0,1.354,2.491,40.38,121.926,118.984,15,5,10,0,1,10.526,-0.862,-10.287,-64.061,-124.763,-41.679,17.038,0.613,-8.514,-64.015,8.702,-16.565,-0.759,5.216,-8.248,-70.412,-56.412,-162.015,8.397,11.202,-10.368,-63.786,-134.031,-28.076,0,0
0,2.658,3.01,41.427,104.725,130.406,15,5,10,0,1,11.752,-2.285,-8.174,-59.206,-124.947,-41.053,14.334,0.378,-8.55,-60.366,15.084,-13.13,0.474,4.881,-12.239,-23.679,-124.84,-162.168,8.538,4.905,-14.986,-101.115,-103.008,-21.023,0,0
0,4.086,3.488,42.083,65.54,142.823,15,5,10,0,1,9.97,-2.987,-7.295,-59.863,-133.038,-43.618,14.705,1.722,-7.544,-57.496,23.496,-13.282,-0.139,10.513,-37.928,-97.252,-346.427,-357.618,14.602,-4.019,-16.712,-97.542,-76,-12.718,0,0
0,5.638,3.924,42.248,16.48,155.217,15,5,10,0,1,11.393,-3.892,-8.172,-53.588,-135.832,-41.511,15.084,-0.081,-3.039,-50.183,38.824,-15.252,2.723,5.614,-15.817,-24.489,-115.344,-112.397,16.324,-6.301,-16.667,-57.282,-67.664,-12.473,0,0
0,7.466,4.318,41.903,-34.435,182.808,15,5,10,0,1,8.299,-4.503,-10.042,-37.527,-146.336,-37.206,16.006,2.766,-4.694,-52.824,56.489,-17.939,4.711,2.989,-14.756,-30.733,-121.847,-58.015,15.148,-6.675,-18.681,-13.878,-56.458,-18.55,0,0
0,9.656,4.671,41.244,-65.918,218.96,15,5,10,0,1,7.643,-5.413,-8.85,-18.519,-166.26,-37.191,16.626,1.717,-2.364,-52.58,76.916,-10.137,4.534,5.956,-14.083,-22.229,-129.969,-5.466,1.483,-0.668,-14.629,21.847,-49.817,-29.237,0,0
0,12.234,4.983,39.989,-125.542,257.847,15,5,10,0,1,14.248,-2.443,-9.429,-28.046,-170.55,-34.107,19.366,1.681,-1.257,-51.71,111.42,-13.893,1.102,3.857,-40.428,33.725,369.267,-46.901,13.544,-7.688,-23.993,15.084,7.893,-25.298,0,0
0,15.211,5.253,38.029,-195.946,297.73,15,5,10,0,1,11.108,-6.553,-8.857,-31.405,-179.389,-30.305,20.758,-2.606,-5.458,-45.618,142.168,-20.382,1.111,5.974,-31.662,20.321,319.435,-19.908,13.175,-6.967,-16.698,40.244,23.679,-14.656,0,0
0,18.712,5.481,35.531,-249.814,350.03,15,5,10,0,1,9.659,-8.665,-16.37,-23.664,-180.977,-26.855,16.399,-3.288,-8.572,-31.328,165.786,-12.87,1.214,1.042,-17.402,33.908,-370.412,1.282,13.771,-5.722,-16.624,63.756,41.45,-7.344,0,0
0,22.631,5.668,32.667,-286.378,391.927,15,5,10,0,1,11.724,-5.482,-20.861,6.58,-200.412,-24.168,17.093,-6.452,-9.872,-13.435,204.153,-10.489,-2.278,2.273,-16.643,49.359,-388.672,11.908,9.24,-14.004,-12.84,91.893,39.511,-15.573,0,0
0,27.138,5.813,29.603,-306.45,450.715,15,5,10,0,1,8.72,-4.507,-23.157,26.809,-227.298,-36.748,15.216,-8.21,-9.017,17.008,224.275,10.26,-1.341,-2.472,-18.166,57.939,-387.145,7.481,7.827,-10.888,-15.331,143.13,28.168,-24.061,0,0
0,32.1,5.917,26.845,-275.746,496.217,15,5,10,0,1,15.132,-11.487,-19.402,53.328,-245.695,-43.71,15.345,-7.199,-10.097,44.214,237.71,34.26,1.418,7.934,-20.453,111.099,259.359,29.74,12.873,3.463,-9.034,132,20.87,-16.733,0,0
0,37.444,5.979,24.171,-267.415,534.371,15,5,10,0,1,8.641,-0.256,-27.787,65.679,-273.237,-43.282,4.651,-4.51,-17.498,72.092,233.084,63.069,5.528,7.543,-27.524,386.137,272.611,-483.664,10.529,0.283,-15.117,100.229,20.87,-22.718,0,0
0,43.036,6,21.799,-237.225,559.194,15,5,10,0,1,11.57,-14.243,-19.752,116.55,-275.908,-46.321,16.054,0.4,-11.475,89.405,254.55,74.137,6.352,5.685,-18.576,130.901,-276.031,31.511,8.407,2.795,-15.081,72.458,7.42,-21.237,0,0
0,48.745,5.979,19.942,-185.704,570.947,15,5,10,0,1,16.006,-14.923,-16.602,192.779,-247.725,-36.321,18.892,-2.124,-14.511,61.313,272.198,102.321,4.292,6.719,-29.995,315.557,317.542,-276.519,9.214,7.286,-13.113,33.725,-0.931,-24.137,0,0
0,54.092,5.917,18.437,-150.524,534.612,15,5,10,0,1,0.275,-1.669,-24.978,205.695,-208.656,-20.382,17.51,2.244,-22.259,55.863,268.031,112.321,5.93,5.706,-19.179,72.901,453.603,-108.458,10.284,3.952,-12.32,0.092,-1.771,-27.679,0,0
0,58.746,5.813,17.162,-127.43,465.489,15,5,10,0,1,13.129,8.248,-20.585,227.817,-166.992,-38.336,12.694,-5.695,-22.916,84.87,258.443,143.74,3.3,6.929,-16.102,38.794,-261.084,-83.542,11.106,1.399,-10.809,-6.733,10.29,-23.847,0,0
0,62.72,5.668,15.935,-122.704,397.305,15,5,10,0,1,15.678,2.318,-8.56,174.641,-109.603,-46.626,15.572,3.434,-12.212,96.748,255.817,134.656,3.607,5.758,-14.89,38.87,-126.824,-20.29,10.459,0.872,-10.155,2.611,9.939,-23.053,0,0
0,66.136,5.481,14.628,-130.76,341.687,15,5,10,0,1,10.991,6.641,-18.36,133.008,-62.794,-32.733,10.188,1.739,-12.157,92.779,236.092,110.794,2.769,6.579,-14.042,42.489,-131.649,-16.427,11.719,-0.525,-9.992,13.695,13.282,-21.679,0,0
0,69.096,5.253,13.258,-136.94,295.933,15,5,10,0,1,7.202,2.426,-19.246,90.29,-37.74,-14.84,12.66,3.473,-10.083,87.969,227.893,72.855,4.819,7.287,-17.359,109.237,-264.076,-28.214,9.257,-3.753,-10.61,62.153,9.42,-15.771,0,0
0,71.582,4.983,11.94,-131.813,248.589,15,5,10,0,1,7.204,-2.069,-15.692,58.198,-13.115,-2.733,13.707,0.299,-10.105,61.847,222.962,46.977,4.095,3.674,-12.904,69.282,-128.855,-12.885,10.167,-0.987,-8.471,82.214,12.504,-9.115,0,0
0,73.52,4.671,10.625,-131.504,193.795,15,5,10,0,1,3.961,1.885,-17.625,33.298,25.145,5.557,12.71,-3.063,-9.685,54.855,210.168,24,4.306,4.788,-13.666,86.489,-487.282,-48.916,9.918,2.16,-8.754,89.069,16.901,-5.588,0,0
0,75.01,4.318,9.432,-119.339,149.014,15,5,10,0,1,5.947,-0.477,-15.901,12.519,57.985,4.26,12.591,-3.497,-10.802,55.405,195.176,7.679,5.808,4.934,-12.291,100.275,-124.382,-24.824,9.465,3.25,-9.762,93.954,11.756,-3.618,0,0
0,76.101,3.924,8.399,-103.317,109.12,15,5,10,0,1,3.389,-0.501,-17.67,-7.16,83.008,2.901,12.274,-2.857,-10.883,57.511,188.473,-6.305,3.049,6.78,-14.816,107.679,-210.031,-25.985,10.416,5.885,-9.132,68.901,17.099,-4.214,0,0
0,76.866,3.488,7.531,-86.723,76.55,15,5,10,0,1,4.282,0.225,-18.176,-20.84,109.298,4.763,10.888,-2.091,-12.047,66.183,179.13,-14.611,6.615,6.585,-15.683,-169.557,-373.511,-160.977,8.498,3.43,-8.838,60.687,2.595,-3.466,0,0
0,77.321,3.01,7.004,-52.746,45.456,15,5,10,0,1,2.263,-0.489,-17.407,-29.985,131.985,10.794,11.386,-1.717,-11.051,67.878,172.885,-24.061,4.864,8.715,-12.65,102.824,-75.573,-15.496,11.508,5.923,-6.852,43.664,9.603,-1.435,0,0
0,77.504,2.491,6.605,-39.906,18.288,15,5,10,0,1,-1.753,-1.214,-17.639,-38.885,143.466,10.015,12.895,-0.699,-9.228,56.794,168.351,-25.237,5.834,9.192,-10.869,76.443,-133.176,-20.977,6.299,3.581,-9.448,29.817,-2.427,-5.038,0,0
0,77.475,1.931,6.388,-21.675,-2.93,15,5,10,0,1,-0.297,2.4,-19.759,-39.191,168.168,8.336,10.263,0.158,-10.878,43.985,159.023,-26.351,7.961,6.285,-8.914,71.344,-208.26,-79.878,7.36,5.226,-8.727,25.191,-8.763,-3.267,0,0
0,77.449,1.329,6.451,6.294,-2.598,15,5,10,0,1,1.138,-2.084,-16.974,-38.443,177.908,0.29,8.953,0.752,-11.673,25.084,160.992,-17.756,0.699,0.99,-23.845,-491.74,196.87,-228.641,8.96,0.881,-7.506,8.702,-14.198,-3.405,0,0
0,77.361,0.685,6.462,1.064,-8.789,15,5,10,0,1,2.16,-4.342,-15.75,-15.359,194.183,-1.374,9.472,-0.522,-11.465,11.16,164.29,-12.855,3.334,9.599,-12.188,46.214,-99.74,-24.427,9.355,2.259,-9.405,9.481,-14.687,-2.565,0,0
0,76.932,0,6.528,6.626,-42.858,15,5,10,0,1,2.033,-5.212,-17.172,11.176,212.87,-6.366,7.693,-0.393,-11.415,17.756,153.71,-0.031,1.207,1.687,-15.994,57.695,-205.756,-10.504,9.458,3.011,-7.089,-0.977,-19.939,-1.863,0,0
0,76.251,0,6.487,-4.063,-68.115,15,5,10,0,1,3.751,-1.607,-18.787,11.145,217.695,-7.206,7.324,-2.179,-11.745,34.748,143.481,0.87,1.377,9.223,-12.306,5.084,-130.489,-7.573,8.658,0.996,-8.325,-2.687,-28.382,-0.992,0,0
0,75.376,0,6.462,-2.563,-87.513,15,5,10,0,1,1.763,-3.425,-18.648,43.389,244.092,-24.046,7.3,-3.221,-12.619,46.58,135.771,5.695,0.496,8.246,-14.689,-5.634,-58.534,-2.198,8.967,-3.485,-13.106,8.962,-25.832,-1.191,0,0
0,74.252,0,6.425,-3.628,-112.427,15,5,10,0,1,2.728,-3.408,-19.289,65.618,259.099,-28.794,7.154,-3.609,-12.605,67.298,124.611,9.603,3.583,6.601,-11.463,-20.26,-114.748,3.298,9.238,2.903,-7.784,3.863,-43.298,2.962,0,0
0,72.885,0,6.418,-0.721,-136.608,15,5,10,0,1,3.504,-2.158,-18.777,74.153,272.779,-35.786,5.123,-2.496,-13.575,82.061,109.756,15.069,3.09,7.755,-12.298,-22.198,-51.756,-0.244,10.768,2.79,-7.784,-2.534,-41.313,2.672,0,0
0,71.278,0,6.403,-1.522,-160.767,15,5,10,0,1,2.127,-1.873,-18.159,66.458,279.679,-43.603,4.539,-2.663,-12.461,98.244,95.847,15.145,3.058,6.756,-12.588,-24.534,-51.664,-0.351,9.76,2.055,-9.206,-9.985,-45.802,0.366,0,0
0,69.498,0,6.4,-0.309,-177.967,15,5,10,0,1,1.813,-2.163,-18.949,58.702,284.519,-49.771,3.375,-2.361,-13.206,116.137,79.466,12.748,2.778,6.037,-15.625,-47.802,-103.664,0.031,9.889,1.272,-9.333,-13.542,-50.092,-0.916,0,0
0,67.535,0,6.4,-0,-196.278,15,5,10,0,1,3.763,-2.429,-19.301,49.389,287.084,-53.389,3.969,-2.479,-12.013,132,64.489,9.74,2.62,10.424,-16.334,-40.412,-219.191,-1.893,9.743,0.184,-9.561,-13.74,-54.122,-2.198,0,0
0,65.474,0,6.4,-0,-206.154,15,5,10,0,1,3.772,-4.325,-18.921,47.817,288.702,-54.031,3.339,-0.398,-12.629,144.489,52.779,5.084,2.817,4.618,-13.405,-14.534,-57.908,-0.809,10.078,-0.019,-9.362,-9.817,-56.977,-2.733,0,0
0,63.269,0,6.4,-0,-220.482,15,5,10,0,1,4.579,-1.964,-22.228,43.099,291.71,-52.092,2.635,-0.302,-13.022,152.901,42.611,-5.023,3.365,3.818,-13.23,-7.038,-118.489,-1.832,10.325,-0.057,-9.183,-5.099,-57.786,-3.725,0,0
0,61.002,0,6.4,-0,-226.708,15,5,10,0,1,-0.148,-0.596,-24.717,42.672,284.779,-50.26,4.632,0.024,-11.331,155.893,33.496,-14.947,3.003,4.366,-13.609,2.962,-61.115,-1.969,10.061,0.843,-9.628,-1.679,-58.168,-3.511,0,0
0,58.629,0,6.4,-0,-237.317,15,5,10,0,1,1.451,-4.347,-22.496,40.992,272.763,-50.733,4.821,2.338,-9.247,139.679,22.229,-19.176,3.152,5.092,-13.635,12.031,-64.855,-5.313,9.958,0.532,-10.021,1.832,-60.55,-2.962,0,0
0,56.252,0,6.4,-0,-237.648,15,5,10,0,1,3.588,-2.575,-23.239,28.229,261.603,-46.244,4.757,4.227,-7.59,112.351,11.618,-27.115,3.42,10.913,-17.383,42.061,-139.191,-36.214,10.394,0.75,-9.508,7.328,-62.412,-1.817,0,0
0,53.839,0,6.4,-0,-241.345,15,5,10,0,0,3.712,0.297,-27.097,19.832,251.863,-38.748,4.515,3.573,-7.774,84.855,-3.664,-39.344,3.825,5.298,-13.074,24.565,-142.855,-26.168,10.687,0.534,-8.507,13.267,-64.809,-1.267,0,0
0,51.455,0,6.4,-0,-238.381,15,5,10,0,0,4,-6.009,-23.09,18.153,230.229,-33.679,5.686,4.826,-6.347,60.275,-15.084,-37.344,4.618,11.138,-16.842,66.031,-142.366,-69.985,10.622,0.915,-7.779,22.763,-70.641,-1.374,0,0
0,49.137,0,6.403,0.309,-231.801,15,5,10,0,0,3.564,-2.062,-26.216,6.382,210.687,-25.603,5.669,4.639,-5.595,40.87,-27.237,-34.443,3.674,5.319,-13.12,33.115,-142.611,-66.443,9.132,-0.613,-8.318,29.832,-72.229,-4.336,0,0
0,46.885,0,6.411,0.767,-225.232,15,5,10,0,0,2.761,-4.495,-24.961,-6.916,183.511,-16.718,4.615,3.933,-5.303,25.389,-38.397,-31.252,4.608,4.155,-11.218,52.87,-65.908,-32.977,11.316,-0.268,-7.07,41.832,-76.214,-0.473,0,0
0,44.834,0,6.44,2.907,-205.079,15,5,10,0,0,2.172,-3.959,-26.755,-23.725,153.573,-6.87,5.547,4.57,-4.431,14.656,-49.695,-24.885,5.844,4.936,-11.027,62.794,-56.992,-6.885,12.5,-0.259,-7.975,50.214,-74.122,4.763,0,0
0,42.962,0,6.458,1.865,-187.146,15,5,10,0,0,2.282,-6.574,-24.52,-33.557,123.282,5.771,4.658,5.616,-4.376,0.092,-59.924,-19.542,7.367,11.606,-9.02,133.481,-194.626,377.405,11.125,6.371,-2.778,49.939,-91.557,11.389,0,0
0,41.329,0,6.509,5.104,-163.308,15,5,10,0,0,0.958,-5.753,-25.44,-44.137,89.847,19.328,4.266,5.161,-5.36,-12.992,-69.16,-12.305,6.644,5.192,-11.362,67.71,-109.985,6.473,13.829,0.187,-9.448,51.817,-77.832,10.397,0,0
0,39.875,0,6.703,19.398,-145.397,15,5,10,0,0,1.169,-6.131,-24.429,-53.985,56.305,30.748,6.091,3.097,-3.427,-21.176,-78.611,-4.84,7.683,6.596,-11.58,79.893,-175.756,25.771,10.972,1.296,-8.864,55.115,-103.237,13.847,0,0
0,38.649,0,7.128,42.503,-122.669,15,5,10,0,0,9.252,-6.68,-20.034,-54.565,39.695,27.374,10.548,2.299,-2.5,-40.275,-73.557,-1.252,6.294,14.649,-17.824,155.649,-161.588,31.267,10.931,0.108,-10.253,54.641,-98.641,13.603,0,0
0,37.62,0,7.769,64.098,-102.883,15,5,10,0,0,4.589,-3.348,-27.677,-72.275,2.397,23.603,11.043,0.034,-2.127,-29.069,-72.244,7.847,7.331,7.923,-12.564,69.16,-36.641,14.168,10.952,0.776,-9.4,49.069,-113.618,16.901,0,0
0,36.858,0,8.619,84.95,-76.229,15,5,10,0,0,4.016,0.101,-33.684,-60.534,-25.74,19.832,11.848,-2.864,-3.758,-27.939,-73.802,6.397,6.558,6.687,-14.938,60.687,-31.466,-0.58,14.485,1.399,-8.483,30.794,-112.55,18.443,0,0
0,36.619,0,9.505,88.635,-23.815,15,5,10,1,0,2.57,-2.577,-28.826,-56.29,-90.458,1.328,8.519,-4.067,-6.007,-12.611,-84.168,24.015,7.053,6.929,-12.749,53.053,-25.924,0.824,13.347,0.057,-9.551,25.924,-121.252,18.336,1,0
0,36.792,0,10.479,97.367,17.212,5,5,10,1,0,9.283,-5.082,-12.241,-30.901,-97.618,-7.664,8.866,-2.354,-7.769,-7.374,-80.321,34.947,6.639,5.431,-29.2,356.382,-195.664,0,15.508,0.414,-7.247,16.763,-116.336,19.206,0,0
0.681,37.158,0,11.493,101.441,36.678,5,5,10,1,0,10.928,-7.223,-3.87,-10.229,-84.229,-8.55,12.136,-4.558,-7.693,8.931,-58.641,45.221,6.04,10.911,-28.951,261.115,-117.618,98.565,15.41,0.151,-7.022,11.939,-127.252,23.221,0,0
1.321,37.561,0,12.566,107.277,40.272,5,15,10,1,0,12.076,-11.091,-4.788,28.153,-69.954,3.969,12.636,-2.508,-7.801,33.084,-38.779,62.458,9.18,8.294,-9.973,2.733,-4.641,79.328,14.044,-0.321,-8.799,10.595,-138.977,25.634,0,0
1.921,38.161,0,13.771,120.472,60.036,5,15,10,1,0,5.937,-2.342,-16.116,41.053,-84.427,12.55,9.573,-2.611,-7.571,62.458,-18.672,81.45,9.285,9.484,-10.921,-0.122,8.672,23.496,15.314,2.247,-5.877,-9.542,-142.198,27.313,0,0
2.479,38.938,0,15.028,125.679,77.683,5,15,10,1,0,1.092,-3.169,-17.833,62.031,-98.702,9.802,4.891,-2.321,-7.235,77.542,-33.496,93.328,11.376,8.474,-8.948,-54.962,63.145,158.534,16.317,2.484,-4.764,-25.969,-147.954,22.214,0,0
2.996,39.567,0,16.408,138.062,62.92,5,15,10,1,0,-0.125,-0.4,-23.84,72.244,-98.565,2.748,4.254,-3.061,-8.155,81.176,-63.573,83.069,10.998,13.134,9.044,-313.405,311.328,195.053,10.849,1.011,-5.839,-26.931,-162.641,21.695,0,0
3.472,39.893,0,18.195,178.677,32.604,5,15,10,1,0,6.174,-0.06,-21.332,68.031,-83.511,-2.061,9.753,-0.374,-7.537,76.183,-81.084,56.687,14.217,5.099,-4.51,-53.069,67.756,30.229,13.872,1.363,-4.397,-36.076,-166.977,15.328,0,0
3.907,39.824,0,20.447,225.209,-6.924,5,15,10,1,0,9.712,1.08,-18.224,59.298,-66.794,2.229,14.162,2.658,-8.284,57.221,-84.87,35.802,11.93,4.8,-5.207,-57.496,94.504,5.969,18.985,1.712,-1.447,-58.336,-167.542,10.489,0,0
4.301,39.326,0,23.029,258.225,-49.851,5,15,10,1,0,14.078,0.625,-16.657,37.71,-45.802,16.962,12.66,3.444,-10.445,25.542,-92.58,24.305,10.066,5.032,-4.735,-57.618,244.763,17.466,16.95,0.362,-3.245,-67.71,-165.481,7.237,0,0
4.654,38.421,0,25.915,288.575,-90.443,5,15,10,1,0,11.788,3.528,-17.151,-0.672,-31.664,32.031,14.538,4.982,-11.839,-8.992,-108.595,19.145,0.522,16.248,3.176,-407.924,222.046,73.649,17.376,0.963,-2.158,-60.947,-164.519,9.466,0,0
4.966,37.07,0,29.097,318.192,-135.144,5,15,10,1,0,11.587,-0.314,-17.139,-36.275,-3.359,38.351,14.464,3.705,-12.363,-32.366,-129.374,11.893,9.008,8.818,-6.208,-52.824,179.328,10.229,17.385,2.809,-7.384,-50.626,-198.504,31.939,0,0
5.236,35.235,0,32.558,346.07,-183.461,5,15,10,1,0,12.404,4.51,-18.257,-81.053,15.695,40.244,11.97,2.251,-14.267,-66.794,-150.473,6.092,8.05,11.051,-8.167,-134.443,385.099,17.832,11.192,3.878,-15.386,-57.695,-180.092,16.29,0,0
5.466,32.976,0,36.414,385.655,-225.964,5,15,10,1,0,12.143,-4.165,-14.926,-107.237,36.763,39.023,10.677,3.832,-13.484,-65.267,-165.603,3.053,7.652,13.034,-12.478,-87.527,215.374,0.962,10.854,7.551,-16.897,-82,-207.023,15.71,0,0
5.655,30.354,0,40.647,423.306,-262.196,5,15,10,1,0,12.65,5.873,-18.652,-143.603,51.878,46.504,7.056,1.209,-15.007,-94.153,-183.511,-2.901,5.02,8.349,-18.066,-104.321,230.412,-26.55,19.656,4.131,-18.482,-106.748,-209.802,14.779,0,0
5.803,27.222,0,45.244,459.618,-313.122,5,15,10,1,0,8.565,3.834,-12.758,-154.611,45.298,49.679,7.147,1.593,-10.984,-90.962,-198.046,-9.664,8.474,14.491,-30.819,-238.198,487.863,-94.931,14.588,6.828,-14.013,-147.771,-207.42,16.58,0,0
5.91,23.883,0,49.946,470.204,-333.974,5,15,10,1,0,1.171,1.667,-15.493,-177.664,41.16,49.832,7.223,1.885,-9.276,-96.58,-205.695,-16.061,2.635,21.712,-48.81,3.573,62.87,-172.702,12.509,7.017,-11.767,-164.992,-199.176,18.473,0,0
5.975,20.602,0,54.765,481.98,-328.057,5,15,10,1,0,4.61,1.777,-20.978,-174.366,38.779,45.145,8.742,1.657,-8.32,-105.695,-200.244,-16.26,6.598,2.219,-27.61,-237.252,123.099,230.473,10.483,-4.038,-21.059,-155.679,-181.71,8.977,0,0
6,17.672,0,59.581,481.534,-292.969,5,15,10,1,0,1.411,-9.393,-17.534,-146.977,21.954,41.023,8.177,-2.237,-9.506,-114.87,-192.168,-9.206,8.332,-1.126,-18.111,-104.244,144.092,394.015,12.682,7.116,-17.364,-143.634,-168.824,6.611,0,0
5.983,15.215,0,64.378,479.726,-245.762,5,15,10,1,0,10.864,-13.798,-13.137,-115.084,18.84,34.58,13.74,-3.37,-11.846,-123.053,-172.611,2.702,9.058,1.506,-17.548,-70.87,263.603,-117.893,12.66,4.292,-19.448,-150.336,-150.168,-8.305,0,0
5.926,13.091,0,68.798,442.052,-212.414,5,15,10,1,0,4.826,-9.254,-16.861,-70.672,18.611,35.221,13.192,-7.171,-10.507,-118.718,-166.733,19.191,0.484,3.405,-36.72,-295.771,-22.015,-237.191,22.64,-1.624,-11.187,-112.397,-114.092,-4.962,0,0
5.827,11.238,0,72.365,356.69,-185.292,5,15,10,1,0,8.521,-13.901,-14.401,-36.977,21.405,31.756,10.059,-7.348,-13.103,-90.366,-165.771,32.458,10.56,3.193,-14.452,-26.779,458.122,-21.618,17.088,-3.121,-10.349,-78.046,-61.328,-5.634,0,0
5.688,9.52,0,74.954,258.877,-171.73,5,15,10,1,0,3.969,-6.028,-15.137,-16.947,12.29,29.573,9.202,-7.487,-10.809,-73.328,-168.595,37.16,8.972,5.516,-14.883,-19.847,415.13,-94.473,10.366,-5.401,-11.079,-26.611,-2.015,-2.931,0,0
5.507,7.95,0,76.671,171.73,-157.082,5,15,10,1,0,4.982,-7.429,-13.106,-11.008,18.718,26.076,7.858,-5.973,-11.07,-49.802,-163.237,37.145,6.44,5.853,-14.315,-25.618,184.641,-4.641,8.644,-6.874,-11.621,27.817,49.802,1.649,0,0
5.286,6.375,0,77.8,112.828,-157.494,5,15,10,1,0,5.532,-3.37,-13.872,-6.931,19.252,24.214,8.196,-3.813,-8.464,-38.595,-160.382,29.496,4.917,4.551,-13.489,-35.603,-305.893,34.931,5.849,-7.01,-14.143,76.214,78.641,8.55,0,0
5.023,4.752,0,78.572,77.259,-162.278,5,15,10,1,0,10.042,-6.457,-10.852,-8.672,22.565,18.595,7.19,-3.413,-8.363,-33.42,-156.198,21.511,3.741,7.888,-31.039,-236.336,-312.183,401.832,7.374,-1.849,-13.544,93.069,108.763,10.565,0,0
4.719,3.075,0,78.983,41.05,-167.656,5,15,10,1,0,7.638,-2.91,-11.58,-13.786,21.191,17.725,8.203,0.618,-8.517,-29.832,-151.481,13.45,3.377,7.081,-18.729,-44.824,-324.763,126.779,5.983,1.384,-14.509,92.809,127.435,8.412,0,0
4.375,1.46,0,79.338,35.5,-161.534,5,15,10,1,0,5.851,-4.701,-11.875,-26.977,18.641,16.962,9.087,-2.043,-8.818,-41.756,-144.824,7.969,2.474,1.912,-19.036,-5.832,333.069,104,2.488,0.338,-17.259,84.366,138.153,5.466,0,0
3.989,-0.14,0,79.62,28.175,-160,5,15,10,1,0,5.252,-4.608,-13.098,-10.29,18,17.939,10.232,-1.629,-8.974,-43.817,-142.885,6.656,1.15,2.855,-15.869,11.817,323.298,81.832,3.971,2.467,-14.998,61.115,151.985,5.603,0,0
3.562,-1.682,0,79.821,20.176,-154.209,5,15,10,1,0,6.694,-1.152,-11.657,-20.137,14.244,14.382,12.365,0.491,-10.418,-51.344,-137.802,6.443,-0.134,5.027,-16.305,9.282,-375.084,97.954,5.269,1.739,-14.725,34.382,169.893,6.901,0,0
3.094,-3.092,0,79.744,-7.748,-140.969,5,15,10,1,0,4.51,-6.639,-11.843,-8.901,14.962,13.954,10.5,0.01,-10.948,-45.725,-133.359,5.313,1.619,4.404,-15.582,21.008,-363.603,29.802,5.087,0.548,-14.765,16.519,184.626,12.626,0,0
2.585,-4.356,0,79.751,0.755,-126.412,5,15,10,1,0,3.633,-2.261,-11.918,-10.412,7.13,14.168,12.739,-0.817,-10.155,-44.412,-120.198,5.084,-0.441,3.22,-24.851,65.893,317.115,-24.702,12.816,0.05,-14.15,17.924,194.183,21.924,0,0
2.035,-5.351,0,79.649,-10.242,-99.529,5,15,10,1,0,4.948,-4.871,-11.015,-8.656,1.878,10.198,12.617,-0.177,-10.612,-41.649,-108.427,4.595,0.711,7.092,-16.322,15.267,311.099,-21.954,7.822,3.691,-11.206,-9.985,206.809,24.611,0,0
1.445,-6.117,0,79.221,-42.847,-76.55,5,15,10,1,0,6.38,-6.495,-9.499,-1.527,-4.519,7.466,13.934,-2.134,-8.874,-33.695,-90.092,5.282,-0.841,7.635,-17.081,14.84,135.954,-28.122,6.222,-0.417,-14.55,-20.84,223.389,27.221,0,0
0.813,-6.564,0,78.459,-76.172,-44.746,5,15,10,1,0,5.767,-3.866,-10.224,-2.992,-10.779,6.153,12.976,-1.856,-9.724,-27.466,-72.84,5.282,-0.522,7.522,-25.042,-14.626,269.481,-51.237,6.251,-0.335,-14.102,-32.504,246.58,36.656,0,0
0.14,-6.706,0,77.334,-112.473,-14.225,5,15,10,1,0,5.281,-5.075,-10.21,1.542,-19.557,4.84,14.37,-1.104,-7.882,-20.397,-54.58,3.221,-0.467,8.475,-22.106,-54.443,251.71,-27.603,6.852,-1.118,-14.665,-25.969,258.244,51.191,0,0
0,-6.641,0,75.928,-140.568,6.535,5,15,10,1,0,8.454,-6.735,-7.556,10.992,-26.473,3.359,10.282,-3.399,-7.899,-16.55,-43.481,7.878,-1.092,7.027,-15.69,-47.634,226.397,-22.29,5.65,0.01,-16.114,-18.901,265.328,61.359,0,0
0,-6.699,0,74.299,-162.953,-5.779,5,15,10,1,0,6.323,-3.286,-10.181,12.183,-27.16,4.565,8.174,-2.448,-7.204,-0.992,-56.351,9.145,-2.934,6.234,-17.103,-64.458,101.084,-11.008,7.666,2.817,-15.522,-26.489,277.008,65.221,0,0
0,-6.736,0,72.449,-184.983,-3.742,5,15,10,1,0,2.294,4.891,-16.075,-17.328,-35.313,6.489,8.993,-2.8,-5.31,4.336,-69.053,3.756,-3.803,4.867,-15.893,-78.718,87.435,-18.076,4.869,-0.977,-18.569,-23.389,281.053,63.527,0,0
0,-6.791,0,70.409,-203.957,-5.425,5,15,10,1,0,-3.279,-1.039,-11.475,-17.45,-49.221,5.573,9.64,-1.241,-6.44,0.748,-69.893,5.847,-3.049,6.464,-16.665,-89.344,158.275,-11.756,5.971,4.306,-15.56,-32.504,289.847,67.069,0,0
0,-7.01,0,68.216,-219.361,-21.996,5,15,10,1,0,9.877,-7.027,-8.007,9.069,-36.504,1.649,7.025,-2.515,-9.147,1.74,-76.672,9.908,-4.737,9.337,-22.14,-192.733,254.153,-109.924,4.982,2.769,-16.988,-23.542,288.366,65.481,0,0
0,-7.439,0,65.858,-235.817,-42.812,5,15,10,1,0,3.365,-1.145,-12.334,-4.351,-43.328,3.405,9.669,0.041,-7.676,6.55,-85.74,5.969,-4.63,3.857,-23.39,-212.275,216.168,-9.282,4.498,-1.76,-20.499,-31.908,293.145,59.878,0,0
0,-7.827,0,63.382,-247.593,-38.864,5,15,10,1,0,6.886,-2.591,-12.531,-21.588,-46.656,-1.145,9.951,-1.188,-8.466,-1.145,-87.115,3.328,-4.244,7.454,-20.147,-206.595,178.916,-29.679,9.166,1.509,-18.315,-31.786,289.481,58.412,0,0
0,-8.11,0,60.8,-258.191,-28.233,5,15,10,1,0,5.595,-7.559,-10.342,-16.092,-60.137,-4.779,13.589,0.22,-8.26,-10.58,-75.527,9.481,-2.261,5.414,-14.543,-203.542,66.26,5.74,8.023,0.642,-20.583,-22.153,279.389,55.038,0,0
0,-8.274,0,58.16,-263.981,-16.445,5,15,10,1,0,5.482,-4.467,-13.309,-11.481,-62.122,-3.863,14.758,-1.104,-9.106,-17.695,-69.13,9.588,-2.508,1.097,-10.969,-82.565,9.985,23.908,5.621,-1.882,-20.815,-14.55,269.282,50.916,0,0
0,-8.26,0,55.494,-266.648,1.442,5,15,10,1,0,7.082,-5.578,-12.205,-5.191,-66.092,-3.908,11.843,-2.127,-10.811,-20.489,-64.458,11.42,-1.202,0.987,-8.359,-118.534,7.939,166.107,5.99,-1.372,-22.008,-1.954,258.275,46.183,0,0
0,-8.153,0,52.864,-262.951,10.689,5,15,10,0,0,7.918,-5.111,-11.101,0.84,-70.183,-3.298,10.653,-2.189,-11.084,-17.374,-60.626,17.282,-3.569,0.148,-9.52,-16.015,-18.015,104.611,8.902,-0.927,-21.347,6.366,246.244,41.16,0,0
0,-8.161,0,50.276,-258.843,-0.813,5,15,10,0,0,5.607,-1.65,-15.192,-0.779,-65.924,2.214,10.689,-3.073,-10.653,-11.008,-65.878,13.145,-2.021,0.91,-7.465,4.687,-81.466,129.466,7.405,1.916,-20.59,18.992,222.153,36.611,0,0
0,-8.091,0,47.781,-249.447,6.958,5,15,10,0,0,5.322,-3.923,-12.31,-6.153,-75.679,-3.634,9.743,-1.669,-10.883,-6.916,-65.099,17.573,-1.327,2.026,-3.296,74.366,-237.435,272.855,8.33,0.005,-22.101,38.733,195.603,29.115,0,0
0,-7.82,0,45.452,-232.911,27.145,5,15,10,0,0,4.112,-6.467,-11.355,-18.229,-93.374,-8.962,13.625,-0.158,-9.336,-15.908,-43.817,20.397,-0.843,2.4,-6.1,60.107,-76.641,131.542,6.514,1.054,-21.72,56.855,163.374,23.954,0,0
0,-7.304,0,43.324,-212.792,51.59,5,15,10,0,0,6.742,-5.583,-12.907,-10.321,-93.053,-7.13,14.998,-1.265,-9.925,-26.519,-28.702,17.863,-1.475,8.972,-0.905,132.443,-92.824,106.137,6.112,4.131,-19.622,76.702,131.542,16.076,0,0
0,-6.575,0,41.446,-187.798,72.933,5,15,10,0,0,7.494,-4.527,-13.69,1.603,-97.496,-10.992,13.213,-1.205,-9.829,-31.634,-22.336,20.977,-0.536,4.299,-5.583,65.099,-54.687,21.985,7.3,2.321,-21.332,90.305,98.656,7.038,0,0
0,-5.773,0,39.973,-147.263,80.177,5,15,10,0,0,8.131,-3.269,-13.307,-2.489,-100.382,-14.168,12.947,-1.693,-10.936,-33.145,-20.183,18.168,-2.35,5.039,-7.041,59.74,-117.008,31.145,7.417,4.45,-20.125,94.611,64.183,-2.26,0,0
0,-4.909,0,38.879,-109.474,86.415,5,15,10,0,0,8.105,-3.633,-13.055,-2.611,-101.435,-14.397,12.744,0.168,-11.743,-34.794,-19.985,16.443,-1.221,6.246,8.373,199.985,-248.061,27.359,3.94,6.136,-19.668,90.962,15.679,-11.023,0,0
0,-4.052,0,38.139,-73.952,85.705,5,15,10,0,0,8.284,-2.515,-13.321,-10.931,-101.649,-19.267,12.919,-0.342,-10.416,-41.13,-21.542,16.061,5.164,6.97,2.309,72.718,-223.756,107.481,7.652,-0.776,-23.869,88.763,-13.435,-3.496,0,0
0,-3.213,0,37.901,-23.85,83.874,5,15,10,0,0,9.947,-2.345,-13.855,-19.069,-97.435,-19.756,11.206,1.241,-12.239,-49.954,-26.382,16.366,5.456,7.24,-4.563,1.328,-182.718,-443.359,5.815,3.791,-23.907,79.282,-57.878,3.359,0,0
0,-2.396,0,38.139,23.85,81.654,5,15,10,0,0,10.404,-1.569,-14.219,-32.55,-98.366,-21.298,11.956,0.196,-9.654,-60.122,-26.779,13.588,1.004,8.272,-7.501,-4.855,-47.099,4.412,1.535,5.693,-27.83,40.198,-88.366,0.656,0,0
0,-1.646,0,38.696,55.676,75.073,5,15,10,0,0,10.301,-2.831,-12.533,-40.901,-94.336,-22.137,11.673,0.757,-11.513,-69.878,-30.718,11.282,-3.013,13.971,-17.225,-156.107,-448.748,-123.847,5.329,8.66,-20.753,-23.374,-128.427,-4.031,0,0
0,-1.012,0,39.464,76.824,63.332,5,15,10,0,0,11.489,-1.779,-12.382,-53.725,-92.26,-23.481,11.415,0.474,-10.83,-75.191,-32.397,8.031,0.539,8.768,-10.96,-30.031,-123.405,-69.069,11.221,4.349,-6.658,-62.076,-140.336,-5.786,0,0
0,-0.382,0,40.278,81.345,63.011,5,15,10,0,0,8.052,-1.985,-10.768,-59.756,-94.702,-25.542,10.952,1.284,-11.048,-76.748,-31.634,3.664,2.395,5.828,-22.954,-395.252,454.824,318.534,14.277,1.109,2.9,-86.763,-96.855,-0.366,0,0
0,0.24,0,40.863,58.548,62.245,5,15,10,0,0,9.973,-1.528,-12.385,-63.435,-94.061,-28.015,12.859,-1.447,-10.667,-76.55,-25.832,-2.702,9.403,19.064,-4.79,239.008,106.733,152.427,13.783,0.319,6.979,-71.145,-75.496,7.282,0,0
0,0.922,0,41.182,31.929,68.138,5,15,10,0,1,11.101,-3.104,-11.283,-59.893,-97.282,-30.733,14.198,-1.923,-10.718,-74.046,-19.618,-6.275,3.406,6.918,-15.208,-224.931,-235.389,-15.389,14.487,-1.48,-3.355,-57.008,-49.954,5.145,0,1
0,1.624,0,41.376,19.352,70.278,15,5,10,0,1,10.871,-2.817,-10.916,-59.145,-97.176,-31.069,13.908,-2.251,-10.03,-64.565,-15.954,-9.817,4.158,1.784,-8.572,-116.351,-49.359,-71.511,8.919,-1.097,-13.062,-36.595,-68.901,-5.282,0,0
0,2.379,0.677,41.479,10.311,75.44,15,5,10,0,1,12.1,-1.545,-11.604,-47.634,-96.031,-31.74,13.611,-2.548,-10.478,-49.405,-12.122,-16.321,6.286,-13.968,12.866,187.221,130.427,37.13,6.191,-3.456,-21.622,-29.634,-90.351,-14.947,0,0
0,3.218,1.314,41.944,46.486,83.885,15,5,10,0,1,10.677,-2.635,-10.267,-44.702,-104.137,-33.298,15.795,-0.687,-8.711,-37.008,-2.672,-19.603,1.226,-1.677,-3.205,-154,-244.473,-268.214,6.752,0.089,-17.354,-17.893,-99.298,-18.412,0,0
0,4.25,1.91,42.618,67.371,103.237,15,5,10,0,1,9.12,-3.657,-9.259,-40.809,-111.893,-34.992,17.769,-0.965,-6.023,-33.13,14.29,-20.336,-0.477,1.214,-7.183,-24.443,-78.885,-141.618,8.96,2.306,-15.606,-23.115,-100.733,-18.122,0,0
0,5.507,2.466,43.259,64.11,125.691,15,5,10,0,1,10.378,-4.313,-8.814,-38.458,-113.084,-35.252,18.26,-0.601,-4.548,-31.45,28.534,-15.084,1.887,6.441,-19.141,179.389,497.313,-100.885,10.533,1.25,-15.204,-37.435,-90.443,-16.489,0,0
0,6.964,2.981,43.662,40.295,145.741,15,5,10,0,1,11.63,-4.462,-6.548,-28.901,-114.382,-33.573,16.209,1.511,-4.093,-34.351,45.008,-10.015,4.682,6.003,-16.732,59.282,-208.809,-236.092,13.17,-1.061,-14.768,-34.26,-78.702,-14.885,0,0
0,8.733,3.456,43.523,-13.916,176.834,15,5,10,0,1,8.711,-4.56,-6.878,-27.603,-122.351,-34.427,13.8,-1.686,-4.831,-28.931,62.397,-12.443,3.48,6.319,-23.375,43.832,-489.176,-348.336,11.927,-2.16,-15.659,-38.351,-50.84,-18.611,0,0
0,10.717,3.89,42.841,-68.138,198.475,15,5,10,0,1,9.338,-2.852,-11.168,-22.565,-130.748,-32.992,15,1.032,-0.604,-31.954,82.382,-17.359,3.238,5.96,-29.282,23.298,-32.504,385.221,17.127,-4.941,-13.97,-7.527,-33.206,-16.641,0,0
0,13.121,4.283,41.68,-116.135,240.303,15,5,10,0,1,7.324,-6.811,-7.405,-30.336,-153.313,-33.084,17.807,1.631,0.68,-31.42,116.382,-19.588,3.408,6.318,-13.098,-3.649,391.069,-45.313,11.089,0.525,-12.756,10.992,-14.55,-17.817,0,0
0,15.933,4.636,39.926,-175.381,281.228,15,5,10,0,1,13.733,-6.761,-11.264,-42.824,-165.313,-32.962,17.805,-1.552,-4.584,-36.977,144.26,-19.45,1.566,4.879,-21.706,-2.183,322.305,-89.649,13.767,-3.791,-14.634,30.626,21.603,-17.466,0,0
0,19.302,4.949,37.458,-246.827,336.892,15,5,10,0,1,9.75,-10.246,-18.566,-23.863,-186.656,-29.313,18.787,-3.13,-5.14,-31.038,170.58,-15.725,2.462,3.772,-15.611,-1.298,-186.168,14.656,11.932,0.874,-11.527,46.779,37.756,-9.573,0,0
0,23.129,5.22,34.418,-303.979,382.714,15,5,10,0,1,5.825,-9.947,-19.725,10.824,-212.809,-29.695,16.289,-4.316,-7.654,-9.496,196.84,-10.244,4.941,4.287,-10.924,13.069,-196.595,32.534,15.544,-0.69,-10.251,72.015,53.298,0.137,0,0
0,27.618,5.452,30.903,-351.506,448.918,15,5,10,0,1,6.023,-9.592,-15.757,41.023,-238.122,-34,14.82,-7.714,-8.993,23.069,216.504,11.435,2.977,-0.824,-16.976,36.168,189.069,-241.344,10.121,-6.213,-6.694,97.221,62.992,-8.122,0,0
0,32.452,5.642,27.083,-381.959,483.399,15,5,10,0,1,18.015,-11.52,-15.314,67.679,-238.26,-40,16.902,-5.374,-11.319,50.382,232.962,31.802,-2.105,5.683,-17.788,38.672,-215.832,18.015,11.063,-5.765,-9.947,128.321,58.962,-22.29,0,0
0,37.675,5.792,23.204,-387.887,522.275,15,5,10,0,1,14.006,-7.233,-21.316,90.718,-252.275,-40.122,10.715,-4.45,-15.469,68.931,238.718,50.931,2.352,1.717,-14.246,40.458,-219.13,21.847,4.891,-3.015,-15.951,161.618,36.977,-12.962,0,0
0,43.061,5.902,19.916,-328.824,538.652,15,5,10,0,1,13.17,-13.156,-19.907,119.038,-253.832,-42.198,17.026,-0.752,-12.078,77.557,256.122,74.336,7.314,1.248,-14.49,53.237,-196.641,17.954,6.706,4.043,-15.541,158.641,19.756,-9.374,0,0
0,48.51,5.971,17.47,-244.629,544.911,15,5,10,0,1,15.826,-14.27,-19.052,160.412,-237.557,-34.855,16.516,-0.299,-14.749,63.313,266.015,98.29,8.589,8.724,-14.538,241.328,346.992,17.16,10.423,9.848,-12.241,92.885,10.229,-11.649,0,0
0,53.777,5.999,15.76,-170.987,526.612,15,5,10,0,1,14.629,-8.349,-20.657,219.359,-190.229,-19.527,18.051,1.966,-20.889,51.023,266.87,113.313,9.161,6.263,-12.725,64.366,-136.672,-5.695,9.568,9.056,-11.202,26.366,2.931,-18.107,0,0
0,58.354,5.987,14.489,-127.087,457.787,15,5,10,0,1,9.3,2.967,-18.291,217.74,-145.802,-16.244,18.765,0.148,-18.854,72.046,278.397,109.863,5.379,8.974,-14.025,57.435,-125.664,-13.42,11.053,5.317,-9.017,-14,6.412,-20.412,0,0
0,62.221,5.934,13.83,-65.895,386.697,15,5,10,0,1,12.643,1.166,-10.928,186.626,-104.122,-24.87,11.355,-3.152,-16.617,56.534,261.45,119.42,32.45,-4.33,9.096,36.718,-249.908,-110.779,-4.426,4.076,-9.721,33.908,-63.344,-5.45,0,0
0,65.481,5.841,13.988,15.736,325.997,15,5,10,0,1,14.557,1.976,-10.976,132.947,-50.107,-26.84,12.914,-0.426,-12.48,59.252,245.42,99.42,-3.07,6.88,-28.668,140.198,-241.45,-34.412,16.188,11.276,-6.352,-77.084,41.038,-21.191,0,0
0,68.147,5.707,12.68,-130.772,266.522,15,5,10,0,1,10.088,1.674,-12.586,76.076,-17.481,-20.855,11.554,0.474,-9.824,60.427,223.634,74.55,-6.428,5.081,-41.769,124.321,434.122,-143.634,12.756,-8.524,-8.323,-64.565,38.992,-30.565,0,0
0,70.268,5.533,10.603,-207.665,212.094,15,5,10,0,1,7.197,2.975,-16.09,37.115,17.954,-6.214,11.51,0.627,-11.19,65.573,202.641,44.947,-0.714,7.924,-14.236,1.267,363.344,-120.916,5.6,-13.795,-11.053,46.061,30.229,-6.656,0,0
0,71.849,5.318,8.538,-206.543,158.169,15,5,10,0,1,5.449,1.83,-16.974,12.702,50.763,5.771,12.069,-1.756,-10.979,66.718,191.023,17.374,3.693,1.411,-9.786,9.664,-306.275,-7.359,9.338,-0.493,-10.323,129.16,15.695,7.466,0,0
0,73.032,5.062,6.787,-175.038,118.321,15,5,10,0,1,4.74,0.232,-17.802,-9.206,74.84,6.519,12.167,-2.441,-10.548,61.786,185.069,0.534,3.008,0.932,-10.44,15.252,-305.817,-8.977,9.894,5.121,-8.852,126.168,15.924,8.015,0,0
0,73.937,4.766,5.33,-145.729,90.42,15,5,10,0,1,3.89,0.345,-19.567,-25.481,97.282,4.244,11.834,-2.407,-10.402,65.863,181.771,-12.412,6.555,4.898,-14.262,99.954,-118.351,-3.115,11.149,8.119,-8.258,92.916,22.321,6.595,0,0
0,74.629,4.429,4.071,-125.942,69.271,15,5,10,0,1,4.098,-1.243,-18.264,-34.626,113.847,2.885,10.27,-1.609,-12.028,67.725,178.214,-20.458,5.988,14.498,-28.06,-123.145,359.069,-72.305,9.202,3.966,-9.947,61.344,17.221,2.305,0,0
0,75.094,4.052,3.107,-96.371,46.463,15,5,10,0,1,3.037,-0.568,-17.484,-35.176,132.656,3.145,11.242,-1.09,-11.63,65.481,175.817,-26.763,3.377,10.111,-34.45,-173.099,476.321,-127.511,7.508,3.799,-10.387,28.87,7.893,-0.779,0,0
0,75.365,3.634,2.408,-69.924,27.065,15,5,10,0,1,3.166,3.023,-18.772,-40.672,154.885,3.374,9.07,0.436,-10.615,58.672,173.298,-28.015,5.049,7.813,-15.465,77.084,-374.977,-56.305,8.299,2.484,-11.434,11.542,1.023,-3.603,0,0
0,75.358,3.176,1.965,-44.323,-0.71,15,5,10,0,1,3.396,-0.529,-16.856,-37.573,176.076,2.55,8.888,0.865,-11.17,52.534,166.489,-33.924,3.348,7.565,-19.285,129.664,-311.893,-16.672,10.979,3.621,-8.421,-1.969,1.298,-4.733,0,0
0,75.321,2.677,1.628,-33.669,-3.605,15,5,10,0,1,4.313,2.565,-19.972,-42.107,192.183,-5.771,6.97,5.271,-14.638,34.595,166.595,-28.84,2.244,8.859,-13.62,37.237,-148.244,23.725,6.84,1.423,-8.838,-10.962,-2.748,-8.137,0,0
0,75.244,2.138,1.327,-30.052,-7.725,15,5,10,0,1,-1.957,1.152,-19.948,-36.031,205.45,-7.176,8.117,2.63,-11.678,19.42,177.893,-31.71,6.859,6.779,-11.118,35.405,-122.412,3.084,11.204,2.752,-4.505,-6.779,-15.115,-4.687,0,0
0,74.853,1.558,1.064,-26.379,-39.162,15,5,10,0,1,0.939,-3.078,-19.124,3.618,227.603,-7.389,9.321,-2.9,-12.852,23.252,166.443,-21.939,3.636,6.878,-13.055,7.725,-61.069,1.008,10.579,2.261,-7.204,-2.122,-15.954,-2.855,0,0
0,74.09,0.937,0.932,-13.184,-76.218,15,5,10,0,1,4.46,-3.976,-19.05,29.252,247.542,-17.634,7.516,-3.473,-13.319,40.809,150.076,-8,6.522,6.867,-10.921,2.489,-105.832,15.45,8.136,1.564,-7.968,0.84,-32.061,-3.038,0,0
0,73.032,0.276,0.99,5.882,-105.801,15,5,10,0,1,4.146,-2.563,-18.861,41.939,260.977,-27.802,6.086,-3.7,-12.684,59.145,134.198,-1.985,0.975,0.974,-20.372,3.802,-211.008,-31.267,13.168,5.556,-4.548,-18.229,-25.832,-2.626,0,0
0,71.788,0,0.976,-1.431,-124.489,15,5,10,0,1,4.455,-3.317,-18.961,44.962,268.153,-36.718,6.723,-3.731,-12.119,75.45,122.84,-0.656,2.424,6.435,-14.406,-9.573,-125.817,-5.13,-1.42,-1.497,-12.504,-12.092,-36.931,-8.076,0,0
0,70.3,0,0.925,-5.127,-148.762,15,5,10,0,1,2.654,-3.348,-18.913,53.344,276.321,-42.153,5.58,-3.188,-12.423,90.656,107.42,1.832,3.159,6.955,-11.067,-17.282,-56.29,-3.878,9.8,2.251,-6.023,-10.504,-41.466,0.168,0,0
0,68.671,0,0.881,-4.417,-162.918,15,5,10,0,1,4.759,0.055,-21.481,47.588,287.267,-48.809,2.999,-1.787,-13.146,111.084,90.092,1.603,2.156,7.223,-11.98,-17.206,-114.519,-11.756,10.89,2.405,-5.154,-11.878,-39.908,0.168,0,0
0,66.884,0,0.625,-25.623,-178.688,15,5,10,0,1,2.651,-1.281,-20.87,38.656,285.557,-54.29,1.669,-1.023,-13.465,127.45,74.55,-2.443,5.238,4.91,-8.763,-19.756,-66.137,-2.718,8.244,-0.184,-7.245,-7.603,-36.885,3.771,0,0
0,64.964,0,0.229,-39.551,-191.941,15,5,10,0,1,2.385,-0.587,-21.198,30.458,284.26,-53.802,2.376,-2.067,-13.235,139.038,61.069,-10.275,0.932,5.984,-14.552,-20.718,-145.847,-4.977,10.761,-0.745,-7.262,18.855,-31.328,7.511,0,0
0,62.958,0,-0.207,-43.591,-200.684,15,5,10,0,1,0.747,-2.057,-22.552,24.595,278.458,-53.863,3.231,-0.532,-11.836,142.198,51.893,-18.656,3.341,4.476,-11.06,2.214,-73.817,-0.473,7.475,0.393,-8.15,33.008,-44.947,9.481,0,0
0,60.881,0,-0.511,-30.43,-207.619,15,5,10,0,1,-2.139,-0.053,-25.711,20.397,270.733,-53.649,4.407,0.24,-9.453,136.107,41.496,-29.985,6.797,5.82,-9.427,50.672,-123.71,-2.076,9.695,1.121,-7.458,42.275,-53.282,11.588,0,0
0,58.731,0,-0.449,6.226,-215.012,15,5,10,0,1,0.316,-4.333,-22.865,23.282,259.115,-51.221,4.512,2.024,-8.157,109.496,30.519,-32.473,4.472,4.548,-11.582,46.183,-47.374,-29.679,13.937,7.233,-1.19,35.573,-58.641,12.26,0,0
0,56.6,0,-0.445,0.366,-213.124,15,5,10,0,1,2.852,-5.257,-23.241,23.115,249.328,-46.947,4.757,3.442,-7.501,85.206,21.282,-32.84,4.22,6.562,-12.521,53.359,-117.389,-43.542,8.208,1.248,-9.731,22.458,-58.244,8.626,0,0
0,54.45,0,-0.445,-0,-214.966,15,5,10,0,1,3.636,-4.33,-24.657,23.557,241.969,-37.237,2.967,3.794,-9.377,68.58,6.855,-38.198,3.018,5.712,-13.062,48.137,-129.511,-24.305,9.197,-0.079,-8.589,23.756,-63.344,9.069,0,0
0,52.308,0,-0.445,-0,-214.222,15,5,10,0,1,2.761,-3.284,-25.052,7.924,218.901,-28.519,3.363,3.808,-8.447,49.71,-5.649,-38.031,3.217,4.169,-15.39,99.221,-257.542,-78.901,9.597,0.146,-7.372,29.481,-72.855,6.275,0,0
0,50.174,0,-0.416,2.964,-213.456,15,5,10,0,1,0.651,-3.47,-26.453,-6.046,199.237,-17.481,4.625,3.494,-6.261,33.985,-19.786,-39.069,4.685,4.232,-12.552,47.023,-69.328,-17.634,10.751,-1.523,-8.55,34.626,-73.802,6.443,0,0
0,48.152,0,-0.372,4.395,-202.195,15,5,10,0,1,2.419,-6.304,-24.561,-23.13,173.878,-7.817,6.119,4.524,-6.158,17.664,-29.191,-32.809,4.752,3.564,-13.328,49.038,-68.489,-16.244,10.045,-1.253,-9.29,40.473,-74.977,5.634,0,0
0,46.182,0,-0.159,21.263,-196.965,15,5,10,0,1,2.141,-5.394,-25.581,-34.565,151.252,6.183,4.443,2.606,-5.758,4.809,-43.969,-31.878,4.46,4.668,-12.349,59.282,-49.695,-21.832,13.256,2.314,-4.014,38.076,-92.397,6.87,0,0
0,44.314,0,0.144,30.327,-186.768,15,5,10,0,0,3.19,-6.471,-24.781,-52.55,124.229,17.221,3.449,2.596,-6.656,-3.878,-55.389,-25.924,3.262,4.39,-14.701,72.565,137.145,-78.779,10.129,-1.401,-10.205,39.954,-83.969,3.71,0,0
0,42.567,0,0.635,49.072,-174.683,15,5,10,0,0,1.289,-7.195,-25.313,-64.824,94.748,30.443,5.307,2.397,-4.151,-15.344,-66.885,-20.656,7.231,5.753,-11.328,79.603,-36.382,-14.137,8.062,0.295,-11.194,42.336,-98.198,3.908,0,0
0,41.007,0,1.492,85.716,-156.029,15,5,10,0,0,14.341,-6.553,-19.201,-73.695,76.183,24.962,12.749,0.007,-0.048,-28.397,-66.122,-15.588,6.431,6.62,-12.512,70.702,-43.954,-450.076,12.023,3.197,-8.294,38.733,-125.435,7.053,0,0
0,39.597,0,2.591,109.898,-140.991,15,5,10,0,0,7.147,-6.244,-25.088,-86.198,54.901,25.176,14.157,0.031,-2.067,-34.641,-60.26,-10.931,7.434,8.213,-12.09,78.107,-12.794,-8.244,10.253,4.824,-7.729,26.84,-132.015,9.099,0,0
0,38.421,0,3.77,117.909,-117.6,15,5,10,0,0,4.431,-17.326,-25.725,-77.099,-1.405,21.573,4.673,3.971,-4.163,-32.443,-60.489,6.443,5.772,8.112,-13.278,69.145,-13.221,-11.481,13.973,0.848,-7.779,27.511,-125.618,11.099,0,0
0,37.894,0,4.975,120.495,-52.689,15,5,10,1,0,-3.355,1.609,-37.437,-82.992,-74.183,10.779,10.224,-3.681,-0.041,-29.008,-61.756,7.786,7.341,7.689,-12.258,121.023,-42.824,-13.496,12.33,1.334,-5.583,37.557,-134.977,17.038,1,0
0,37.923,0,6.154,117.909,2.895,5,5,10,1,0,6.39,-5.109,-20.87,-50.656,-111.71,-8.412,11.479,-3.736,-2.608,-16.809,-71.863,19.832,6.591,9.569,-18.47,474.977,-98.198,78.656,13.067,-1.08,-6.708,45.405,-127.527,17.252,0,0
0.674,38.465,0,7.344,118.973,54.211,5,5,10,1,0,12.327,-11.101,-3.142,-24.092,-118.107,-15.817,14.128,-5.753,-4.436,3.878,-52.015,31.679,6.299,9.871,-14.648,485.481,-25.16,130.443,12.136,-1.885,-8.567,58.046,-138.198,24.382,0,0
1.307,39.209,0,8.622,127.831,74.364,5,5,10,1,0,10.497,-13.522,-2.611,29.588,-91.511,-1.863,13.027,-7.322,-8.598,8.702,-30.87,58.702,7.98,17.485,-11.63,105.74,14.779,60.824,16.435,-0.505,-7.52,54.626,-151.374,30.687,0,0
1.9,39.993,0,10.04,141.747,78.381,5,5,10,1,0,5.655,-8.282,-6.651,76.855,-80.366,3.298,11.982,-8.32,-8.038,38.55,-13.313,92.931,9.434,9.529,-10.763,72.031,51.298,30.779,17.864,2.812,-6.277,33.053,-158.137,29.756,0,0
2.454,40.791,0,11.654,161.442,79.834,5,5,10,1,0,3.463,-1.554,-16.071,90.687,-81.863,-3.679,6.639,-2.076,-8.368,82.321,-25.969,114.901,11.908,10.272,-10.251,12.58,36.87,21.832,15.165,1.106,-7.76,9.084,-174.122,29.099,0,0
2.967,41.557,0,13.625,197.068,76.527,5,5,10,1,0,-5.542,-1.365,-27.562,97.496,-94.84,-9.42,2.814,-6.093,-6.651,104,-49.817,118.718,12.188,7.829,-10.603,-15.893,55.115,15.679,17.163,0.196,-7.607,-20.58,-181.817,24.626,0,0
3.44,42.201,0,15.965,234.021,64.465,5,15,10,1,0,0.357,1.806,-23.27,97.618,-108.55,-14.244,5.161,-1.226,-8.047,126.092,-76.031,97.252,10.612,6.026,-10.806,-54.443,130.321,41.771,16.004,-0.838,-9.762,-49.725,-192.244,18.412,0,0
3.873,42.491,0,18.657,269.166,28.942,5,15,10,1,0,8.019,-3.377,-19.8,92.473,-85.908,-15.527,11.278,1.164,-9.336,125.023,-82.26,64.595,5.389,12.89,-5.494,-122.382,187.023,15.481,15.805,4.8,-5.188,-70.473,-217.328,21.817,0,0
4.266,42.332,0,21.77,311.303,-15.816,5,15,10,1,0,10.612,0.455,-16.138,76.504,-67.053,-1.832,16.348,4.589,-7.985,93.756,-82.794,41.527,11.51,5.116,-6.052,-69.817,122.137,4.397,20.025,2.364,-1.291,-94.122,-221.603,20.733,0,0
4.619,41.761,0,25.157,338.7,-57.14,5,15,10,1,0,10.291,2.266,-16.083,48.244,-40.611,14,16.039,5.791,-8.938,47.038,-95.344,27.206,11.525,18.102,-3.976,432.733,345.878,-41.282,22.403,-0.546,-0.283,-98.29,-219.13,21.374,0,0
4.932,40.626,0,28.665,350.854,-113.514,5,15,10,1,0,13.276,-0.496,-14.674,12.519,-13.298,25.588,13.058,5.156,-11.721,11.145,-122.321,20.29,10.442,6.862,-7.681,-91.756,164.321,-2.672,23.498,0.172,-1.938,-113.634,-189.802,20.748,0,0
5.204,38.847,0,32.228,356.312,-177.91,5,15,10,1,0,14.179,7.209,-18.866,-48.595,9.176,31.725,15.429,3.722,-11.261,-22.412,-155.908,11.008,9.127,7.908,-7.963,-108.275,186.901,1.756,17.702,3.478,-5.81,-116.336,-172.076,27.725,0,0
5.437,36.759,0,35.953,372.449,-208.821,5,15,10,1,0,9.029,-0.057,-14.248,-83.664,23.802,36.809,14.54,7.762,-12.421,-40.87,-160.611,3.908,6.926,9.132,-10.397,-121.985,194.733,-8.733,15.68,0.261,-14.37,-115.603,-171.588,30.947,0,0
5.629,34.32,0,39.875,392.19,-243.897,5,15,10,1,0,10.622,5.698,-17.567,-123.496,39.008,45.466,11.003,3.842,-11.977,-82.092,-171.466,-2.092,7.068,9.682,-15.16,-277.496,-113.847,-66.687,10.43,6.105,-16.808,-124.351,-190.687,29.13,0,0
5.782,31.526,0,44.152,427.735,-279.408,5,15,10,1,0,7.604,6.996,-15.029,-148.748,44.901,49.374,9.204,2.52,-9.669,-84.198,-186.214,-7.939,5.868,9.185,-15.996,-154.29,464.29,-136.489,11.582,1.142,-21.498,-141.221,-208.427,29.42,0,0
5.894,28.563,0,48.653,450.063,-296.277,5,15,10,1,0,0.934,0,-13.352,-174.382,48.458,53.496,4.44,2.855,-9.685,-83.069,-192.55,-4.901,5.037,5.38,-29.195,-312.427,478.214,-104.061,16.914,0.738,-18.684,-150.718,-204.534,26.26,0,0
5.966,25.399,0,53.373,472.07,-316.338,5,15,10,1,0,8.114,-3.559,-15.062,-176.748,50.779,48.061,7.875,4.038,-8.663,-92.748,-184.458,-9.863,1.667,2.485,-43.618,-172.794,53.237,444.092,12.955,8.316,-13.441,-175.053,-200.763,35.496,0,0
5.998,22.407,0,58.112,473.866,-299.229,5,15,10,1,0,6.392,-4.206,-15.11,-164.351,20.534,43.725,9.523,-0.532,-8.426,-98.443,-182.305,-9.603,8.062,-0.599,-20.188,-127.359,251.954,-337.099,14.097,-0.936,-19.522,-164.519,-178.84,25.206,0,0
5.99,19.891,0,62.869,475.709,-251.61,5,15,10,1,0,7.231,-2.429,-17.601,-130.809,16.916,36.977,12.526,0.786,-8.069,-113.359,-168.931,-7.557,21.531,-5.741,-22.207,-93.832,-460.931,-160.947,11.977,3.648,-22.324,-150.641,-166.855,17.527,0,0
5.942,17.852,0,67.461,459.229,-203.911,5,15,10,1,0,4.038,-9.693,-17.726,-77.252,8.107,38.611,13.249,-3.573,-7.295,-111.786,-154.015,2.366,15.335,-0.812,-17.11,-61.924,258.092,-60.489,2.738,0.362,-20.94,-133.435,-152.397,-0.29,0,0
5.854,16.138,0,71.398,393.643,-171.376,5,15,10,1,0,6.981,-8.011,-14.499,-55.466,8.076,36.107,12.234,-4.457,-10.284,-108.26,-144.29,20.198,8.627,1.327,-17.544,-30.733,241.069,-56.641,13.419,-2.807,-13.132,-106.321,-94.366,-5.908,0,0
5.726,14.632,0,74.467,306.931,-150.593,5,15,10,1,0,4.038,-6.155,-16.554,-34.137,12.137,35.359,11.11,-6.407,-10.236,-96.687,-146.458,28.931,6.079,3.87,-15.984,-6.977,212.779,-75.42,10.852,-8.478,-12.746,-49.603,-39.878,-7.695,0,0
5.557,13.168,0,76.701,223.412,-146.427,5,15,10,1,0,6.79,-7.281,-12.904,-36.351,6.534,28.229,11.11,-4.546,-9.817,-82.092,-145.817,37.588,7.207,5.093,-17.182,-7.908,382.153,-29.374,9.978,-7.175,-10.152,-2.595,24.046,-5.206,0,0
5.349,11.878,0,78.125,142.376,-128.941,5,15,10,1,0,11.831,-6.938,-12.504,-34.687,12.672,24.55,9.717,-4.967,-7.779,-78.794,-141.664,38.076,5.001,3.949,-14.322,-13.069,173.527,10.305,10.89,-6.72,-10.806,55.695,68.137,-0.031,0,0
5.1,10.512,0,78.975,84.961,-136.62,5,15,10,1,0,6.194,-4.991,-12.66,-34.641,10.779,23.389,8.117,-3.437,-8.402,-77.832,-139.023,34.122,3.049,3.959,-14.133,-18.214,161.649,28.977,5.796,-6.907,-15.697,102.183,103.435,0.046,0,0
4.811,9.278,0,79.561,58.605,-123.413,5,15,10,1,0,6.677,-5.741,-13.012,-47.847,6.595,17.405,12.394,-1.708,-7.513,-80.076,-129.191,23.389,1.909,2.603,-15.771,-14.626,155.802,12.977,4.826,0.105,-14.31,127.771,118.58,-2.473,0,0
4.483,8.081,0,79.935,37.411,-119.671,5,15,10,1,0,7.161,-7.892,-12.435,-31.634,11.786,17.618,8.706,-3.48,-9.475,-83.939,-125.71,19.176,1.083,1.839,-14.995,0.824,146.046,84.885,4.572,1.806,-15.426,124.489,134.061,-11.847,0,0
4.114,6.88,0,80.012,7.668,-120.186,5,15,10,1,0,5.252,-2.39,-13.92,-23.176,7.863,15.16,9.42,-1.6,-9.113,-78.931,-123.924,18.901,1.758,1.629,-15.604,19.344,140.031,143.511,10.517,1.53,-15.582,97.298,161.527,-18.916,0,0
3.705,5.792,0,79.993,-1.831,-108.719,5,15,10,1,0,7.077,-5.2,-12.998,-27.282,5.282,11.252,9.319,-1.677,-10.057,-79.389,-120,14.779,-0.814,0.163,-17.132,19.481,292.55,73.649,5.42,1.935,-13.551,91.603,161.71,-15.527,0,0
3.256,4.793,0,79.989,-0.378,-99.964,5,15,10,1,0,6.299,-5.616,-12.818,-10.366,4.672,11.466,8.107,-2.139,-10.624,-68.718,-115.786,12.015,-0.022,1.387,-16.619,55.939,274.26,110.046,-1.506,-7.681,-21.134,84.366,171.511,-7.939,0,0
2.767,3.862,0,79.861,-12.817,-93.075,5,15,10,1,0,4.131,-3.334,-13.644,-4.962,-0.641,11.038,10.988,-1.475,-9.285,-62.519,-109.328,7.939,0.879,5.204,-15.946,55.374,138.885,16.962,8.119,4.158,-10.624,39.939,194.107,3.481,0,0
2.237,3.086,0,79.473,-38.796,-77.614,5,15,10,1,0,7.647,-4.258,-14.085,-1.145,-1.679,6.656,11.393,-3.648,-9.98,-55.588,-104.305,6.168,-0.017,7.822,-16.607,54.229,259.908,25.221,8.244,-0.616,-13.558,31.466,209.954,5.802,0,0
1.668,2.489,0,78.872,-60.116,-59.692,5,15,10,1,0,7.652,-7.084,-11.793,9.634,-13.344,4.641,11.961,-1.078,-10.421,-47.802,-90.779,8.366,1.456,7.525,-15.934,37.985,130.29,4.458,8.301,0.886,-14.811,2.443,228.321,14.641,0,0
1.059,2.155,0,77.917,-95.501,-33.348,5,15,10,1,0,3.662,-6.011,-12.833,18.214,-19.389,3.237,13.309,-2.371,-8.701,-38.641,-77.771,8.504,0.68,7.986,-20.971,42.015,239.298,0.153,5.319,-0.869,-17.065,-16.702,241.542,24.519,0,0
0.409,2.021,0,76.683,-123.413,-13.481,5,15,10,1,0,3.89,-5.71,-13.084,27.74,-25.771,1.023,13.206,-2.644,-8.294,-23.069,-66.443,12.168,-0.627,7.263,-24.41,-2.718,223.802,-12.824,7.652,-0.534,-17.366,-33.71,257.176,37.053,0,0
0,2.068,0,75.218,-146.53,4.738,5,15,10,1,0,6.658,-4.917,-11.142,38.916,-25.374,0.916,8.761,-4.38,-10.773,-6.824,-64.534,11.191,-1.214,7.659,-16.605,-17.466,204.931,-25.588,8.847,1.344,-15.824,-43.725,264.153,47.511,0,0
0,2.057,0,73.53,-168.789,-1.076,5,15,10,1,0,5.863,-3.394,-11.233,36.366,-29.282,0.458,7.604,-4.004,-9.547,17.847,-69.511,8.748,-1.95,12.352,-37.458,-306.443,-210.824,-85.74,7.983,1.72,-15.053,-50.885,271.695,52.672,0,0
0,2.024,0,71.662,-186.814,-3.296,5,15,10,1,0,5.734,-1.609,-11.405,20.641,-32.153,-0.107,7.837,-2.515,-8.979,31.74,-76.763,1.893,-2.879,8.918,18.394,-405.374,-311.588,-150.718,6.526,-0.141,-15.996,-40.489,275.832,61.695,0,0
0,1.86,0,69.611,-205.044,-16.48,5,15,10,1,0,9.468,-6.67,-8.89,26.733,-31.496,-1.084,8.007,-2.817,-8.272,38.321,-80.198,-1.45,-5.7,6.908,-23.792,-140.214,299.16,-46.779,7.223,-0.151,-14.969,-34.244,286.641,64.183,0,0
0,1.266,0,67.48,-213.112,-59.384,5,15,10,1,0,7.925,-2.088,-12.548,24.84,-22.321,3.664,6.184,-1.36,-10.952,44.672,-98.046,-5.13,-2.582,2.092,-28.759,299.603,-464.626,-112.122,6.225,-0.448,-16.322,-6.244,279.496,63.328,0,0
0,0.347,0,65.246,-223.389,-91.873,5,15,10,1,0,8.411,-1.875,-12.315,10.885,-15.679,3.053,6.649,0.905,-11.204,44.015,-115.282,-7.939,-1.729,4.278,-14.478,-112.855,112.748,-2.992,7.305,-0.826,-17.587,2.107,279.053,61.466,0,0
0,-0.726,0,62.997,-224.877,-107.3,5,15,10,1,0,6.301,-0.493,-12.926,-6.58,-15.863,4.198,8.998,2.127,-9.951,33.435,-122.55,-8.366,-3.863,3.935,-15.419,-122.992,100.351,-2.443,9.216,1.868,-16.372,6.489,280.214,56.183,0,0
0,-1.917,0,60.701,-229.66,-119.053,5,15,10,1,0,7.322,-2.687,-11.41,-18.366,-14.244,4.168,9.978,2.429,-10.279,12.58,-123.908,-7.298,-1.95,6.583,-13.431,-204.427,91.359,23.695,5.382,2.658,-18.224,8.809,268.015,51.771,0,0
0,-3.14,0,58.383,-231.766,-122.315,5,15,10,1,0,6.342,-2.084,-13.153,-22.718,-10.977,6.015,10.859,2.067,-10.394,-7.588,-124.748,-6.244,-1.106,1.183,-11.681,-84.351,43.634,16.855,8.177,1.602,-18.688,2.702,266.305,47.71,0,0
0,-4.359,0,55.984,-239.88,-121.926,5,15,10,1,0,7.362,-2.726,-11.64,-35.099,-13.191,6.092,10.993,1.298,-10.1,-24.519,-122.382,-1.802,-2.795,2.852,-12.258,-55.115,70.107,33.466,7.633,2.007,-21.198,-6.809,265.679,41.282,0,0
0,-5.462,0,53.56,-242.421,-110.253,5,15,10,0,0,6.244,-4.663,-10.454,-41.13,-21.069,5.939,11.599,0.695,-9.714,-38.794,-112.885,0.305,-3.049,1.601,-11.889,-64.214,53.71,36.153,7.24,2.615,-20.822,-14.321,250.336,34.29,0,0
0,-6.45,0,51.155,-240.567,-98.854,5,15,10,0,0,5.695,-4.922,-10.857,-40.26,-27.511,3.634,13.369,-1.068,-8.593,-44.198,-106.244,4.992,-2.611,0.999,-9.034,-7.771,13.313,28.763,7.331,-0.707,-21.524,-2.397,224.931,29.557,0,0
0,-7.264,0,48.894,-226.01,-81.356,5,15,10,0,0,5.104,-5.331,-10.77,-41.191,-36.718,1.008,14.698,-0.141,-8.256,-48.198,-96.458,8.809,-1.656,-1.293,0.182,125.313,15.634,-473.405,5.738,-0.139,-21.402,13.74,200.977,25.435,0,0
0,-7.849,0,46.818,-207.631,-58.548,5,15,10,0,0,8.636,-6.795,-8.926,-35.573,-44.473,-2.214,13.834,-4.028,-7.25,-53.405,-84.397,17.069,-2.057,0.774,-6.787,45.13,-8.076,6.656,6.474,0.319,-19.91,40.656,171.863,19.954,0,0
0,-8.043,0,44.951,-186.757,-19.398,5,15,10,0,0,2.85,-6.752,-10.557,-32.336,-68.55,-5.71,16.075,-2.227,-5.243,-45.634,-68.656,25.725,-1.317,5.135,-1.614,131.863,-69.252,131.115,4.452,1.267,-20.008,67.344,143.298,12.641,0,0
0,-7.926,0,43.277,-167.324,11.707,5,15,10,0,0,6.263,-7.925,-9.69,-19.221,-77.969,-6.565,13.678,-4.924,-6.61,-38.809,-56.992,22.382,-2.984,3.746,-4.766,153.023,-219.847,397.191,8.26,0.251,-22.69,89.42,119.679,4.015,0,0
0,-7.805,0,41.933,-134.468,12.051,5,15,10,0,0,6.61,-6.354,-13.431,5.954,-72.137,-3.191,9.796,-5.394,-10.639,-18.931,-62.931,14.168,-1.396,4.539,-6.253,77.45,-59.786,85.252,4.242,3.645,-21.953,104.061,73.557,-3.13,0,0
0,-7.453,0,40.904,-102.837,35.202,5,15,10,0,0,9.92,-3.092,-11.36,0.244,-89.74,-7.924,12.593,-3.497,-10.406,-11.42,-47.389,11.374,-0.987,3.765,-7.298,64.87,-151.756,59.359,4.249,5.274,-22.82,104.366,35.344,-14.168,0,0
0,-6.879,0,40.26,-64.465,57.472,5,15,10,0,0,5.614,-3.391,-13.553,5.863,-101.939,-14,14.377,-2.218,-10.354,-9.496,-35.328,10.412,-1.736,6.459,-7.195,76.183,-54.779,21.618,4.716,7.559,-20.774,86.183,-1.542,-20.931,0,0
0,-6.044,0,39.871,-38.818,83.462,5,15,10,0,0,9.171,-2.072,-14.835,11.771,-106.901,-17.45,14.032,-1.277,-12.782,-13.496,-27.634,12.061,5.185,8.119,-5.724,71.74,-45.863,69.985,11.24,-3.264,-23.948,94.519,-14.443,-6.977,0,0
0,-5.055,0,39.933,6.168,98.877,5,15,10,0,0,10.179,-3.854,-13.415,19.023,-111.832,-19.679,14.214,-1.425,-11.846,-15.389,-21.939,14.519,2.381,3.372,-7.31,296.168,489.527,41.771,13.927,7.899,-18.094,71.405,-44.046,4.427,0,0
0,-4.033,0,40.211,27.832,102.219,5,15,10,0,0,10.265,-2.237,-14.212,16.947,-112.763,-21.176,13.165,0.098,-12.023,-19.511,-24.443,15.023,1.329,8.925,-10.682,8.534,-187.374,-54.473,7.233,7.341,-25.155,39.099,-87.481,6.687,0,0
0,-3.022,0,40.849,63.767,101.097,5,15,10,0,0,10.72,-2.862,-11.542,6.198,-110.244,-22.641,11.884,0.237,-11.951,-25.618,-26.366,13.389,0.165,9.484,-9.678,-10,-203.74,-70.962,5.051,7.633,-16.576,-27.771,-135.527,6.046,0,0
0,-2.103,0,41.669,82.031,91.908,5,15,10,0,0,9.151,-2.17,-11.415,-11.115,-111.069,-23.939,12.612,0.278,-9.82,-32.458,-25.42,7.542,-1.044,4.315,-15.941,-253.573,-461.695,-287.878,14.059,8.605,-1.181,-86.336,-126.962,3.405,0,0
0,-1.316,0,42.303,63.378,78.736,5,15,10,0,0,9.384,-1.217,-12.286,-22.473,-104.076,-25.832,11.252,0.211,-10.203,-41.527,-29.649,0.382,4.043,23.084,-18.882,-138.885,-275.069,-223.511,13.185,-4.026,-4.333,-106.504,-80.672,3.267,0,0
0,-0.624,0,42.654,35.122,69.214,5,15,10,0,1,8.648,-0.117,-13.391,-34.046,-101.435,-27.176,13.125,-0.22,-10.715,-48.427,-29.038,-8.061,3.094,20.388,-17.943,-235.435,-126.55,-131.969,14.38,-3.502,-1.993,-101.649,-55.542,1.13,0,1
0,0.068,0,42.816,16.113,69.157,15,5,10,0,1,11.618,-1.26,-11.374,-44.321,-101.42,-32.275,16.382,-0.328,-9.666,-54.611,-22.779,-10.702,5.295,6.562,-10.392,-144.046,-206.366,-304.122,6.184,6.57,-1.55,-97.298,-54.962,0.58,0,0
0,0.746,0.67,42.837,2.186,67.783,15,5,10,0,1,11.156,-3.351,-10.09,-49.511,-102.824,-35.74,16.48,-0.915,-10.162,-59.634,-18.611,-13.786,4.638,-1.063,8.584,-230.855,199.298,-292.885,14.008,-4.699,-17.862,-67.42,-73.374,-5.496,0,0
0,1.486,1.3,43.375,53.799,74.009,15,5,10,0,1,12.279,-3.267,-9.312,-48.382,-99.221,-35.939,15.098,-0.551,-10.124,-53.16,-13.023,-15.023,1.887,-4.091,1.964,-259.13,-93.573,-141.893,5.003,-4.031,-20.394,-18.885,-117.71,-14.794,0,0
0,2.236,1.891,44.394,101.864,75.039,15,5,10,0,1,13.3,-1.59,-9.482,-47.038,-97.817,-34.656,15.697,-0.424,-9.408,-44.977,-6.305,-16.748,0.127,-1.772,-2.984,-138.122,-249.908,479.389,8.998,5.796,-15.735,-22.962,-131.588,-22.29,0,0
0,3.181,2.442,45.489,109.52,94.46,15,5,10,0,1,9.944,-2.287,-7.563,-52.351,-108.626,-37.267,17.474,0.594,-8.138,-36.87,9.145,-17.405,0.304,1.238,-9.513,-10.702,-76.107,-134.321,12.102,2.601,-11.846,-53.344,-109.191,-23.221,0,0
0,4.364,2.953,46.232,74.318,118.332,15,5,10,0,1,10.754,-4.361,-7.762,-54.321,-113.649,-40.122,18.688,-0.089,-4.97,-40.977,28.84,-14.366,4.119,3.145,-12.641,34.244,-184.137,-124.824,10.346,-6.673,-14.38,-40.534,-78.076,-13.802,0,0
0,5.869,3.424,46.294,6.203,150.456,15,5,10,0,1,11.027,-4.254,-6.395,-42.504,-119.099,-36.718,16.468,-2.338,-4.167,-36.977,48.473,-10.473,6.392,6.046,-16.023,64.534,-434.092,-203.481,8.723,14.114,3.47,-52.565,-64.321,-9.053,0,0
0,7.679,3.857,45.555,-73.986,180.977,15,5,10,0,1,6.16,-4.261,-7.42,-32.672,-131.664,-38.519,20.932,-2.546,-2.958,-40.198,78.061,-17.344,3.844,4.699,-15.374,31.969,-135.634,-33.878,20.063,-6.052,-17.203,4.733,-15.756,-13.099,0,0
0,9.857,4.249,44.43,-112.45,217.862,15,5,10,0,1,13.905,-8.926,-3.456,-19.908,-128.916,-38.153,15.41,1.447,-5.655,-27.771,92.962,-7.771,3.118,8.003,-14.59,63.481,-181.023,-112.366,18.94,3.231,-8.886,32.198,-11.481,-14.321,0,0
0,12.315,4.602,42.76,-166.958,245.739,15,5,10,0,1,11.122,-4.136,-12.447,-28.29,-142.519,-36.321,15.508,1.698,-1.629,-27.511,121.328,-18.962,1.178,4.151,-16.511,6.733,344.992,-248.672,13.096,1.006,-11.099,60.504,13.618,-15.695,0,0
0,15.303,4.915,40.486,-227.417,298.84,15,5,10,0,1,7.472,-6.411,-12.385,-25.573,-168.046,-37.13,18.722,-0.496,-1.109,-32.275,155.496,-21.725,5.346,5.777,-11.285,6.244,297.16,50.076,12.524,2.491,-9.966,64.962,30.84,-9.847,0,0
0,18.705,5.188,37.601,-288.563,340.234,15,5,10,0,1,11.968,-6.637,-15.889,-17.145,-175.023,-30.458,16.344,-4.517,-5.415,-27.542,178.397,-23.069,2.347,5.844,-15.247,32.611,-197.557,50.779,7.616,-5.504,-17.939,85.908,59.527,-7.649,0,0
0,22.579,5.422,34.272,-332.852,387.395,15,5,10,0,1,6.838,-7.954,-20.327,12.26,-197.679,-26.504,16.717,-6.294,-8.09,-12.351,201.603,-17.389,3.121,5.334,-12.488,30.489,201.634,158.29,18.466,0.541,-6.807,90.489,67.496,5.13,0,0
0,26.868,5.616,30.668,-360.432,428.834,15,5,10,0,1,8.835,-11.149,-18.913,47.282,-226.641,-34.58,17.733,-6.366,-8.011,12.412,223.939,-2.443,-0.587,5.37,-14.487,41.74,-208.214,19.221,13.889,-2.536,-4.74,106.366,61.832,-9.038,0,0
0,31.657,5.771,26.834,-383.401,478.982,15,5,10,0,1,7.575,-6.876,-18.422,77.939,-246.336,-36.992,14.789,-7.46,-11.216,35.557,232.473,17.725,-1.004,4.069,-14.667,29.802,-220.092,20.122,7.547,-5.142,-16.674,131.969,50.809,-13.481,0,0
0,36.686,5.886,23.385,-344.926,502.82,15,5,10,0,1,9.772,-4.095,-21.332,103.618,-236.992,-40.076,11.455,-5.911,-14.243,67.344,238.992,47.817,5.185,1.502,-11.463,31.954,-412.763,93.985,6.467,-0.8,-16.413,154.168,14.794,-8.611,0,0
0,41.886,5.961,20.751,-263.363,520.021,15,5,10,0,1,9.456,-3.705,-23.172,118.565,-247.313,-42.977,11.369,-5.336,-16.071,87.71,243.466,66.611,8.27,2.915,-13.062,45.802,-180.29,16.87,8.466,6.162,-15.089,112.321,7.053,-10.382,0,0
0,47.199,5.997,18.839,-191.174,531.373,15,5,10,0,1,10.378,-11.075,-19.776,143.405,-241.313,-44.443,14.193,1.856,-12.54,96,249.42,94.427,9.753,4.795,-11.3,52.076,-302.412,11.878,10.445,10.083,-11.666,41.191,0.55,-15.664,0,0
0,52.484,5.993,17.342,-149.7,528.478,15,5,10,0,1,15.769,-12.397,-18.233,194.672,-210.031,-29.435,14.887,-1.078,-16.078,76.626,255.405,105.985,5.094,8.069,-15.407,58.26,-140.931,-8.916,11.448,5.446,-9.412,-4.565,7.237,-19.298,0,0
0,57.329,5.949,16.019,-132.283,484.464,15,5,10,0,1,9.882,-7.688,-12.895,204.214,-190.504,-31.786,21.826,5.59,-14.382,68.977,271.481,128.366,3.449,8.205,-15.52,45.099,-136.092,-16.687,10.495,2.251,-9.511,-13.817,8.779,-18.534,0,0
0,61.449,5.866,14.672,-134.743,412.034,15,5,10,0,1,11.657,0.225,-13.656,185.74,-136.366,-24.824,16.849,2.16,-11.906,74.321,272.824,114.275,1.609,8.541,-15.434,31.939,-143.252,-17.389,9.958,-0.52,-9.12,-3.817,13.008,-17.267,0,0
0,65.038,5.743,13.152,-152.001,358.876,15,5,10,0,1,9.784,4.143,-12.375,141.206,-87.924,-23.145,17.141,2.122,-9.729,51.374,263.084,101.252,3.652,5.233,-12.971,19.679,375.313,-216.427,7.528,-2.738,-11.29,35.649,11.74,-12.351,0,0
0,68.139,5.581,11.662,-149.025,310.124,15,5,10,0,1,9.446,4.028,-13.941,81.069,-50.489,-18.305,16.768,2.606,-9.415,41.389,257.008,73.191,0.594,5.779,-13.779,30.58,394.855,-151.939,10.215,1.593,-8.162,47.557,15.771,-8.87,0,0
0,70.842,5.379,9.981,-168.034,270.264,15,5,10,0,1,7.314,6.867,-18.585,35.313,-8.107,-5.588,14.368,-0.017,-9.293,30.992,241.252,39.771,3.166,5.923,-13.225,49.878,-304.718,-19.969,9.63,-2.943,-11.039,69.267,19.252,-7.038,0,0
0,72.941,5.137,8.417,-156.384,209.896,15,5,10,0,1,4.927,4.155,-16.413,32.351,-8.534,-3.374,12.998,-0.436,-11.446,37.115,221.206,18.214,1.856,5.591,-16.947,114.366,435.405,-120.183,10.404,2.136,-7.437,75.45,15.374,0.84,0,0
0,74.629,4.855,6.901,-151.612,168.846,15,5,10,0,1,4.771,0.589,-16.432,-19.206,56.733,17.481,14.188,-2.026,-9.187,39.664,211.832,-4.336,3.463,6.117,-13.003,72.595,-264.595,-15.176,9.391,2.285,-9.408,70.87,11.588,0.779,0,0
0,75.856,4.534,5.642,-125.977,122.681,15,5,10,0,1,3.444,1.226,-18.281,-40.962,86.641,19.13,12.696,-1.178,-10.794,40.656,203.084,-20.611,4.994,5.849,-13.199,69.359,-240.198,-19.817,9.755,4.977,-9.075,55.802,7.679,-0.168,0,0
0,76.767,4.174,4.561,-108.032,91.118,15,5,10,0,1,1.164,0.623,-18.037,-57.45,110,21.328,11.024,0.153,-11.187,43.603,192.931,-32.305,5.679,6.895,-11.858,71.221,-438.427,-26.015,8.989,4.768,-8.823,25.221,5.924,-5.557,0,0
0,77.357,3.773,3.664,-89.745,58.972,15,5,10,0,1,1.753,0.738,-16.703,-68.031,131.924,23.084,10.873,-1.044,-11.396,41.557,185.634,-39.649,4.009,11.27,-27.725,-361.053,197.481,-106.015,9.456,3.518,-8.258,7.16,8.351,-4.382,0,0
0,77.635,3.333,2.891,-77.271,27.844,15,5,10,0,1,4.462,0.474,-16.341,-72.611,154.504,24.748,9.08,-1.19,-11.702,39.74,173.038,-44.489,5.077,9.909,-22.619,-444.244,-435.313,-20.031,8.464,0.069,-10.349,6.58,1.45,-6.397,0,0
0,77.719,2.854,2.356,-53.49,8.4,15,5,10,0,1,-0.824,0.074,-18.111,-79.115,168.183,23.618,11.4,-1.111,-11.082,29.481,166.916,-47.771,2.263,7.317,-13.522,54.962,-82.885,4.824,7.573,1.562,-8.888,3.832,-9.237,-5.725,0,0
0,77.65,2.335,1.961,-39.482,-6.958,15,5,10,0,1,0.838,-1.059,-18.003,-67.069,183.649,14.87,12.758,0.309,-10.346,12.733,168.382,-41.038,3.83,7.357,-14.54,38.885,-145.053,-6.748,9.175,0.654,-8.464,3.939,-16.122,-5.664,0,0
0,77.349,1.776,1.738,-22.362,-30.041,15,5,10,0,1,1.842,2.881,-20.992,-38.198,215.084,12.885,10.44,-1.602,-11.63,13.344,164.947,-39.908,1.835,9.8,-15.275,15.435,-271.893,-19.481,10.936,3.145,-6.031,-6.336,-19.786,-4.046,0,0
0,76.775,1.177,1.621,-11.707,-57.427,15,5,10,0,1,0.34,-1.624,-18.82,-4.977,231.298,2.153,9.841,-1.763,-12.552,16.885,160.137,-21.191,8.057,6.318,-10.639,9.221,-55.069,-2.611,7.623,1.89,-8.517,-3.985,-40.626,-5.542,0,0
0,75.966,0.539,1.72,9.888,-80.944,15,5,10,0,1,1.272,-1.439,-18.432,21.237,252.611,-8.58,8.471,-2.045,-13.173,30.443,154.137,-8.183,2.167,10.703,-14.588,-0.122,-57.176,-6.534,11.163,4.699,-6.502,-19.786,-34.947,-4.489,0,0
0,74.918,0,1.715,-0.423,-104.759,15,5,10,0,1,2.745,-2.917,-18.739,42.031,264.641,-18.916,7.405,-2.96,-12.502,42.015,145.252,3.878,3.451,8.042,-13.194,-20,-59.298,-4.504,9.24,2.069,-9.412,-28.397,-37.481,-6.473,0,0
0,73.717,0,1.69,-2.563,-120.083,15,5,10,0,1,2.922,-2.338,-19.591,57.74,275.069,-25.893,6.189,-2.577,-12.835,55.435,133.099,10.87,2.694,7.58,-12.751,-28.885,-56.351,-2.794,9.803,1.72,-7.87,-27.878,-46.031,-5.542,0,0
0,72.318,0,1.687,-0.309,-139.927,15,5,10,0,1,1.054,-1.748,-20.027,61.908,280.885,-31.786,6.28,-2.941,-12.042,71.481,121.496,10.168,1.684,6.961,-17.402,-67.679,-126.336,-6.137,10.03,1.097,-8.438,-27.313,-43.878,-4.733,0,0
0,70.82,0,1.661,-2.586,-149.758,15,5,10,0,1,2.036,-1.729,-20.145,62.473,287.74,-39.16,4.392,-2.175,-13.573,84.382,106.29,9.16,2.175,5.956,-13.441,-30.504,-62.214,-4.321,11.225,0.17,-7.745,-14.107,-49.939,-3.282,0,0
0,69.092,0,1.639,-2.197,-172.898,15,5,10,0,1,3.81,-2.191,-19.069,57.893,293.389,-45.573,3.02,-1.784,-13.886,99.328,90.092,6.84,3.449,5.686,-13.415,-23.145,-59.74,-7.817,9.547,1.231,-7.31,-8.641,-56.977,-0.565,0,0
0,67.228,0,1.639,-0,-186.356,15,5,10,0,1,3.921,-1.65,-19.551,38.244,297.847,-50.229,3.573,-3.286,-12.821,118.015,78.046,-3.573,4.028,4.638,-16.09,-25.237,-118.183,-9.496,10.402,1.015,-7.942,-6.321,-55.298,-0.84,0,0
0,65.159,0,1.639,-0,-206.887,15,5,10,0,1,4.982,-0.752,-20.667,19.053,299.13,-50.855,1.916,-2.225,-12.931,133.13,59.679,-12.504,3.775,3.916,-12.878,2,-57.649,-5.908,10.493,0.8,-8.05,-2.473,-56.046,-0.26,0,0
0,62.958,0,1.639,-0,-220.15,15,5,10,0,0,4.378,-0.982,-22.762,0.962,297.023,-45.969,3.284,-0.709,-12.468,138.992,48.733,-28.489,3.602,3.731,-12.852,14.992,-57.863,-7.817,10.141,0.235,-8.44,5.725,-57.374,-0.489,0,0
0,60.589,0,1.642,0.332,-236.905,15,5,10,0,0,-2.235,-0.91,-25.852,-7.221,284.366,-42.214,6.275,0.436,-8.818,131.542,39.786,-46.412,3.245,4.019,-12.603,22,-118.611,-21.374,9.975,-0.565,-8.081,17.893,-60.26,0.595,0,0
0,58.2,0,1.657,1.488,-238.816,15,5,10,0,0,5.523,-6.026,-22.734,0.321,281.893,-38.443,4.934,3.212,-8.517,100.076,27.939,-48.87,3.394,4.028,-12.406,37.588,-62.061,-12.595,10.2,-0.522,-8.05,29.115,-61.603,2.885,0,0
0,55.755,0,1.664,0.744,-244.561,15,5,10,0,0,4.749,-3.844,-25.375,-3.145,273.313,-30.397,3.703,2.771,-9.029,69.435,17.924,-53.374,4.004,7.608,-14.696,97.603,-251.374,-54.84,9.477,-0.802,-9.008,41.038,-66.26,4.061,0,0
0,53.282,0,1.668,0.355,-247.25,15,5,10,0,0,-1.051,-0.999,-28.216,-9.802,254.046,-23.511,5.121,4.263,-7.456,46.885,3.328,-53.954,4.306,7.514,-18.212,-497.237,50.794,-312.183,8.763,1.954,-7.422,43.527,-78.763,2.779,0,0
0,50.799,0,1.705,3.674,-248.28,15,5,10,0,0,4.388,-5.006,-24.793,-12.809,237.313,-15.053,3.679,4.218,-7.164,26.672,-10.87,-42.366,6.155,8.348,-17.11,315.282,-243.008,-107.603,13.297,-0.989,-7.47,48.168,-72.779,3.557,0,0
0,48.489,0,1.72,1.488,-231.045,15,5,10,0,0,0.575,-3.777,-27.167,-26.656,207.374,-6.733,5.935,3.243,-4.689,13.252,-22.153,-35.863,5.59,10.721,-15.774,163.527,-242.763,-64.611,12.14,-1.305,-8.344,60.702,-69.115,10.794,0,0
0,46.273,0,1.782,6.237,-221.581,15,5,10,0,0,1.494,-5.71,-26.954,-31.695,181.176,4.214,4.807,3.348,-4.586,-0.046,-33.298,-29.664,6.732,4.273,-13.276,87.374,-52.931,-12.611,8.804,-0.927,-11.882,75.847,-73.679,16.443,0,0
0,44.317,0,2.158,37.64,-195.603,15,5,10,0,0,0.139,-4.934,-27.023,-47.298,142.153,13.603,3.844,3.667,-4.766,-8.931,-44.107,-19.878,6.126,6.821,-14.083,79.282,-136.626,-3.725,8.883,4.845,-8.584,69.496,-92.015,16.519,0,0
0,42.556,0,2.792,63.389,-176.125,15,5,10,0,0,0.429,-5.18,-26,-64.58,104.58,22.779,4.51,2.776,-2.23,-16.962,-54.947,-14.046,5.164,8.786,-19.395,173.359,-47.191,-8.183,11.702,4.577,-10.078,52.489,-98.031,11.527,0,0
0,41.058,0,3.584,79.125,-149.769,15,5,10,0,0,0.17,-6.112,-25.366,-76.321,66.473,32,6.541,1.142,-1.26,-27.481,-64.733,-12.229,4.843,7.312,-16.411,79.695,-20.504,-4.565,11.896,2.167,-10.145,37.618,-105.725,11.374,0,0
0,39.857,0,4.499,91.53,-120.106,15,5,10,0,0,5.65,-3.528,-22.475,-84.153,40,24.855,12.294,2.237,-0.103,-51.16,-64.244,-8.611,5.075,7.681,-15.548,69.74,-19.603,-0.061,11.762,-0.477,-11.139,32.519,-107.832,14.107,0,0
0,38.88,0,5.491,99.232,-97.767,15,5,10,0,0,-13.187,-1.159,-37.599,-87.053,-27.389,25.267,7.93,0.46,-0.299,-32.244,-58.855,14.565,2.941,8.924,-14.916,60.626,-21.084,1.725,14.09,0.989,-7.381,26.198,-108.26,18,0,0
0,38.224,0,6.425,93.43,-65.529,15,5,10,0,0,1.554,-0.707,-37.731,-63.008,-33.359,14.473,12.504,1.071,1.087,-26.855,-68.702,-7.481,4.737,6.656,-13.901,55.099,-62.046,19.908,12.586,-0.077,-8.95,26.046,-114.534,22.198,0,0
0,38.253,0,7.26,83.485,2.861,15,5,10,0,0,3.686,-5.077,-30.915,-47.695,-112.931,-9.924,6.756,-4.967,-4.512,-21.176,-75.542,18.137,4.115,5.13,-14.751,50.489,-30.168,9.573,12.77,-1.509,-8.921,23.71,-106.534,25.924,0,0
0,38.671,0,8.066,80.578,41.771,15,5,10,1,0,6.11,-7.595,-12.387,-3.344,-130.458,-17.481,11.661,-4.244,-4.728,-0.427,-77.725,29.924,5.513,6.752,-11.721,44.183,-21.191,34.565,12.564,-2.012,-8.452,26.656,-113.374,29.878,1,0
0,39.169,0,8.85,78.346,49.839,5,5,10,1,0,12.66,-11.858,-1.339,37.527,-103.878,-20.321,13.973,-6.785,-6.819,29.466,-62.931,41.725,6.641,5.942,-12.521,36.641,-17.939,27.908,10.9,0.031,-9.07,22.901,-112.916,35.328,0,0
0.67,39.626,0,9.706,85.648,45.731,5,5,10,1,0,12.715,-12.368,-3.202,73.908,-78.382,-7.481,13.314,-5.803,-10.646,63.008,-43.008,65.527,7.748,6.68,-10.749,35.191,466.687,116.336,14.408,0.786,-7.537,17.16,-122.947,37.252,0,0
1.3,40.26,0,10.662,95.57,63.332,5,5,10,1,0,10.069,-4.771,-9.175,74.611,-78.397,-5.023,12.385,-1.341,-8.021,98.55,-20.046,90.183,1.384,16.28,-13.45,22.229,44.458,-456.305,13.046,0.457,-9.412,8.885,-133.832,38.809,0,0
1.891,41.253,0,11.874,121.228,99.312,5,15,10,1,0,4.74,-4.033,-16.847,69.359,-97.466,-6.794,8.646,0.563,-5.851,105.069,-10.794,109.008,10.117,8.107,-11.613,-13.191,1.527,128,16.178,0.86,-6.816,-2.565,-138.244,36.412,0,0
2.442,42.46,0,13.372,149.792,120.781,5,15,10,1,0,2.694,-3.901,-23.301,85.74,-114.626,-2.84,2.46,-1.205,-7.389,96.168,-31.802,114.229,9.135,10.26,-10.2,-36.641,67.389,25.527,16.492,4.833,-3.135,-31.145,-143.42,31.527,0,0
2.953,43.505,0,15.031,165.905,104.416,5,15,10,1,0,0.18,3.53,-26.781,88.305,-122.214,-6.824,4.347,-2.553,-6.684,92.87,-62.718,99.832,11.175,9.041,-8.042,-53.496,88.855,14.962,13.781,3.746,-3.882,-54.031,-152.107,27.893,0,0
3.424,44.109,0,16.884,185.303,60.459,5,15,10,1,0,10.842,-1.485,-19.175,90.198,-96.641,-13.435,8.272,0.517,-10.464,79.878,-85.344,68.214,12.004,11.563,-4.124,-133.252,137.344,19.847,19.048,-3.228,-4.38,-53.695,-155.664,20.336,0,0
3.857,44.032,0,19.136,225.197,-7.69,5,15,10,1,0,12.71,1.209,-19.78,87.603,-60.687,-2.214,14.844,1.892,-8.979,64.336,-94.504,37.893,9.776,4.388,-6.56,-76.305,90.595,19.237,18.597,-2.132,-2.843,-51.695,-159.069,21.679,0,0
4.249,43.208,0,21.747,261.097,-82.398,5,15,10,1,0,10.809,0.333,-15.275,67.313,-39.023,15.817,15.874,1.7,-11.288,34.183,-111.466,27.71,1.356,8.727,1.279,-140.641,236.702,28.702,16.051,3.815,-2.062,-52,-162.107,20.458,0,0
4.602,41.82,0,24.585,283.825,-138.851,5,15,10,1,0,12.047,6.014,-16.516,3.176,-14.885,26.29,15.62,5.561,-11.57,16.489,-133.435,23.496,10.255,5.968,-4.747,-59.71,152.153,15.435,21.335,3.212,-0.881,-55.679,-155.466,17.084,0,0
4.915,39.982,0,27.611,302.537,-183.815,5,15,10,1,0,9.717,3.499,-17.203,-49.069,11.847,37.557,12.514,4.596,-10.952,5.756,-153.344,12.885,9.798,6.661,-5.894,-53.939,178.015,20.443,18.779,0.726,-9.259,-51.771,-149.405,19.649,0,0
5.188,37.821,0,30.829,321.854,-216.088,5,15,10,1,0,7.149,9.508,-21.21,-120.092,18.366,45.42,13.929,4.194,-12.428,-31.206,-168.153,4.321,0.479,19.683,-11.18,-115.023,389.008,15.695,14.116,7.044,-13.221,-56.656,-167.588,22.809,0,0
5.422,35.214,0,34.396,356.724,-260.72,5,15,10,1,0,2.469,3.6,-17.608,-128.122,27.313,51.267,2.692,3.664,-14.995,-42.229,-178.122,2.962,8.045,4.959,-17.144,-153.985,407.908,0.275,11.525,11.326,-15.965,-79.252,-199.74,16.122,0,0
5.616,32.328,0,38.417,402.077,-288.609,5,15,10,1,0,4.143,2.862,-17.35,-144.687,56.992,50.702,12.025,7.458,-10.711,-69.267,-182.366,-9.099,1.365,17.842,-31.71,206.947,426.977,-297.282,13.187,10.936,-15.105,-112.916,-220.382,13.466,0,0
5.771,29.16,0,42.874,445.691,-316.773,5,15,10,1,0,11.513,1.437,-12.813,-169.878,58.565,54.809,8.05,5.394,-9.417,-93.099,-194.901,-13.405,10.241,4.962,-17.946,-110.611,230.061,-47.405,13.901,11.089,-14.21,-145.328,-217.573,10.122,0,0
5.886,25.956,0,47.55,467.629,-320.378,5,15,10,1,0,1.95,3.02,-15.443,-187.588,31.191,57.511,10.785,2.28,-7.353,-111.267,-197.466,-17.328,6.17,4.855,-18.822,-117.74,489.939,-152.397,13.271,-2.148,-19.943,-148.595,-210.443,5.511,0,0
5.961,22.781,0,52.439,488.881,-317.517,5,15,10,1,0,2.361,-0.477,-16.971,-180.626,28.977,53.863,8.27,0.182,-8.919,-129.374,-191.954,-16.076,7.535,4.868,-29.334,-237.008,71.069,225.344,15.216,1.629,-17.069,-152.702,-192.412,6.84,0,0
5.997,19.95,0,57.398,495.885,-283.104,5,15,10,1,0,10.857,-3.894,-17.005,-153.13,17.374,43.557,11.877,-0.117,-9.396,-129.908,-183.344,-10.748,6.76,-0.475,29.267,262.015,129.939,235.359,13.865,7.911,-18.921,-142.763,-188.519,-3.252,0,0
5.993,17.614,0,62.342,494.386,-233.62,5,15,10,1,0,3.317,-9.06,-17.244,-123.115,9.679,41.527,13.922,-2.637,-9.719,-127.954,-173.786,-3.023,7.722,2.088,-19.577,-69.618,-469.695,-373.313,11.75,5.837,-18.07,-164.046,-163.466,-16.244,0,0
5.949,15.584,0,66.93,458.852,-202.916,5,15,10,1,0,4.009,-8.327,-15.117,-102.046,10.84,40.076,10.859,-5.643,-11.8,-132.427,-164.29,14.855,0.441,6.051,-32.405,-77.771,-486.397,-181.221,18.899,-3.502,-13.609,-129.679,-127.695,-17.099,0,0
5.866,13.75,0,70.717,378.686,-183.449,5,15,10,1,0,8.888,-8.569,-14.571,-66.489,19.084,35.878,11.721,-7.072,-10.394,-124.779,-161.649,28.87,9.209,1.696,-17.33,-30.473,477.389,-128.977,12.629,-4.862,-12.974,-104.824,-77.145,-15.679,0,0
5.743,12.072,0,73.592,287.488,-167.748,5,15,10,1,0,5.485,-10.83,-13.252,-55.435,13.481,31.023,9.321,-8.692,-10.243,-111.053,-160.763,36.427,6.158,5.133,-14.437,-20.55,213.939,-43.16,11.439,-7.168,-11.46,-45.847,-12.672,-11.863,0,0
5.581,10.414,0,75.562,197.033,-165.882,5,15,10,1,0,6.96,-8.308,-14.277,-29.603,19.542,28.397,9.384,-5.925,-9.048,-93.023,-158.412,39.573,6.526,5.109,-15.012,-10.168,383.435,-40.214,11.19,-6.337,-10.402,6.229,40.702,-3.939,0,0
5.379,8.817,0,76.84,127.739,-159.691,5,15,10,1,0,7.152,-4.555,-13.865,-42,16.015,24.122,7.355,-5.358,-10.2,-81.405,-155.542,32.779,4.088,4.606,-15.465,-14.336,172.901,-2.397,8.814,-3.375,-11.439,52.183,78.336,-1.817,0,0
5.137,7.228,0,77.613,77.328,-158.879,5,15,10,1,0,4.589,-5.521,-14.234,-31.573,14.885,23.176,7.518,-3.331,-9.309,-70.107,-152.565,26.198,4.115,3.161,-14.543,-15.099,165.42,12.137,6.172,-4.39,-16.533,82.183,104.901,-4,0,0
4.855,5.697,0,78.173,56.007,-153.134,5,15,10,1,0,5.976,-4.658,-11.618,-39.893,12.748,16.443,9.424,-2.881,-8.418,-68.916,-143.45,18.901,3.353,1.667,-15.254,-5.527,164.84,15.954,6.514,1.985,-14.83,85.038,125.878,-5.496,0,0
4.534,4.225,0,78.44,26.733,-147.16,5,15,10,1,0,6.632,-7.381,-13.321,-30.198,18.794,16.489,8.984,-1.38,-9.635,-60.672,-139.603,13.374,1.722,2.917,-15.462,0.519,321.466,66.443,4.436,1.691,-16.533,72.824,140,-13.115,0,0
4.174,2.812,0,78.367,-7.359,-141.335,5,15,10,1,0,5.092,-1.183,-15.165,-25.176,13.252,15.786,10.148,-0.826,-10.023,-65.557,-134,9.008,4.493,0.078,-14.562,27.664,-373.557,51.053,4.577,0.376,-15.105,63.313,144.198,-11.618,0,0
3.773,1.584,0,78.36,-0.675,-122.75,5,15,10,1,0,6.22,-5.621,-13.11,-17.344,9.389,12.947,9.276,-1.557,-10.179,-69.542,-126.305,7.344,1.456,3.887,-15.163,25.145,150.992,13.618,6.732,1.451,-15.345,45.282,168.092,-5.71,0,0
3.333,0.438,0,78.345,-1.488,-114.624,5,15,10,1,0,5.063,-5.542,-12.828,-2.107,6.015,12.641,10.282,-2.024,-10.32,-66.504,-121.573,7.298,0.824,9.696,-21.79,61.802,-412.718,-18.198,5.657,0.872,-14.478,13.649,181.252,-0.641,0,0
2.854,-0.583,0,78.287,-5.836,-102.127,5,15,10,1,0,4.577,-3.473,-13.441,-1.527,3.252,10.733,11.956,-2.314,-9.731,-63.985,-115.038,9.16,-0.251,5.635,-16.224,43.282,140.26,-40.702,12.052,2.515,-11.558,4.031,188.611,7.496,0,0
2.335,-1.422,0,77.976,-31.139,-83.84,5,15,10,1,0,7.961,-5.564,-12.224,2.809,-1.847,6.58,11.779,-3.542,-10.622,-56.137,-104.031,9.191,3.25,7.487,-14.265,23.45,-428.595,-107.115,5.616,1.363,-11.4,-21.298,206.29,14.763,0,0
1.776,-2.107,0,77.404,-57.186,-68.539,5,15,10,0,0,8.55,-4.416,-13.458,12.931,-2.26,5.695,11.721,-4.905,-11.041,-42.87,-96.916,10.748,1.284,11.279,-33.616,110.779,203.221,279.939,9.242,-1.629,-13.086,-24.229,230.214,23.985,0,0
1.177,-2.674,0,76.514,-88.967,-56.706,5,15,10,1,0,4.996,-5.571,-11.987,13.954,-16.718,4.061,12.495,-1.629,-9.705,-25.237,-89.298,9.725,0.618,7.456,-16.152,-9.237,130,-44.397,6.081,-3.782,-16.071,-25.053,245.756,36.427,0,0
0.539,-2.997,0,75.409,-110.539,-32.25,5,15,10,1,0,3.2,-3.502,-13.889,6.076,-21.511,0.427,13.776,-1.403,-8.454,-12.244,-76.061,3.817,-1.904,7.822,-17.069,-29.588,120.153,-25.527,6.799,-0.525,-16.686,-24.855,255.603,49.954,0,0
0,-3.022,0,74.079,-132.981,-2.552,5,15,10,1,0,6.378,-7.032,-9.93,19.74,-29.374,-4.076,11.431,-2.091,-9.578,-9.069,-64.641,6.275,-0.388,5.598,-35.015,-385.466,-91.496,-407.206,8.174,2.347,-16.145,-35.969,261.893,56.489,0,0
0,-2.887,0,72.548,-153.076,13.561,5,15,10,1,0,11.827,-11.889,-5.841,39.863,-33.252,-7.237,9.827,-2.747,-9.353,1.45,-53.084,7.863,-0.91,7.294,-28.951,489.16,-140.107,-363.725,7.547,1.849,-17.661,-46.977,268.901,58.458,0,0
0,-2.968,0,70.83,-171.788,-8.114,5,15,10,1,0,5.791,-0.891,-12.866,34.412,-29.008,1.115,9.891,-3.149,-8.955,19.008,-66.565,1.069,-1.962,8.438,-15.359,-72.122,97.924,-23.832,7.93,2.429,-16.432,-55.771,277.771,63.008,0,0
0,-3.202,0,68.882,-194.767,-23.415,5,15,10,1,0,10.44,-4.448,-8.407,29.802,-21.847,-0.153,3.466,-3.463,-10.766,33.282,-81.863,-0.412,-1.997,7.678,-14.511,-88.061,173.481,-39.664,6.371,-0.613,-17.151,-58.916,285.786,66.672,0,0
0,-3.791,0,66.758,-212.437,-58.949,5,15,10,1,0,6.795,-1.923,-11.944,15.328,-21.939,0.229,6.51,-1.53,-8.11,44.931,-100.534,-3.878,-3.533,6.438,-16.528,-99.603,306.489,-104.061,10.119,2.84,-14.226,-55.786,294.794,72.229,0,0
0,-4.648,0,64.495,-226.262,-85.705,5,15,10,1,0,6.991,-1.504,-11.812,-8.397,-21.084,-1.13,8.062,-0.323,-7.638,39.863,-116.183,-6.809,-4.318,5.482,-15.443,-118.504,125.481,-38.198,4.982,-0.553,-18.296,-35.359,288.275,72.321,0,0
0,-5.63,0,62.17,-232.59,-98.145,5,15,10,1,0,6.814,-4.038,-10.363,-16.473,-19.328,-1.023,9.779,1.653,-8.857,22.015,-116.29,-6.672,-2.855,8.824,-21.364,65.954,412.565,-110.168,6.735,0.299,-16.842,-38.931,291.908,70.061,0,0
0,-6.699,0,59.756,-241.311,-106.899,5,15,10,1,0,7.24,-2.716,-11.302,-26.84,-20.382,-1.588,11.091,1.962,-9.314,1.847,-113.939,-3.985,-4.594,3.881,-20.635,-241.649,172.992,-63.634,11.827,2.302,-17.213,-32.305,292.779,64.122,0,0
0,-7.669,0,57.273,-248.303,-97.046,5,15,10,1,0,6.323,-3.942,-10.986,-36.397,-24.519,-2.229,12.876,2.153,-9.458,-15.298,-104.687,-4.061,-2.577,7.795,-15.86,-229.985,125.176,-59.359,7.295,2.259,-18.463,-34.824,282.565,58.229,0,0
0,-8.475,0,54.707,-256.691,-80.601,5,15,10,1,0,6.354,-5.334,-10.368,-36.733,-32.687,-2.809,13.144,0.429,-8.026,-30.336,-91.298,0.443,-2.575,2.344,-14.662,-183.939,51.664,6.229,7.93,0.041,-20.331,-28.901,274.763,55.679,0,0
0,-9.058,0,52.11,-259.69,-58.273,5,15,10,0,0,5.247,-5.336,-10.555,-30.84,-43.71,-3.649,14.133,-3.487,-7.226,-36.763,-81.588,4.687,-1.935,2.736,-11.985,-126.779,32.794,65.038,6.495,0.869,-22.106,-26.687,265.557,52.198,0,0
0,-9.453,0,49.503,-260.674,-39.482,5,15,10,0,0,4.989,-5.966,-9.003,-25.008,-58.061,-6.565,14.885,-4.517,-6.641,-30.198,-74.855,12.168,-3.715,0.034,-10.442,-25.221,13.16,26.443,8.974,-0.376,-23.371,-26.321,249.924,42.061,0,0
0,-9.585,0,46.957,-254.563,-13.252,5,15,10,0,0,7.202,-7.731,-8.524,-11.282,-67.756,-10.229,10.631,-5.068,-7.544,-13.954,-75.389,17.389,-2.345,-0.014,-7.609,7.45,-1.038,28.336,6.119,2.979,-20.257,-13.71,222.84,35.908,0,0
0,-9.578,0,44.515,-244.217,0.744,5,15,10,0,0,7.369,-7.815,-9.089,4.458,-76.763,-10.168,11.252,-4.119,-8.644,-2.229,-70.015,15.908,-2.024,0.627,-6.112,33.145,-13.176,0.519,6.174,0.029,-22.597,17.649,195.374,27.328,0,0
0,-9.504,0,42.255,-226.01,7.381,5,15,10,0,0,6.265,-4.924,-12.286,10.489,-83.282,-9.038,12.361,-2.156,-9.434,7.908,-68.519,12.137,-1.863,0.484,-2.419,71.191,-55.817,122.321,4.551,-0.51,-23.474,55.374,157.634,16.565,0,0
0,-9.105,0,40.248,-200.673,39.929,5,15,10,0,0,9.362,-2.532,-11.091,3.176,-96.092,-10.977,13.671,-1.609,-10.665,5.756,-46,10.87,-1.418,2.156,-5.233,57.16,-46.26,48.611,2.091,5.365,-22.614,80.809,118.412,9.16,0,0
0,-8.406,0,38.633,-161.534,69.901,5,15,10,0,0,4.768,-5.544,-12.576,13.588,-110.305,-12.809,15.228,-0.194,-10.038,-2.565,-28.702,15.908,-3.439,2.979,-1.648,125.359,-197.863,-394.137,6.886,3.602,-22.082,100.718,79.267,-5.527,0,0
0,-7.476,0,37.414,-121.903,92.983,5,15,10,0,0,8.73,-3.93,-12.689,12.183,-113.618,-15.099,14.432,1.545,-12.449,-12.702,-18.397,20.229,3.913,6.51,6.155,131.466,-112.122,72.611,7.149,0.999,-22.053,116.58,34.489,3.221,0,0
0,-6.341,0,36.612,-80.212,113.549,5,15,10,0,0,10.976,-3.557,-12.207,7.053,-115.405,-18.656,13.544,0.831,-10.883,-24.504,-12.687,25.496,2.613,7.563,0.287,114.916,-216.183,64.794,6.071,3.976,-25.457,113.725,-4.763,6.153,0,0
0,-5.135,0,36.319,-29.251,120.541,5,15,10,0,0,9.633,-1.921,-12.399,-3.176,-118,-18.611,12.227,1.023,-10.394,-36.229,-12.214,25.954,0.939,7.53,-0.307,77.115,-184.916,416.244,8.076,6.474,-28.266,93.221,-58.198,7.435,0,0
0,-3.963,0,36.619,29.995,117.176,5,15,10,0,0,9.685,-2.405,-13.453,-15.099,-116.931,-21.618,12.191,1.171,-9.702,-50.275,-16.031,25.863,-0.014,7.535,-7.056,14.214,-91.221,-7.359,3.463,7.638,-28.412,39.496,-139.634,4.595,0,0
0,-2.854,0,37.509,89.012,110.893,5,15,10,0,0,11.156,-1.897,-11.475,-29.679,-114.198,-20.794,10.507,1.078,-10.33,-62.809,-18.504,21.115,-0.302,17.047,-11.477,11.954,46.397,-240.611,7.276,6.191,-14.619,-23.847,-167.481,-1.405,0,0
0,-1.854,0,38.692,118.298,100.044,5,15,10,0,0,10.368,-1.753,-12.064,-44.229,-112.336,-21.664,11.951,1.518,-10.921,-76.168,-16,12.031,-0.81,0.035,-10.255,1.328,-245.878,-16.733,16.169,7.504,4.615,-76.366,-138.122,1.023,0,0
0,-0.994,0,39.695,100.285,86.025,5,15,10,0,0,9.082,-0.913,-10.778,-56.748,-112.611,-24.626,12.804,1.243,-9.036,-88.321,-16.412,4.794,4.838,0.911,-27.404,464.336,-47.42,213.985,8.064,-9.523,-2.836,-77.511,-95.206,-2.84,0,0
0,-0.082,0,40.307,61.18,91.152,5,15,10,0,1,9.252,-1.562,-10.73,-70.901,-114.84,-28.916,14.643,0.266,-9.676,-93.847,-10.382,-3.878,6.491,22.519,-23.447,-234.641,-214.794,-288.916,14.382,-3.48,-0.889,-103.282,-46.214,1.679,0,1
0,0.823,0,40.548,24.136,90.489,5,5,10,0,1,11.396,-2.098,-11.501,-73.405,-112.336,-32.168,15.479,-1.648,-9.949,-88.565,-8.061,-7.511,7.772,5.319,-7.719,-167.893,-63.16,-354.992,18.07,-0.261,-6.718,-91.679,-52.794,2.015,0,0
0,1.783,0.666,41.153,60.448,95.993,15,5,10,0,1,13.664,-4.139,-9.353,-72.992,-116,-36.031,15.913,-1.945,-9.808,-79.237,-6.794,-8.366,3.11,-10.758,14.255,-244.046,-396.244,-250.137,7.777,-2.381,-21.081,-48.824,-109.679,-8.183,0,0
0,2.749,1.293,42.236,108.364,96.623,15,5,10,0,1,9.329,-3.09,-9.551,-65.45,-119.924,-35.328,15.302,-1.104,-8.864,-62.076,-5.328,-10.672,-1.522,-4.196,8.545,38.947,495.115,-96.244,7.171,3.193,-21.141,-56.29,-135.863,-18.214,0,0
0,3.881,1.881,43.559,132.271,113.182,15,5,10,0,1,10.55,-3.681,-8.519,-63.527,-126.107,-37.588,16.59,-0.984,-6.993,-50.214,6.672,-11.511,-0.738,1.921,-5.353,-59.313,-109.45,-283.176,7.427,4.028,-17.493,-69.603,-141.603,-21.832,0,0
0,5.254,2.429,44.793,123.425,137.318,15,5,10,0,1,10.907,-2.1,-9.554,-56.763,-135.389,-37.527,17.63,-0.148,-5.956,-42.595,26.046,-14.718,2.752,5.285,-12.411,1.145,-144.229,-139.542,11.7,1.607,-14.123,-80.687,-115.084,-14.534,0,0
0,6.891,2.939,45.745,95.181,163.708,15,5,10,0,1,9.132,-2.579,-9.405,-32.748,-141.924,-36.137,17.508,-0.417,-3.066,-42.763,44.489,-14.427,6.234,6.032,-17.594,43.466,-174.244,-119.45,15.98,-2.172,-14.049,-57.099,-91.573,-6.473,0,0
0,8.891,3.409,45.925,17.956,199.986,15,5,10,0,1,8.838,-4.893,-8.751,-11.771,-151.313,-37.634,15.558,0.407,-3.181,-35.298,68.458,-18.29,5.813,7.373,-18.605,12.443,-429.206,-185.282,9.772,9.915,-3.197,-62.763,-77.008,-4.397,0,0
0,11.179,3.84,45.302,-62.245,228.814,15,5,10,0,1,5.236,-3.102,-7.54,-7.466,-167.389,-36.122,18.947,1.039,-1.981,-37.115,93.481,-17.511,8.454,3.308,-12.473,-3.206,-127.069,-36.763,19.407,-2.886,-12.94,1.496,-37.527,-12.962,0,0
0,13.856,4.232,44.225,-107.701,267.735,15,5,10,0,1,17.321,-6.253,-0.604,-17.924,-164.275,-35.939,17.936,-0.01,-4.117,-30.29,124.031,-14.824,2.019,0.692,-17.417,-3.863,-150.214,-19.221,11.74,-6.843,-16.43,39.313,-16.565,-20.382,0,0
0,16.962,4.584,42.556,-166.958,310.57,15,5,10,0,1,18.566,-3.353,-2.675,-20.977,-159.863,-33.084,16.916,-1.724,-4.002,-22.015,158.168,-18.779,-0.613,7.763,12.071,74.565,308.26,-250.626,23.692,-0.072,-14.293,34.855,32.29,-14.382,0,0
0,20.565,4.898,40.11,-244.618,360.318,15,5,10,0,1,7.262,-10.323,-14.931,-23.389,-195.053,-31.45,19.105,-4.776,-5.834,-23.053,195.481,-17.282,1.418,2.678,-15.623,8.244,-182.87,11.481,16.435,-3.044,-12.631,48.824,39.053,-4.504,0,0
0,24.755,5.172,37.11,-299.95,418.98,15,5,10,0,1,10.248,-14.205,-13.872,9.282,-211.511,-36.046,18.743,-6.572,-7.748,-3.954,222.031,2.336,3.458,-1.289,-15.553,7.344,240.656,165.374,10.984,3.439,-8.687,57.908,57.328,1.389,0,0
0,29.423,5.407,33.609,-350.133,466.84,15,5,10,0,1,12.811,-8.972,-17.838,39.832,-219.084,-37.832,11.956,-7.702,-11.875,23.237,234.198,16.947,3.991,-2.985,-24.611,216.122,-146.076,277.008,5.978,-7.698,-8.481,92.824,57.13,-12.137,0,0
0,34.485,5.603,30.119,-348.965,506.116,15,5,10,0,1,9.3,-3.746,-21.977,67.954,-235.771,-38.137,12.907,-7.331,-12.382,48.901,242.275,26.87,-0.826,5.358,-13.946,22.489,231.756,46.29,13.565,0.057,-7.805,134.107,38.351,-18.748,0,0
0,39.755,5.76,26.761,-335.828,527.013,15,5,10,0,1,11.982,-7.87,-22.458,109.527,-240.58,-48.931,17.261,-0.441,-11.724,64.122,260.809,58.84,2.05,4.264,-18.044,59.527,-402.382,16.305,7.748,-1.698,-15.673,124.672,24.718,-19.237,0,0
0,45.204,5.878,23.908,-285.245,544.911,15,5,10,0,1,15.539,-5.027,-24.808,120.901,-239.634,-43.847,9.46,-1.147,-16.097,75.527,264.779,80.763,0.255,-15.269,-18.499,81.939,294.901,-93.924,-9.391,-18.183,-36.126,174.122,-16.26,-16.321,0,0
0,50.785,5.956,23.091,-81.722,558.141,15,5,10,0,1,0.062,-23.04,-19.927,174.244,-253.786,-28.84,22.499,3.959,-17.163,55.466,279.863,87.908,-6.129,15.304,-24.295,63.908,-119.389,-6.87,25.763,31.511,2.12,16.947,14.076,-11.466,0,0
0,56.128,5.995,21.707,-138.451,534.314,15,5,10,0,1,7.111,10.138,-33.106,203.115,-225.817,-31.725,13.024,-4.419,-21.699,75.771,265.832,124.534,1.447,24.239,-20.602,74.55,478.611,-101.618,13.75,1.842,-11.316,-103.878,13.908,-47.328,0,0
0,60.746,5.995,19.865,-184.136,461.747,15,5,10,0,1,12.131,-0.115,-13.532,216.962,-158.305,-33.954,24.317,0.556,-11.757,56.901,275.954,125.282,1.59,18.088,-19.141,13.45,417.389,-57.405,6.663,-13.795,-12.004,-18.29,9.985,-23.13,0,0
0,64.565,5.956,18.162,-170.346,381.959,15,5,10,0,1,8.517,2.951,-15.673,177.069,-109.221,-30,17.201,-2.12,-10.562,52.198,260.595,117.817,2.33,4.574,-14.32,-6.107,-146.55,-16.366,8.727,-1.118,-12.322,41.863,-2.076,-13.695,0,0
0,67.777,5.878,16.65,-151.2,321.213,15,5,10,0,1,11.106,4.004,-13.568,118.473,-61.527,-22.397,13.671,-0.477,-10.047,53.634,236.107,91.725,3.549,5.323,-17.282,9.511,427.282,-31.573,9.444,3.293,-10.639,51.969,-0.534,-14.748,0,0
0,70.484,5.76,15.28,-136.975,270.63,15,5,10,0,1,7.729,3.59,-16.159,63.542,-31.71,-13.481,12.959,-1.083,-10.179,61.786,212.366,62.443,5.758,4.27,-12.382,30.55,472.962,-39.023,10.734,4.084,-8.459,39.74,4.489,-13.588,0,0
0,72.575,5.603,13.965,-131.504,209.107,15,5,10,0,1,6.716,0.841,-15.536,37.267,1.664,-2.046,11.621,-2.5,-9.69,73.191,196.137,35.863,4.354,4.933,-45.141,341.206,-67.435,-370.809,10.093,-0.338,-9.925,45.435,11.008,-10.534,0,0
0,74.299,5.407,12.782,-118.286,172.463,15,5,10,0,1,4.124,4.268,-18.712,6.626,30.809,2.29,11.922,-0.726,-11.293,69.969,187.176,12.29,5.008,5.385,-15.831,94.397,-461.389,-57.649,10.066,0.517,-9.587,57.481,9.282,-3.023,0,0
0,75.687,5.172,11.716,-106.579,138.748,15,5,10,0,1,3.252,1.164,-19.323,-15.389,49.985,3.618,13.527,-0.659,-10.804,66.626,188.504,-9.237,2.579,6.136,-14.667,53.618,-113.817,-12.489,10.064,2.539,-8.993,45.511,12.153,-3.802,0,0
0,76.878,4.898,10.636,-107.998,119.076,15,5,10,0,1,3.93,0.089,-18.104,-34.931,71.084,4.794,12.555,-0.268,-11.185,61.084,191.771,-21.664,3.351,5.127,-15.189,111.191,-213.023,-24.153,7.971,0.441,-9.903,50.229,6.58,-2.366,0,0
0,77.87,4.584,9.736,-90.054,99.22,15,5,10,0,1,2.977,-0.582,-16.55,-46.458,95.649,7.405,11.463,0.038,-11.503,53.649,193.588,-29.191,6.368,3.978,-10.672,62.824,-194.641,-15.695,7.3,0.422,-11.137,56.031,1.893,-1.435,0,0
0,78.631,4.232,9.109,-62.679,76.149,15,5,10,0,1,2.306,-0.295,-17.203,-54.458,116.55,9.145,10.823,0.601,-11.144,45.328,192.153,-32.718,2.884,4.82,-15.975,145.45,307.771,-112.366,11.791,2.194,-9.412,43.084,3.42,-4.321,0,0
0,79.228,3.84,8.512,-59.67,59.704,15,5,10,0,1,1.506,0.158,-17.714,-58.305,134.931,9.74,10.342,-1.195,-10.852,33.969,185.74,-36.443,2.464,6.677,-13.659,74.046,-81.053,-14.076,9.202,3.188,-6.253,22.947,-1.893,-2.779,0,0
0,79.565,3.409,7.89,-62.279,33.657,15,5,10,0,1,1.655,-0.259,-17.524,-51.099,155.542,8.275,11.271,-0.316,-11.81,21.145,179.023,-37.588,4.354,9.318,-15.228,139.191,-302.916,-23.634,7.966,-2.215,-10.895,37.893,-1.252,-4.55,0,0
0,79.759,2.939,7.509,-38.075,19.409,15,5,10,0,1,3.456,-0.536,-16.777,-35.481,181.053,2.824,10.198,-0.723,-12.423,17.649,174,-35.008,5.07,6.411,-10.936,61.832,-60.382,-4.962,8.174,2.872,-8.066,41.939,-22.076,-1.695,0,0
0,79.646,2.429,7.355,-15.369,-11.33,15,5,10,0,1,3.588,1.375,-18.815,-20.611,207.786,-5.939,9.669,-0.39,-13.201,17.511,170.641,-29.832,5.418,7.438,-19.888,-499.679,95.252,-46.168,8.545,2.438,-10.605,32.015,-24.992,-4.534,0,0
0,79.478,1.881,7.447,9.144,-16.823,15,5,10,0,1,4.328,-7.504,-14.083,-3.939,218.763,-15.267,8.876,-3.303,-13.118,17.954,175.221,-13.71,5.607,7.602,-11.592,57.634,-56.382,-17.832,11.475,3.593,-6.737,15.74,-33.267,-3.145,0,0
0,78.99,1.293,7.601,15.404,-48.752,15,5,10,0,1,2.074,-0.977,-19.915,24.718,239.466,-17.359,7.099,-4.438,-13.652,33.008,159.511,-3.008,-0.663,2.923,-21.795,105.481,-201.481,-27.664,11.13,5.394,-7.53,-3.313,-24.504,-5.13,0,0
0,78.217,0.666,7.656,5.528,-77.271,15,5,10,0,1,1.566,-3.403,-21.366,46.519,249.924,-26.015,5.707,-2.766,-12.991,50.198,145.13,5.863,1.724,8.636,-11.793,28.656,-97.145,-15.786,8.33,0.81,-9.262,-9.115,-33.282,-5.053,0,0
0,77.222,0,7.685,2.872,-99.587,15,5,10,0,1,0.774,-2.342,-20.64,62.229,258.473,-35.496,4.433,-3.219,-13.209,65.878,128.87,8.855,2.874,7.784,-13.062,13.481,-53.481,-6.458,8.747,0.819,-8.919,1.954,-36.55,-3.221,0,0
0,75.976,0,7.685,-0,-124.535,15,5,10,0,1,-0.338,-1.621,-19.347,66.092,263.511,-44.351,3.947,-3.2,-11.719,79.115,113.725,11.603,2.203,14.06,-15.151,7.71,-111.069,-12.763,9.889,1.643,-8.155,8.748,-39.023,-2.611,0,0
0,74.504,0,7.663,-2.163,-147.171,15,5,10,0,1,1.118,-2.112,-18.782,64.244,272.305,-52.901,3.719,-2.991,-12.351,90.687,100.473,10.336,1.844,7.089,-13.35,3.374,-122.397,-12.519,10.998,2.019,-8.196,5.664,-34.412,-1.573,0,0
0,72.783,0,7.638,-2.541,-172.097,15,5,10,0,1,1.851,-0.908,-19.716,54.458,277.847,-57.756,1.363,-3.135,-12.167,112.107,74.931,6.183,1.085,7.714,-14.272,10.198,-60.351,-7.588,11.451,1.133,-8.117,17.008,-41.832,0.702,0,0
0,70.872,0,7.619,-1.865,-191.174,15,5,10,0,1,2.084,-2.577,-19.428,38.336,278.656,-60.275,1.911,-2.242,-12.777,130.366,57.298,-0.656,2.68,5.944,-12.931,13.13,-55.985,-5.969,9.489,2.553,-7.48,15.649,-48.656,0.519,0,0
0,68.744,0,7.616,-0.332,-212.746,15,5,10,0,1,3.195,-0.896,-20.698,27.756,282.076,-59.282,1.262,-0.422,-13.649,142.794,39.74,-8.809,3.094,5.779,-12.382,8.931,-111.038,-25.771,9.671,0.838,-8.605,14.489,-48.076,-0.092,0,0
0,66.481,0,7.611,-0.423,-226.376,15,5,10,0,1,-0.168,-0.915,-22.475,15.542,276.779,-54.519,2.067,0.273,-11.985,144.931,27.298,-21.634,2.572,5.851,-12.334,25.664,-109.481,-11.786,9.456,0.508,-8.636,17.725,-50.718,1.115,0,0
0,64.086,0,7.608,-0.366,-239.468,15,5,10,0,1,-0.723,-4.151,-22.29,10.962,268.55,-51.191,4.498,2.304,-9.015,136.992,17.893,-30.214,2.412,5.736,-12.327,29.664,-109.756,-8.031,9.681,0.805,-9.379,20.107,-54.412,1.405,0,0
0,61.669,0,7.608,-0,-241.723,15,5,10,0,1,4.448,-3.432,-22.223,11.176,267.725,-43.939,4.292,3.056,-9.805,115.863,6.26,-38.092,2.716,5.705,-12.72,33.725,-223.466,-7.267,10.349,1.435,-9.767,21.817,-57.573,0.962,0,0
0,59.186,0,7.608,-0,-248.28,15,5,10,0,1,3.324,-2.932,-24.41,6.26,260.794,-35.786,5.37,3.557,-9.496,91.542,-1.832,-47.832,3.343,5.559,-13.106,37.252,-57.603,-1.176,10.215,1.229,-9.597,25.527,-61.771,-0.809,0,0
0,56.67,0,7.608,-0,-251.599,15,5,10,0,1,0.958,-4.292,-24.288,2,242.107,-31.267,7.18,4.646,-6.158,68.382,-10.061,-47.618,3.573,10.855,-16.296,74.794,-239.466,-14.107,10.485,1.013,-9.226,27.939,-65.267,-1.084,0,0
0,54.143,0,7.608,-0,-252.697,15,5,10,0,1,3.3,-3.854,-24.082,-1.069,233.863,-20.366,5.128,3.145,-7.298,47.359,-22,-44.595,3.861,10.985,-16.506,98.977,-255.038,-33.16,10.514,1.375,-9.463,27.237,-67.374,-0.656,0,0
0,51.689,0,7.608,-0,-245.339,15,5,10,0,1,4.084,-6.488,-23.263,-15.206,210.504,-13.008,6.689,2.769,-6.091,30.489,-29.939,-39.145,4.699,5.451,-12.737,56.992,-265.176,-55.084,10.354,1.224,-9.412,27.878,-71.511,0.855,0,0
0,49.327,0,7.638,2.987,-236.207,15,5,10,0,0,2.402,-4.63,-25.718,-30.153,187.023,-1.817,5.923,3.434,-4.979,16.534,-41.496,-35.237,4.007,5.858,-12.974,62.687,-69.832,-17.038,11.139,1.66,-8.143,30.214,-72.092,2.931,0,0
0,47.159,0,7.656,1.831,-216.82,15,5,10,0,0,3.466,-5.87,-23.845,-47.954,157.328,8.412,5.276,3.827,-4.268,2.046,-49.115,-29.313,5.137,4.378,-11.087,67.145,-68.137,-15.954,8.483,-0.175,-10.605,44.427,-81.679,2.855,0,0
0,45.222,0,7.689,3.296,-193.715,15,5,10,0,0,1.509,-5.034,-25.236,-66.244,126.656,17.908,5.164,2.728,-2.009,-12.87,-58.198,-25.069,3.561,4.469,-12.751,74.137,-72.901,-18.855,10.818,-0.618,-9.652,47.725,-80.534,3.176,0,0
0,43.461,0,7.769,8.057,-176.113,15,5,10,0,0,1.102,-5.276,-26.019,-82.718,91.786,26.26,5.755,4.431,-3.26,-32,-68.031,-18.565,-1.209,8.739,-11.008,71.893,-307.924,-38.351,10.04,-3.952,-13.381,74.214,-81.252,7.099,0,0
0,41.959,0,8.143,37.354,-150.193,15,5,10,0,0,1.538,-6.184,-25.414,-86.809,59.374,35.008,6.148,1.286,-2.855,-48.519,-78.84,-9.145,6.874,6.621,-13.886,150.824,-167.939,19.786,10.821,5.734,-6.567,75.985,-101.649,17.878,0,0
0,40.656,0,8.656,51.258,-130.348,15,5,10,0,0,8.624,-8.177,-20.216,-82.931,30.809,27.878,10.845,2.167,-0.984,-56.962,-82.992,0.366,5.94,5.374,-13.537,85.13,-32.84,8.366,14.559,3.09,-7.063,59.939,-96.137,15.832,0,0
0,39.638,0,9.201,54.566,-101.773,15,5,10,0,0,5.566,-2.074,-26.089,-78.137,19.863,22.122,11.767,-2.017,-4.1,-62.153,-85.023,3.053,7.563,6.625,-11.621,84.748,-22.473,14.198,11.403,1.054,-10.392,60.58,-107.099,16.641,0,0
0,38.81,0,9.922,72.121,-82.787,15,5,10,0,0,3.954,-4.766,-30.814,-68.26,-27.695,7.878,9.343,-3.767,-2.395,-42.076,-86.702,15.832,6.543,6.273,-11.393,82.534,-15.634,27.023,11.93,1.384,-8.579,53.969,-108.321,18.015,0,0
0,38.37,0,10.714,79.113,-43.957,15,5,10,1,0,-4.692,1.449,-35.231,-39.252,-88.198,-7.344,9.427,-2.472,-2.778,-12.687,-99.267,28.977,7.511,12.546,-11.563,156.718,-52.153,60.947,10.04,-1.042,-10.162,49.176,-120.26,20.901,1,0
0,38.334,0,11.687,97.355,-3.674,5,5,10,1,0,9.362,-8.136,-9.13,-0.29,-95.389,-16.595,11.839,-5.94,-4.874,11.237,-99.359,41.115,6.368,6.898,-11.839,69.176,-26.137,54.84,13.225,-0.805,-7.681,45.878,-124.763,25.069,0,0
0.662,38.341,0,12.83,114.327,0.744,5,5,10,1,0,13.836,-7.671,-4.376,19.74,-74.214,-12.733,15.067,-5.338,-5.75,46.641,-81.176,45.71,8.114,7.202,-10.421,52.733,-1.786,13.802,13.031,2.021,-7.736,39.817,-141.221,27.618,0,0
1.286,38.396,0,14.163,133.267,5.493,5,5,10,1,0,11.913,-5.937,-7.108,39.282,-71.069,0.779,13.867,-1.825,-6.747,84.931,-54.855,56.855,8.306,17.068,-12.248,61.74,6.473,12.397,15.659,2.843,-7.762,10.046,-141.42,28.29,0,0
1.871,38.817,0,15.537,137.375,42.149,5,5,10,1,0,7.338,-3.231,-10.299,36.611,-83.405,7.115,10.191,-0.771,-4.97,108.443,-30.214,75.038,8.191,9.709,-12.219,8.794,10.076,40.55,17.977,0.314,-7.602,-13.74,-141.038,28.107,0,0
2.417,39.425,0,17.023,148.67,60.768,5,15,10,1,0,3.197,-7.147,-15.517,63.71,-93.496,9.389,5.509,0.472,-6.663,102.931,-33.588,87.42,9.056,8.598,-11.942,-15.084,61.588,11.359,13.987,-0.697,-7.961,-19.496,-166.55,29.511,0,0
2.925,39.993,0,18.865,184.159,56.774,5,15,10,1,0,0.778,1.253,-24.135,73.847,-98.015,2.763,4.438,-1.976,-7.286,91.481,-59.16,90.107,11.261,13.302,-8.833,-76.977,111.542,14.412,17.702,1.08,-6.311,-32.58,-169.023,25.069,0,0
3.394,40.41,0,21.099,223.423,41.702,5,15,10,1,0,4.718,0.654,-23.73,70.153,-86.962,-5.527,10.629,-2.091,-7.379,80.794,-76.779,70.229,0.853,13.307,-7.736,-100.214,150.718,67.908,17.484,2.038,-5.535,-57.847,-171.557,20.595,0,0
3.824,40.418,0,23.578,247.88,0.767,5,15,10,1,0,10.552,-1.471,-19.895,81.557,-65.649,-2.656,12.722,0.836,-11.417,64.855,-86.702,52.397,10.845,6.337,-5.798,-56.412,96.977,13.527,16.938,3.171,-4.934,-77.053,-184.595,18.076,0,0
4.215,39.993,0,26.252,267.403,-42.469,5,15,10,1,0,13.237,1.995,-15.917,59.71,-49.038,9.466,11.465,4.122,-11.415,50.84,-90.947,45.557,11.831,6.732,-5.269,-60.687,117.588,9.756,22.02,-1.779,-2.098,-78.687,-177.527,11.13,0,0
4.567,39.187,0,29.042,279.03,-80.578,5,15,10,1,0,12.83,2.249,-16.571,17.282,-32.55,21.618,13.3,4.67,-11.98,19.832,-111.771,29.389,2.045,10.883,14.303,-290.427,126.29,75.603,21.059,0.702,3.212,-70.733,-163.786,15.496,0,0
4.881,37.967,0,31.965,292.237,-121.983,5,15,10,1,0,10.162,3.257,-16.765,12.244,-32.565,23.115,13.29,1.389,-11.223,-8.366,-134.641,23.924,9.611,0.11,-4.22,-150.718,320.794,20.214,18.59,0.855,-4.34,-51.389,-141.664,24.733,0,0
5.156,36.228,0,35.004,303.956,-173.962,5,15,10,1,0,8.208,5.006,-21.716,-51.344,10.809,44.534,6.04,1.363,-16.911,-31.008,-156.656,17.847,8.878,9.412,-8.866,-87.771,175.71,3.13,16.825,3.061,-10.792,-50.687,-147.145,33.695,0,0
5.393,33.899,0,38.329,332.463,-232.853,5,15,10,1,0,9.911,2.462,-17.623,-87.618,27.634,42.504,11.18,0.505,-14.873,-48.748,-177.588,9.954,8.981,10.066,-11.863,-109.924,378.427,-9.069,12.533,7.683,-15.426,-61.969,-163.466,32.107,0,0
5.59,31.185,0,42.006,367.745,-271.397,5,15,10,1,0,9.357,6.376,-17.826,-118.244,44.107,46.824,11.072,2.177,-12.555,-71.267,-186.733,-0.198,8.287,8.67,-14.631,-116.168,201.573,-18.031,11.685,10.421,-17.168,-92.076,-186.198,33.878,0,0
5.749,28.065,0,46.056,404.984,-311.978,5,15,10,1,0,5.516,2.076,-14.327,-145.618,54.992,47.817,7.12,2.376,-11.637,-81.527,-202.198,-5.328,9.958,6.821,-15.762,-121.008,216.443,-74.26,12.777,8.804,-15.093,-133.389,-195.008,31.481,0,0
5.869,24.696,0,50.323,426.694,-336.926,5,15,10,1,0,-0.752,1.597,-15.426,-174.489,54.733,55.588,4.646,2.498,-10.524,-93.298,-212.153,-3.756,0.968,6.695,11.113,65.756,-244.305,192.489,13.041,6.265,-14.679,-165.008,-187.71,28.901,0,0
5.95,21.187,0,54.725,440.186,-350.877,5,15,10,1,0,-3.64,-0.793,-18.48,-185.679,42.534,50.672,4.685,1.32,-9.906,-111.542,-211.618,-4.122,6.922,2.612,-29.329,-200.489,-22.55,-340.763,19.318,3.528,-17.043,-167.008,-157.389,26.412,0,0
5.993,18.038,0,59.145,441.96,-314.931,5,15,10,1,0,8.095,-5.516,-17.318,-169.298,43.13,44.595,7.822,1.078,-8.5,-116.427,-197.618,2.229,7.683,5.97,-26.901,-185.771,-498.824,-178.137,12.217,5.07,-15.014,-163.924,-153.527,23.206,0,0
5.997,15.31,0,63.594,444.924,-272.816,5,15,10,1,0,1.499,-4.979,-17.148,-137.405,14.992,39.145,13.096,-1.966,-9,-124,-184.153,5.45,6.766,-0.733,-19.553,-71.802,246.702,-87.023,9.568,1.945,-22.889,-125.908,-141.13,5.405,0,0
5.962,13.088,0,67.864,427.026,-222.233,5,15,10,1,0,4.591,-8.838,-15.34,-95.573,18.153,37.145,15.017,-3.432,-9.635,-129.527,-167.74,15.74,10.229,3.545,-12.466,-56.763,236.702,-65.527,4.409,0.58,-23.747,-104.702,-139.237,-8.168,0,0
5.888,11.201,0,71.428,356.335,-188.668,5,15,10,1,0,6.938,-12.109,-12.483,-59.786,25.802,38.107,10.964,-6.213,-11.697,-125.496,-161.481,29.466,8.409,3.49,-14.246,-22.992,212.702,-59.328,11.053,-2.079,-16.447,-93.298,-91.435,-12.992,0,0
5.776,9.422,0,74.178,275.048,-177.933,5,15,10,1,0,8.126,-7.072,-12.528,-45.435,17.756,33.267,11.087,-7.049,-9.58,-112.198,-163.435,38.122,8.145,2.812,-14.502,-16.611,383.466,-92.947,14.473,-3.7,-12.198,-59.679,-32.473,-10.748,0,0
5.625,7.711,0,76.111,193.314,-171.032,5,15,10,1,0,7.987,-9.908,-13.68,-33.481,25.74,32.443,7.446,-6.069,-11.515,-87.588,-165.221,36.763,7.453,2.852,-15.527,-18.153,177.267,-16.763,12.181,-6.332,-11.278,-20.992,27.328,-6.015,0,0
5.435,5.961,0,77.397,128.54,-175.061,5,15,10,1,0,7.219,-6.057,-12.967,-31.115,20.824,28.84,8.83,-5.568,-8.442,-76.076,-162.153,29.206,5.003,4.949,-21.886,-47.389,328.046,-6.473,8.699,-8.272,-13.573,30.382,68.382,1.221,0,0
5.207,4.144,0,78.243,84.606,-181.652,5,15,10,1,0,5.099,-6.258,-13.288,-28.885,28.198,27.344,6.519,-4.165,-10.519,-63.939,-163.817,22.489,3.149,4.456,-18.743,-59.328,320.122,6.168,7.796,-3.6,-13.379,68.275,88.412,6.931,0,0
4.939,2.258,0,78.73,48.695,-188.61,5,15,10,1,0,4.891,-3.319,-13.187,-37.847,18.977,20.992,9.685,-1.485,-8.862,-60.168,-160.794,15.328,3.248,4.893,-13.69,-28.855,156.534,15.466,5.111,2.33,-10.564,79.237,103.145,3.679,0,0
4.633,0.486,0,79.044,31.471,-177.189,5,15,10,1,0,6.792,-8.459,-12.179,-29.511,27.618,18.336,8.227,-2.908,-10.126,-60.55,-157.878,12.901,3.535,5.984,-15.323,-57.099,-374.901,78.901,2.112,-2.122,-16.911,89.267,115.817,0.962,0,0
4.288,-1.308,0,79.433,38.899,-179.432,5,15,10,1,0,4.249,-3.276,-13.685,-22.504,20.382,17.588,10.732,-1.82,-10.387,-61.481,-156.015,10.26,1.983,2.405,-14.643,-7.954,160.26,16.076,6.126,1.918,-13.934,77.16,129.481,-0.947,0,0
3.905,-2.942,0,79.806,37.319,-163.411,5,15,10,1,0,6.558,-8.555,-12.306,-15.328,22.305,15.954,12.409,-1.631,-11.815,-61.115,-150.214,8.092,1.693,2.985,-20.506,14.168,-375.084,74.748,6.538,0.903,-14.202,56.473,146.076,-3.618,0,0
3.483,-4.527,0,79.989,18.299,-158.501,5,15,10,1,0,6.558,-8.555,-12.306,-11.45,23.282,14.748,11.623,-1.205,-12.646,-56.275,-147.359,8.702,2.594,2.896,-14.638,12.702,162.931,14.504,3.858,-0.359,-14.796,36.137,162.305,-4.137,0,0
3.022,-5.908,0,79.993,0.378,-138.108,5,15,10,1,0,5.362,-3.257,-11.752,-0.855,17.099,13.527,10.102,-2.093,-12.744,-45.328,-142.321,9.221,3.137,6.47,-27.207,140.244,-421.13,84.031,3.643,-3.696,-15.077,25.939,180.168,3.786,0,0
2.522,-7.194,0,79.982,-1.11,-128.517,5,15,10,1,0,5.437,-3.743,-11.17,6,10.137,13.618,10.775,-2.268,-11.199,-31.023,-129.405,6.198,-0.362,1.538,-16.801,21.038,317.115,-15.023,-1.504,-9.132,-19.931,37.481,190.947,13.557,0,0
1.983,-8.322,0,79.832,-14.98,-112.828,5,15,10,1,0,6.057,-4.067,-9.858,0.031,3.099,11.221,12.569,-0.673,-10.457,-21.679,-118.305,4.595,0.014,4.788,-16.83,13.588,314.275,-20.763,9.518,0.905,-12.478,5.557,216.748,24.214,0,0
1.406,-9.222,0,79.392,-43.991,-90.054,5,15,10,1,0,5.518,-4.567,-10.243,-4.397,-2.382,8.672,13.146,0.17,-10.03,-16.992,-98.031,0.733,-0.754,6.701,-16.241,16.168,143.802,-19.42,8.83,0.527,-13.077,-5.832,232.565,29.282,0,0
0.79,-9.794,0,78.671,-72.109,-57.118,5,15,10,1,0,1.166,-4.04,-10.859,-4.519,-16.137,8.397,16.566,-0.833,-8.086,-16.336,-72.977,-4.122,-1.382,6.567,-16.198,5.435,282.183,-54.718,7.793,1.506,-12.694,-24.076,246.977,34.198,0,0
0.136,-10.006,0,77.547,-112.45,-21.286,5,15,10,1,0,6.059,-5.906,-8.775,3.145,-24.443,3.344,16.423,-0.992,-7.549,-18.962,-49.298,-1.16,-0.536,7.086,-20.238,-23.878,-490.458,-45.313,6.572,-1.715,-15.8,-22.55,262.931,43.557,0,0
0,-9.926,0,76.123,-142.411,8.057,5,15,10,1,0,5.178,-5.41,-8.85,9.588,-31.771,2.794,13.556,-1.37,-6.423,-16.29,-33.863,-2.519,-1.363,6.744,-14.83,-41.008,225.023,-15.511,4.661,-1.217,-17.529,-17.069,271.924,51.863,0,0
0,-9.79,0,74.442,-168.091,13.538,5,15,10,1,0,7.235,-7.611,-6.328,20.504,-31.267,3.069,7.58,-4.179,-6.79,-4.947,-36.901,-2.366,-2.371,7.597,-15.314,-53.679,196.382,-14.168,6.665,1.93,-16.408,-28.534,280.962,57.771,0,0
0,-9.875,0,72.507,-193.44,-8.411,5,15,10,1,0,4.002,-1.691,-10.787,9.145,-38.153,1.328,9.944,-2.699,-4.718,15.237,-52.046,-1.679,-3.075,6.366,-15.189,-74.168,167.771,-12.214,5.683,-0.347,-17.821,-37.008,289.878,60.534,0,0
0,-9.871,0,70.311,-219.681,0.401,5,15,10,1,0,2.555,-0.702,-13.503,-10.076,-42.168,-1.038,8.272,-2.429,-6.593,18.87,-66.046,-4.87,-3.214,11.787,-37.065,307.664,-446.061,-34.565,8.004,0.285,-16.607,-42.992,296.489,64.977,0,0
0,-9.918,0,67.875,-243.565,-4.772,5,15,10,1,0,6.61,-7.796,-10.169,3.511,-52.595,-5.802,11.537,-2.9,-7.64,20.351,-67.13,0.076,-3.082,6.752,-16.166,-101.588,110.061,-5.618,7.925,1.111,-18.099,-40.748,302.031,70.763,0,0
0,-9.937,0,65.275,-259.964,-1.854,5,15,10,1,0,6.862,-6.337,-10.814,15.16,-55.756,-5.282,11.637,-3.552,-9.242,22.794,-65.847,3.435,-2.958,5.173,-15.606,-110.168,84.076,-7.328,5.427,-0.932,-20.59,-42.076,301.099,68.137,0,0
0,-9.981,0,62.55,-272.484,-4.372,5,15,10,1,0,7.135,-5.13,-10.814,19.756,-57.389,-6.687,9.729,-3.121,-10.406,27.359,-70.076,8.718,-4.598,3.394,-16.681,-111.328,66.092,-3.42,9.046,2.175,-18.178,-39.374,301.038,64.809,0,0
0,-10.123,0,59.826,-272.439,-14.294,5,15,10,1,0,4.687,-3.202,-12.641,14.26,-59.099,-5.389,10.572,-0.553,-10.124,26.504,-77.557,8.427,-3.933,8.216,-18.164,-196.427,47.206,5.985,11.851,2.05,-19.867,-19.649,288.168,60.855,0,0
0,-10.08,0,57.057,-276.867,4.395,5,15,10,1,0,6.297,-6.124,-9.678,1.145,-69.832,-9.466,12.157,1.456,-9.041,17.634,-67.908,10.489,-1.195,2.76,-13.484,-172.275,35.328,30.626,10.699,4.172,-19.768,-10.55,275.542,54.153,0,0
0,-10.094,0,54.337,-272.084,-1.408,5,15,10,0,0,7.875,-6.237,-10.243,4.901,-69.282,-8.611,12.809,0.364,-8.989,2.55,-59.817,14.916,-1.123,2.041,-8.704,-115.389,2.076,91.725,7.678,3.523,-21.96,-3.374,255.573,44.076,0,0
0,-10.05,0,51.652,-268.456,4.372,5,15,10,0,0,8.651,-3.88,-10.414,-0.931,-66.84,-5.695,10.869,0.618,-9.887,-8.885,-58.824,21.038,-1.849,-0.125,-4.143,-51.74,-10.748,109.069,6.004,0.884,-23.601,3.496,228.656,38.443,0,0
0,-9.977,0,49.144,-250.832,7.313,5,15,10,0,0,5.71,-1.935,-12.519,-17.16,-72.87,-4.992,11.561,1.887,-9.039,-22.092,-59.221,18.198,-1.729,0.469,-4.258,15.603,-15.053,57.282,4.692,0.196,-24.729,23.71,199.45,34.168,0,0
0,-9.621,0,46.84,-230.324,35.534,5,15,10,0,0,8.953,-3.681,-11.039,-30,-83.45,-8.382,13.022,-0.108,-9.563,-44.962,-41.511,20.611,-6.419,0.426,-7.501,55.527,-132.031,88.855,7.075,-1.257,-26.939,48.092,173.176,21.969,0,0
0,-9.079,0,44.943,-189.721,54.222,5,15,10,0,0,6.514,-6.004,-12.291,-19.298,-93.221,-10.641,12.516,-1.669,-9.259,-55.374,-30.794,25.786,-4.788,2.558,-5.794,65.756,-42.061,19.832,3.458,4.96,-23.907,70.626,119.618,11.695,0,0
0,-8.421,0,43.401,-154.221,65.849,5,15,10,0,0,7.832,-5.391,-12.095,-12.137,-97.603,-10.351,10.655,-2.235,-9.614,-59.786,-30.809,26.366,-4.79,2.464,-7.559,72.565,-115.725,56.672,2.002,6.067,-24.257,80.26,73.725,-3.053,0,0
0,-7.735,0,42.215,-118.63,68.539,5,15,10,0,0,8.256,-4.352,-11.783,-16.168,-100.565,-14.824,12.217,-2.529,-10.823,-57.832,-32.198,20.702,-3.37,3.863,-6.39,66.489,-129.74,19.298,2.11,7.053,-23.232,80.962,28.366,-19.527,0,0
0,-6.996,0,41.325,-88.978,73.975,5,15,10,0,0,8.957,-4.084,-11.659,-16.947,-103.16,-20.031,11.956,-2.941,-10.924,-51.908,-33.069,14.84,2.936,4.431,-4.357,54.55,-274.076,-404.153,10.291,-1.509,-23.809,77.435,-12.321,-23.802,0,0
0,-6.23,0,40.852,-47.253,76.538,5,15,10,0,0,10.749,-4.254,-13.007,-16.672,-100.718,-23.496,12.2,-2.464,-11.695,-51.802,-34.443,11.313,4.424,7.745,-6.009,49.939,-127.573,12.305,11.012,-0.963,-22.928,96.137,-38.962,-8.26,0,0
0,-5.432,0,40.879,2.621,79.811,5,15,10,0,0,10.72,-4.582,-12.346,-14.58,-103.008,-25.618,13.072,-1.181,-12.296,-53.969,-34.626,13.878,2.773,23.323,-7.434,53.481,-115.985,-28.031,11.345,9.944,-19.845,63.527,-75.344,5.16,0,0
0,-4.66,0,41.149,27.065,77.236,5,15,10,0,0,12.193,-1.186,-11.676,-23.008,-100.687,-24.779,11.58,1.293,-12.253,-59.969,-38.885,16.901,2.845,0.57,-8.756,-10.214,-133.084,-89.282,7.542,8.725,-20.806,-3.817,-117.252,8.061,0,0
0,-3.887,0,41.625,47.585,77.282,5,15,10,0,0,8.569,-2.184,-10.646,-39.588,-103.878,-26,11.578,1.25,-10.576,-67.099,-37.618,13.74,3.181,12.11,-12.718,-69.725,-304.443,-153.405,9.669,6.342,-3.746,-81.313,-114.962,6.458,0,0
0,-3.199,0,41.933,30.75,68.836,5,15,10,0,1,7.827,-0.393,-11.388,-53.649,-104.214,-27.008,13.395,1.265,-9.788,-75.511,-32.885,7.74,2.596,5.055,-22.154,-125.328,-187.496,-195.664,13.05,-5.825,-0.795,-108.412,-56.718,11.756,0,1
0,-2.488,0,42.003,7.015,71.079,5,5,10,0,1,10.243,-1.885,-10.77,-54.382,-104.595,-28.412,13.927,0.093,-8.536,-83.588,-25.16,1.191,6.285,18.613,-29.43,176.351,424.656,9.282,13.685,-9.154,0.347,-91.893,-39.802,10.092,0,0
0,-1.8,0.662,42.006,0.366,68.813,5,5,10,0,1,10.411,-0.742,-10.509,-73.16,-102.092,-34,13.685,0.496,-10.275,-86.29,-20.84,-6.84,6.17,9.633,-2.783,-267.954,-197.634,-281.771,11.285,-8.845,-12.456,-52.412,-61.557,3.817,0,0
0,-1.012,1.286,42.138,13.195,78.736,5,5,10,0,1,10.023,-0.618,-11.645,-75.725,-105.74,-36.427,15.038,-0.584,-9.554,-82.168,-12.458,-14.55,-1.33,-2.903,3.008,-298.763,276,121.16,3.068,-6.455,-28.201,-30.137,-86.84,-17.527,0,0
0,-0.1,1.871,42.925,78.69,91.198,15,5,10,0,1,9.515,-1.966,-10.076,-73.069,-116.275,-40.84,17.845,0.098,-9.089,-70.489,0,-15.939,0.156,-3.463,2.438,-260.412,-71.893,-136.794,7.69,6.158,-18.688,-23.74,-145.115,-30.794,0,0
0,1.094,2.417,44.214,128.918,119.431,15,5,10,0,1,9.935,-4.4,-7.971,-68.076,-123.237,-42.748,17.987,-0.865,-7.772,-62.55,15.664,-15.832,-0.175,2.457,-0.077,-417.481,226.412,-279.695,8.167,9.592,-10.342,-62.275,-134.489,-31.695,0,0
0,2.504,2.925,45.258,104.336,140.991,15,5,10,0,1,11.108,-7.683,-5.303,-47.969,-128.244,-44.092,16.186,-2.206,-7.274,-48.275,31.649,-15.832,1.418,6.669,-14.097,33.023,-268.779,-342.229,8.883,0.206,-13.446,-86.901,-98.565,-18.931,0,0
0,4.17,3.394,45.811,55.367,166.581,15,5,10,0,1,10.042,-4.881,-8.248,-34.718,-133.542,-43.252,15.932,-2.532,-7.549,-41.221,45.069,-18.458,2.97,15.835,12.627,198.076,498.779,-35.42,12.773,-5.374,-16.614,-79.847,-59.863,-8,0,0
0,6.041,3.824,45.705,-10.632,187.123,15,5,10,0,1,9.475,-7.128,-5.877,-12.702,-142.046,-42.687,14.308,-0.905,-5.137,-21.481,60.275,-11.74,4.998,4.165,-16.107,3.832,-117.939,-112.122,17.563,-7.46,-16.904,-37.008,-51.359,-7.023,0,0
0,8.268,4.215,45.072,-63.355,222.691,15,5,10,0,1,9.405,-2.658,-9.829,-0.702,-154.015,-44.153,16.142,-0.393,-4.96,-19.863,85.115,-14.641,3.408,4.46,-12.236,-14.26,-137.847,-23.328,17.23,-4.56,-15.22,2.87,-51.649,-15.817,0,0
0,10.725,4.567,43.921,-115.036,245.694,15,5,10,0,1,11.769,-0.194,-9.846,6.718,-152.412,-40.198,16.394,-2.103,-4.613,-12.046,100.626,-24.198,3.157,2.551,-17.371,7.679,-316.29,-9.954,12.806,0.235,-14.923,32.137,-15.405,-22.901,0,0
0,13.633,4.881,42.215,-170.655,290.829,15,5,10,0,1,13.556,-12.169,-1.15,-1.603,-175.221,-45.588,19.045,0.678,-4,-11.756,137.191,-15.389,-0.228,5.978,-17.134,4.412,316.275,19.847,16.77,1.209,-11.154,42.992,13.282,-16.809,0,0
0,16.914,5.156,39.867,-234.753,328.091,15,5,10,0,1,11.345,-10.126,-9.4,-15.053,-181.832,-38.84,17.637,-3.032,-5.892,1.969,170.183,-16.397,2.05,8.501,-43.072,227.237,181.252,210.565,19.024,-1.839,-13.048,58.198,44.229,-10.214,0,0
0,20.782,5.393,36.839,-302.8,386.754,15,5,10,0,1,7.159,-14.334,-15.841,9.023,-203.16,-38.916,19.819,-4.812,-5.097,6.565,201.679,-11.481,4.824,3.646,-18.121,47.588,226.931,67.542,14.116,1.202,-9.099,59.221,53.481,-2.198,0,0
0,25.092,5.59,33.426,-341.298,431.008,15,5,10,0,1,11.295,-16.698,-14.823,44.427,-220.351,-42.733,17.694,-5.156,-8.368,14.458,226.443,4.84,3.341,-2.273,-15.594,32.534,-397.679,12.366,7.657,-5.669,-7.451,104.336,48.84,-20.855,0,0
0,29.885,5.749,29.877,-354.939,479.314,15,5,10,0,1,11.613,-2.714,-19.527,68.351,-228.26,-36.702,8.143,-6.543,-12.128,38.947,229.954,16.366,-1.083,5.721,-20.415,47.527,170.931,69.863,5.815,-3.916,-15.946,132.366,36.84,-25.267,0,0
0,34.888,5.869,26.49,-338.666,500.279,15,5,10,0,1,8.845,-4.572,-22.283,88.565,-247.191,-42.031,13.769,-4.833,-12.981,52.702,243.023,32.443,3.806,0.472,-12.631,30.641,173.679,-73.282,6.011,-1.684,-15.18,145.466,19.313,-19.74,0,0
0,40.26,5.95,23.648,-284.192,537.198,15,5,10,0,1,10.313,-4.895,-24.465,103.557,-251.756,-45.664,14.085,-3.312,-12.425,71.374,253.298,64.214,6.285,-0.119,-15.122,66.244,-403.42,28.031,6.852,4.644,-15.041,126.947,3.176,-13.221,0,0
0,45.742,5.993,21.506,-214.222,548.219,15,5,10,0,1,17.112,-2.814,-26.137,113.771,-246.611,-41.084,14.006,-0.826,-17.292,71.939,257.267,76.641,5.774,4.22,-13.85,56.687,374.229,7.45,8.258,9.161,-13.671,58.672,-2.947,-17.527,0,0
0,51.173,5.997,19.868,-163.765,543.172,15,5,10,0,1,12.648,-12.033,-23.066,169.481,-226.916,-36.351,14.945,-0.014,-17.637,56.626,257.237,100.626,6.869,7.616,-13.623,53.496,-140.84,-11.145,9.724,7.259,-11.367,14.779,-4.687,-21.267,0,0
0,56.344,5.962,18.58,-128.849,517.011,15,5,10,0,1,-4.325,7.968,-30.005,186.473,-213.191,-25.038,29.349,-6.275,-13.034,64.748,266.275,97.298,5.25,15.82,-28.529,376.885,-20.29,-130.198,10.579,3.83,-10.243,-8.321,-2.626,-20.901,0,0
0,60.625,5.888,17.437,-114.327,428.182,15,5,10,0,1,10.248,1.171,-17.788,197.145,-150.947,-26.718,27.392,-3.09,-13.829,55.634,265.237,120.611,2.759,9.375,-21.498,76.351,484.687,-105.405,11.139,1.962,-9.276,-11.893,4.504,-20.244,0,0
0,64.306,5.776,16.243,-119.328,368.043,15,5,10,0,1,6.299,5.612,-16.935,161.939,-106.275,-23.939,18.401,0.098,-10.888,60.504,251.389,105.618,3.99,7.046,-12.648,17.786,487.191,-155.725,10.061,-0.261,-9.503,6.183,3.802,-17.084,0,0
0,67.396,5.625,15.042,-120.106,309.037,15,5,10,0,1,6.823,7.346,-17.318,109.191,-65.802,-19.206,15.616,-0.889,-10.5,52.611,232.443,81.038,2.673,3.131,-34.45,215.893,-120.687,453.374,11.11,-0.457,-8.864,24.031,9.649,-14.26,0,0
0,70.015,5.435,13.745,-129.685,261.876,15,5,10,0,1,6.356,4.273,-17.026,66.351,-29.74,-10.061,12.993,-0.369,-10.37,57.237,210.84,56.015,0.632,1.633,-16.712,42.168,-128.687,-19.221,16.109,-2.567,-9.551,42.733,20.061,-7.679,0,0
0,72.095,5.207,12.449,-129.639,208.008,15,5,10,0,1,6.579,1.985,-16.612,33.466,4.977,2.626,12.528,-2.421,-10.473,60.931,199.023,27.374,3.779,5.02,-13.019,48.595,-118.183,-9.634,10.05,2.041,-7.875,60.702,14.382,-3.557,0,0
0,73.768,4.939,11.185,-126.354,167.301,15,5,10,0,1,4.064,0.539,-16.679,2.031,27.313,10.443,12.394,-0.853,-10.713,55.603,189.42,9.496,5.394,4.237,-12.389,62.824,-116.305,-7.405,9.168,0.508,-10.109,67.588,15.176,-2.718,0,0
0,75.123,4.633,10.01,-117.542,135.533,15,5,10,0,1,4.452,-0.125,-16.262,0.046,30.153,10.595,12.421,-1.739,-11.17,52.321,186.626,-8.168,2.73,5.463,-13.929,74.962,-111.313,-21.771,7.377,0.029,-11.851,75.328,12.718,-2.672,0,0
0,76.207,4.288,9.106,-90.409,108.387,15,5,10,0,1,2.448,0.115,-18.82,-37.191,71.878,14.687,11.36,-0.635,-11.915,53.221,182.885,-15.924,2.076,5.956,-13.771,70.885,-401.969,-125.313,8.986,4.139,-9.614,64.336,1.664,-2.061,0,0
0,77.093,3.905,8.3,-80.624,88.623,15,5,10,0,1,2.27,-1.02,-17.239,-45.985,90.351,15.725,11.132,-0.836,-10.96,50.901,180.443,-23.16,5.362,5.686,-12.32,74.031,-386.092,-120.183,7.099,2.74,-9.688,36.015,-0.198,-5.786,0,0
0,77.771,3.483,7.685,-61.512,67.761,15,5,10,0,1,2.043,-0.81,-16.959,-49.527,109.74,16.87,9.621,0.206,-11.067,44.26,177.206,-25.115,5.092,5.231,-12.825,75.649,-172.534,-42.748,10.984,0.627,-9.216,33.344,-1.298,-4.489,0,0
0,78.243,3.022,7.322,-36.266,47.218,15,5,10,0,1,1.729,-0.953,-16.77,-50.321,128.733,17.985,12.001,-0.879,-10.596,33.573,176.779,-30.122,7.226,4.299,-10.768,63.252,-131.038,-8.763,7.362,2.639,-9.115,24.229,-16.458,-6.122,0,0
0,78.551,2.522,7.26,-6.168,30.819,15,5,10,0,1,0.941,-0.347,-16.796,-46.504,149.71,18.183,10.006,-0.429,-11.513,23.008,170.58,-27.237,1.887,8.1,-13.539,80.534,-51.924,-14.26,10.428,2.819,-7.293,15.084,-15.771,-5.176,0,0
0,78.709,1.983,7.315,5.516,15.747,15,5,10,0,1,1.866,-0.999,-16.801,-34.015,172,13.71,10.131,-0.575,-11.585,17.45,169.282,-26.916,3.549,7.314,-12.03,71.618,-91.099,-11.542,8.399,-0.448,-10.9,10.885,-18.718,-5.74,0,0
0,78.657,1.406,7.491,17.532,-5.184,15,5,10,0,1,8.153,2.132,-19.802,-22.336,196.992,6.748,9.999,-1.904,-13.769,12.977,163.466,-22.626,2.019,8.557,-12.806,62.061,-80.321,-20.397,8.416,1.811,-9.362,17.038,-29.344,-4.824,0,0
0,78.426,0.79,7.744,25.303,-23.06,15,5,10,0,1,4.081,-6.613,-14.95,9.71,207.13,0.504,6.004,-0.848,-14.523,15.527,160.229,-4.641,1.02,0.25,-18.892,95.16,-173.145,-20.336,9.695,3.157,-8.727,6.351,-30.641,-4.336,0,0
0,77.921,0.136,7.989,24.525,-50.526,15,5,10,0,1,0.556,-4.905,-18.564,32.962,220.809,-5.237,7.597,-1.494,-12.828,30.122,156.733,1.008,-1.047,2.779,-20.415,52.87,-90.214,-16.275,10.72,3.298,-5.662,-5.664,-35.328,-4.366,0,0
0,77.149,0,8.157,16.834,-77.259,15,5,10,0,1,-2.22,-2.261,-19.994,54.931,231.466,-14.046,6.692,-2.637,-12.26,45.771,141.313,9.664,-4.033,2.751,-24.578,31.282,-188.962,-76.58,10.531,4.79,-5.075,-3.679,-47.069,-0.58,0,0
0,76.181,0,8.117,-4.005,-96.737,15,5,10,0,1,1.552,-2.584,-19.412,63.008,240.168,-23.863,5.341,-2.213,-12.234,61.588,126.687,16.458,2.156,8.359,-13.113,-3.481,-50.183,-6.992,9.008,1.665,-9.539,-0.763,-42.229,-1.053,0,0
0,74.999,0,8.128,1.064,-118.218,15,5,10,0,1,1.133,-2.024,-18.827,67.389,251.496,-29.221,5.243,-2.999,-11.175,74.702,112.595,16.687,1.562,7.81,-14.121,-9.023,-112.565,-7.725,9.491,1.193,-10.6,2.076,-43.435,-0.427,0,0
0,73.626,0,8.12,-0.755,-137.352,15,5,10,0,1,2.316,-0.062,-19.007,61.176,259.817,-35.832,4.44,-2.213,-11.98,86.229,95.817,15.786,2.383,6.867,-13.383,-12.443,-217.115,-17.038,9.724,2.783,-9.127,-2.122,-49.038,-0.168,0,0
0,72.036,0,8.12,-0,-158.936,15,5,10,0,1,0.079,1.368,-19.788,44.061,264.947,-42.55,3.782,-2.232,-10.591,100.458,80.702,11.389,2.591,6.172,-13.539,-9.42,-110.885,-9.069,9.417,1.523,-10.255,-6.031,-49.786,-1.252,0,0
0,70.289,0,8.12,-0,-174.706,15,5,10,0,1,2.922,-0.316,-19.534,32.687,271.099,-46.885,4.536,-1.945,-12.55,111.74,66.611,3.313,2.223,5.597,-13.769,-5.817,-57.496,-4.229,9.53,0.184,-10.349,-6.351,-51.939,-1.328,0,0
0,68.304,0,8.12,-0,-198.475,15,5,10,0,1,1.13,1.027,-21.859,22.092,276.901,-49.725,6.227,-2.395,-11.748,127.664,56.443,-7.374,2.34,4.742,-14.083,-1.389,-59.084,-2.321,9.63,0.196,-10.818,-3.435,-53.878,-0.809,0,0
0,66.258,0,8.12,-0,-204.678,15,5,10,0,1,3.822,-3.008,-21.023,20.107,277.771,-51.405,7.015,-1.375,-10.902,127.832,46.824,-12.733,2.175,9.974,-18.753,8.229,-122.641,-1.466,9.556,0.419,-11.388,-1.344,-56.931,-1.282,0,0
0,63.99,0,8.12,-0,-226.719,15,5,10,0,0,2.122,-4.392,-21.124,20.641,275.405,-51.618,7.329,0.192,-9.235,131.344,38.29,-19.359,2.589,4.74,-14.59,9.359,-63.649,-0.87,9.832,0.419,-10.746,0.733,-58.809,-1.145,0,0
0,61.654,0,8.12,-0,-233.609,15,5,10,0,0,7.681,-4.804,-20.695,32.595,284.305,-47.893,4.977,0.956,-10.54,123.13,27.145,-24.244,2.84,5.106,-14.593,1.298,-130.58,-5.008,10.088,0.599,-10.485,4.687,-59.069,0.031,0,0
0,59.223,0,8.12,-0,-243.165,15,5,10,0,0,5.097,-2.484,-23.579,30.244,278.656,-45.237,5.532,1.856,-10.1,108.611,18.336,-33.191,3.123,10.669,-18.739,43.588,-269.389,-12.824,10.215,0.649,-10.085,9.542,-59.771,0.046,0,0
0,56.798,0,8.113,-0.71,-242.455,15,5,10,0,0,0.671,-3.542,-24.578,28.015,255.679,-43.221,7.887,4.333,-5.542,86.809,8.55,-35.878,3.71,5.669,-13.941,25.588,-67.878,-4.427,10.545,1.159,-9.827,13.908,-62.718,-0.061,0,0
0,54.366,0,8.113,-0,-243.199,15,5,10,0,0,4.833,-3.937,-22.837,24.214,250.412,-34.992,5.899,4.074,-6.019,58.076,-2.947,-32.58,4.416,5.789,-13.235,25.328,-133.908,-12.519,10.974,1.571,-9.077,18.031,-66.443,-0.748,0,0
0,52.022,0,8.113,-0,-234.387,15,5,10,0,0,3.104,-3.892,-23.351,5.344,227.252,-27.282,5.032,3.358,-5.777,39.237,-12.779,-27.649,5.092,5.753,-12.617,32.901,-64.962,-6.947,11.654,0.417,-8.145,23.908,-67.618,1.557,0,0
0,49.733,0,8.113,-0,-228.882,15,5,10,0,0,2.644,-4.694,-25.356,-8.687,203.802,-16.611,5.063,4.019,-4.637,29.557,-24.962,-25.969,4.074,6.701,-11.98,35.344,-64.061,-5.405,11.166,0.752,-7.568,28.595,-64.718,5.435,0,0
0,47.646,0,8.113,-0,-208.729,15,5,10,0,0,2.532,-4.802,-25.078,-31.847,171.863,-4.519,4.646,4.639,-3.667,18.992,-34.137,-25.527,5.576,6.768,-13.12,31.405,-60.595,-5.313,11.161,0.405,-7.928,32.58,-69.023,8.901,0,0
0,45.709,0,8.113,-0,-193.703,15,5,10,0,0,1.813,-4.675,-26.096,-49.008,139.939,8.458,4.189,4.067,-2.654,3.679,-45.16,-27.832,4.052,6.361,-12.931,37.832,-62.58,-3.878,10.239,0.477,-10.658,36.397,-67.878,10.534,0,0
0,44.014,0,8.12,0.71,-169.533,15,5,10,0,0,0.896,-4.527,-25.469,-66.244,104.84,19.985,5.099,3.892,-1.868,-11.908,-55.466,-26.427,5.058,5.59,-13.867,36.214,-59.634,4.87,11.937,0.223,-10.461,38.458,-72.137,12.336,0,0
0,42.486,0,8.132,1.156,-152.745,15,5,10,0,0,1.475,-4.891,-25.675,-79.878,71.557,30.031,5.087,4.031,-3.334,-31.908,-65.74,-22.443,1.641,7.808,-17.062,40.916,-49.832,13.588,11.12,2.199,-9.863,35.298,-63.985,14.061,0,0
0,41.212,0,8.172,3.971,-127.396,15,5,10,0,0,8.28,-4.026,-22.298,-86.779,44.733,24.779,11.925,2.35,0.486,-46.382,-63.695,-19.13,4.103,6.608,-15.302,36.427,-61.45,11.145,11.982,0.172,-11.051,32.947,-72.412,17.786,0,0
0,40.113,0,8.209,3.685,-109.909,15,5,10,0,0,5.145,-3.24,-27.514,-87.542,21.695,22.321,12.67,-0.208,-2.606,-53.069,-65.023,-14.504,6.356,5.779,-14.557,34.702,-250.992,26.87,11.774,-1.593,-11.786,39.664,-77.511,20.305,0,0
0,39.279,0,8.458,24.948,-83.439,15,5,10,0,0,10.629,-10.466,-29.978,-70.092,-21.466,17.557,2.709,-0.97,-5.913,-44.153,-73.588,7.817,4.093,5.329,-15.527,36.473,-52.641,4.412,9.29,0.611,-10.042,38.29,-97.496,22.809,0,0
0,38.945,0,8.882,42.446,-33.36,15,5,10,0,0,-2.369,0.235,-37.396,-62.031,-89.466,6.26,5.638,-2.706,-6.124,-30.504,-87.786,18.412,7.317,4.968,-16.061,66.977,371.908,87.206,7.726,2.637,-10.44,29.817,-102,22.824,0,0
0,39.095,0,9.49,60.791,14.98,15,5,10,1,0,9.693,-7.654,-14.631,-23.893,-111.649,-7.084,5.782,-5.034,-8.914,-7.374,-95.573,35.954,7.741,6.546,-11.199,40.275,-35.42,18.718,14.66,1.08,-8.332,20.107,-105.618,23.008,1,0
0,39.381,0,10.226,73.586,28.633,5,5,10,1,0,13.197,-8.902,-0.853,-0.55,-98.504,-17.191,11.027,-5.03,-9.875,22.687,-82.611,55.74,7.918,7.015,-12.112,39.145,-27.832,15.374,13.855,0.381,-7.185,13.313,-106.076,23.634,0,0
0.662,39.692,0,11.028,80.223,31.059,5,15,10,1,0,12.641,-6.706,-6.182,22.107,-61.344,-11.802,14.904,-7.144,-9.98,47.084,-54.351,53.634,9.832,5.75,-11.807,34.733,-12.214,18.076,14.502,-1.262,-7.204,20.061,-117.695,25.282,0,0
1.286,40.169,0,11.959,93.029,47.676,5,15,10,1,0,7.963,-6.455,-8.814,43.969,-72.366,-1.756,13.376,-2.371,-7.108,79.282,-28.565,76.992,1.815,12.383,-13.312,50.183,-8.611,89.527,14.044,-1.229,-7.796,28.336,-120.901,26.84,0,0
1.871,40.934,0,13.105,114.613,76.481,5,15,10,1,0,15.407,-11.537,-14.897,53.603,-73.954,3.71,10.629,-5.264,-3.904,61.145,-13.481,81.435,11.075,7.925,-9.683,9.817,15.16,18.779,17.11,3.384,-3.109,17.863,-133.313,26.458,0,0
2.417,41.761,0,14.401,129.582,82.741,5,15,10,1,0,2.441,-5.164,-20.037,95.679,-103.221,3.237,2.623,-0.941,-5.875,103.344,-37.954,105.191,0.599,13.054,-10.208,-8.641,44.458,40.855,16.042,2.112,-4.958,2.275,-133.023,20.504,0,0
2.925,42.549,0,15.789,138.806,78.793,5,15,10,1,0,3.118,0.424,-23.893,74.626,-112.092,-7.74,3.377,-4.919,-3.643,84.427,-65.634,85.496,0.311,12.564,-6.519,-32.489,261.374,68.763,14.42,-0.386,-4.074,-12.137,-138.504,19.832,0,0
3.394,42.922,0,17.401,161.179,37.296,5,15,10,1,0,10.078,-3.921,-20.164,92.366,-85.954,-7.176,10.984,-1.966,-8.483,76.489,-87.145,55.985,9.336,6.996,-7.185,-18.992,112.366,38.534,12.835,-1.36,-5.228,-6.779,-143.237,21.099,0,0
3.824,42.747,0,19.487,208.683,-17.532,5,15,10,1,0,10.665,-2.132,-15.98,88.061,-67.359,-0.321,13.395,1.53,-11.546,51.176,-92.565,44.351,9.688,6.797,-4.8,-19.496,88,16.244,14.313,1.669,-2.785,-9.237,-151.863,20.824,0,0
4.215,42.018,0,21.912,242.444,-72.888,5,15,10,1,0,14.456,2.51,-16.382,48.275,-36.061,10.656,15.493,4.419,-11.41,29.71,-108.489,34.397,0.872,8.9,14.054,-161.954,-276.519,66.321,16.957,3.243,-1.087,-34.061,-147.328,17.099,0,0
4.567,40.828,0,24.538,262.608,-118.996,5,15,10,1,0,10.763,2.287,-17.088,-1.573,-19.13,23.863,15.613,4.852,-10.097,11.115,-132.031,23.664,9.101,17.776,-3.487,-50.779,281.557,12.397,18.442,0.402,-4.752,-41.069,-140.656,12.198,0,0
4.881,39.128,0,27.402,286.378,-169.934,5,15,10,1,0,11.446,8.071,-20.985,-56.855,1.191,33.206,16.851,4.833,-14.583,-20.26,-158.504,12.641,8.866,8.023,-4.445,-89.588,-342.473,44.885,15.999,0.917,-11.482,-44.931,-151.588,14.473,0,0
5.156,36.986,0,30.617,321.488,-214.268,5,15,10,1,0,12.277,2.558,-19.016,-80.534,26.168,37.969,14.006,0.716,-12.971,-24.015,-174.519,9.069,8.663,9.506,-9.012,-62.26,187.282,9.115,12.318,5.051,-14.734,-50.336,-178.046,10.122,0,0
5.393,34.356,0,34.268,365.193,-262.951,5,15,10,1,0,10.083,4.972,-17.778,-107.786,43.466,39.252,12.088,1.145,-11.659,-53.634,-183.908,-0.397,7.465,9.532,-11.92,-78.916,200.702,-3.756,13.711,5.061,-17.065,-69.374,-199.13,4.977,0,0
5.59,31.295,0,38.392,412.331,-306.13,5,15,10,1,0,7.619,4.955,-18.226,-129.038,58.443,44.427,7.583,3.224,-11.714,-58.305,-204.366,-4.595,10.763,9.854,-18.576,213.298,446.275,-274.809,16.463,9.084,-13.11,-111.42,-220.901,5.832,0,0
5.749,27.929,0,42.83,443.803,-336.56,5,15,10,1,0,3.542,5.556,-17.05,-130.916,49.542,43.893,7.283,1.583,-8.766,-62.809,-218.092,-6.641,2.96,8.614,-21.522,-229.359,-275.313,384.489,16.243,10.79,-12.267,-141.603,-215.725,4.458,0,0
5.869,24.326,0,47.452,462.216,-360.329,5,15,10,1,0,-1.353,-0.299,-15.903,-161.939,45.511,51.237,3.281,1.514,-10.105,-79.237,-219.908,-7.679,7.168,3.626,-18.19,-109.893,244.321,-126.931,15.216,4.067,-13.683,-159.908,-202.122,-3.45,0,0
5.95,20.899,0,52.055,460.294,-342.74,5,15,10,1,0,-0.036,-6.028,-15.546,-154.015,32.382,47.313,9.274,1.186,-7.137,-84.947,-210.061,-7.664,7.544,8.001,-28.429,-212.458,35.893,366.046,15.536,2.127,-13.838,-158.519,-181.771,1.405,0,0
5.993,17.906,0,56.695,464.024,-299.241,5,15,10,1,0,2.038,-6.795,-15.75,-140.458,27.115,45.573,8.977,2.596,-9.372,-93.237,-190.336,-1.359,14.428,-2.481,-19.747,-93.344,262.519,-100.427,13.304,2.999,-19.309,-136.137,-173.282,0.427,0,0
5.997,15.552,0,61.192,449.651,-235.451,5,15,10,1,0,6.366,-6.926,-15.697,-111.389,12.611,40.931,13.929,-1.358,-9.223,-114.29,-168.794,6.031,10.608,1.777,-20.022,-66.092,263.557,-90.565,13.654,4.778,-17.759,-149.527,-146.504,-14.382,0,0
5.962,13.53,0,65.414,422.276,-202.137,5,15,10,1,0,7.748,-6.126,-15,-67.847,18.687,40.489,12.377,-2.668,-8.742,-112.565,-154.702,19.115,6.656,1.368,-18.082,-37.374,12.931,273.832,14.784,4.333,-10.409,-126.275,-132.656,-18.916,0,0
5.888,11.864,0,68.974,355.923,-166.592,5,15,10,1,0,6.407,-9.329,-11.882,-54.626,11.389,35.435,11.47,-5.897,-9.266,-118.473,-148.809,31.542,7.283,1.74,-21.55,-52.885,455.924,475.237,13.022,-3.334,-11.137,-108.718,-81.74,-21.74,0,0
5.776,10.205,0,71.827,285.325,-165.917,5,15,10,1,0,7.01,-6.778,-12.765,-32.519,19.206,35.298,9.424,-7.233,-9.523,-105.695,-152.534,39.557,6.244,2.641,-19.064,-26.87,423.924,-178.748,9.803,-6.713,-10.014,-51.405,-31.649,-16.641,0,0
5.625,8.659,0,74.009,218.205,-154.587,5,15,10,1,0,6.67,-4.874,-13.084,-42.641,15.16,32.687,8.917,-6.158,-9.295,-90.229,-153.16,39.069,2.781,4.446,-24.927,-17.13,381.023,-45.313,7.084,-8.45,-11.35,9.298,7.191,-7.832,0,0
5.435,7.071,0,75.643,163.353,-158.867,5,15,10,1,0,6.131,-6.929,-13.838,-33.954,14.794,29.939,9.398,-4.757,-8.181,-77.038,-149.221,33.573,3.502,4.282,-16.118,-8.824,180.351,-7.542,11.424,-6.014,-10.289,55.344,55.359,3.405,0,0
5.207,5.576,0,76.836,119.362,-149.437,5,15,10,1,0,6.055,-5.341,-11.724,-42.718,12.26,23.756,9.087,-3.363,-7.808,-74.473,-143.573,27.817,4.004,5.247,-14.449,-13.405,174.779,7.573,10.488,-2.29,-11.989,79.695,84.519,4.076,0,0
4.939,4.034,0,77.664,82.821,-154.232,5,15,10,1,0,4.527,-7.252,-12.313,-36.26,18.321,22.763,7.149,-1.823,-9.585,-62.992,-144.565,23.344,3.842,6.47,-30.982,-115.786,-209.344,279.45,7.084,0.115,-15.453,87.527,108.092,1.328,0,0
4.633,2.548,0,78.323,65.884,-148.636,5,15,10,1,0,2.297,-2.009,-14.109,-45.817,5.832,18.962,10.802,-0.802,-8.586,-66.427,-138.076,17.74,2.16,9.744,-19.227,-28.397,347.084,20.519,4.855,2.249,-15.86,79.496,120.824,-1.267,0,0
4.288,1.204,0,78.679,35.568,-134.365,5,15,10,1,0,9.08,-7.264,-12.205,-33.511,11.344,13.298,9.645,-2.56,-9.872,-70.901,-132.992,17.42,1.863,4.813,-26.154,-54.962,-298.504,363.481,2.311,6.299,-12.255,39.74,132.992,-7.344,0,0
3.905,-0.059,0,78.737,5.779,-126.343,5,15,10,1,0,4.864,-5.099,-13.441,-10.763,7.328,16.779,10.351,-2.539,-9.657,-66.977,-127.573,16.672,2.148,3.032,-13.714,9.313,328.519,1.221,2.84,-2.294,-16.849,44.489,147.542,-1.908,0,0
3.483,-1.192,0,78.869,13.264,-113.217,5,15,10,1,0,5.168,-3.506,-12.998,-12.504,0.366,12.626,11.525,-2.644,-8.967,-62.427,-119.878,13.435,0.747,4.469,-16.114,1.618,320,14.29,7.092,1.827,-13.779,20.733,170.351,4.595,0,0
3.022,-2.081,0,78.821,-4.841,-88.989,5,15,10,1,0,7.13,-6.172,-11.654,-1.924,-3.847,10.565,11.966,-3.422,-8.783,-54.061,-111.908,12.748,1.959,4.815,-20.161,45.252,-379.359,19.786,5.731,-0.776,-13.47,12.763,180.763,12.046,0,0
2.522,-2.898,0,78.811,-1.019,-81.665,5,15,10,1,0,6.536,-3.921,-12.775,11.099,-3.145,12.55,11.328,-1.15,-11.261,-39.802,-106.779,10.794,4.407,3.822,-12.888,23.939,-376.198,-15.878,11.484,0.884,-11.398,13.786,186.473,21.13,0,0
1.983,-3.579,0,78.543,-26.802,-68.058,5,15,10,1,0,3.791,-1.93,-12.567,5.863,-9.069,10.885,11.958,-1.985,-10.679,-30.427,-96.107,6.809,0.177,9.991,5.94,128.519,348.565,-118.962,11.966,-0.084,-13.417,-12.504,222.244,21.42,0,0
1.406,-4.114,0,77.895,-64.751,-53.513,5,15,10,1,0,6.843,-6.586,-11.74,12.641,-20.321,8.595,12.574,-0.635,-10.306,-22.351,-85.282,4.977,1.856,6.22,-15.091,2.779,283.069,-15.786,6.107,-1.236,-15.18,-15.16,232.29,31.267,0,0
0.79,-4.447,0,77.016,-87.925,-33.348,5,15,10,1,0,2.86,-3.178,-13.913,15.649,-26.779,8.58,14.255,-0.929,-9.204,-13.237,-72.672,-0.214,0.273,7.767,-16.835,-13.45,132.366,-13.221,8.296,-1.123,-15.036,-29.099,255.344,42.366,0,0
0.136,-4.553,0,75.786,-123.024,-10.563,5,15,10,1,0,4.955,-4.922,-12.849,25.481,-33.374,6.137,12.936,-1.811,-10.121,-7.878,-64.626,2.29,0.192,12.903,-48.743,-248.168,-54.244,-479.267,7.619,-0.034,-15.278,-25.328,262.168,54.916,0,0
0,-4.487,0,74.306,-147.95,6.557,5,15,10,1,0,7.767,-6.059,-10.014,36.458,-38.611,4.885,9.396,-3.576,-10.651,0.397,-55.771,5.084,-1.681,6.537,-34.555,-360.427,-117.878,-259.908,8.148,2.247,-15.436,-34.107,274.351,62.87,0,0
0,-4.469,0,72.592,-171.421,1.843,5,15,10,0,0,7.281,-4.4,-10.885,40.809,-35.939,7.282,8.699,-3.777,-10.15,16.351,-62.382,4.458,-2.273,5.461,-15.39,-61.313,100.382,-16.382,6.62,-0.764,-18.372,-31.878,279.802,64.687,0,0
0,-4.583,0,70.681,-191.117,-11.387,5,15,10,0,0,7.099,-3.219,-11.19,31.634,-32.58,7.756,7.42,-0.323,-11.182,28.565,-77.237,2.351,-3.597,6.555,-15.817,-70.076,77.084,-31.542,8.447,2.45,-16.856,-38.718,288.855,66.397,0,0
0,-4.615,0,68.597,-208.42,-3.262,5,15,10,0,0,4.725,-4.167,-9.487,-0.214,-46.824,3.756,11.415,-0.441,-7.013,22.366,-71.374,-1.221,-3.339,7.747,-20.152,-163.542,297.756,-66.687,5.669,-0.007,-18.518,-28.015,287.191,63.817,0,0
0,-4.681,0,66.337,-225.953,-6.569,5,15,10,0,0,7.81,-7.295,-9.343,9.115,-45.618,1.832,11.858,-2.333,-6.898,12.427,-68.458,3.664,-4.567,4.451,-22.106,-174.779,118.916,-28.366,8.641,-1.015,-18.444,-29.573,295.466,63.282,0,0
0,-5.091,0,64.008,-232.899,-41.004,5,15,10,0,0,7.343,-6.402,-10.1,14.962,-37.664,3.435,8.452,-1.226,-8.941,9.45,-81.45,7.573,-1.715,4.451,-15.812,-193.008,101.42,-31.511,7.951,1.497,-17.989,-16.015,284.84,62.015,0,0
0,-5.688,0,61.587,-242.089,-59.704,5,15,10,0,0,7.71,-2.091,-10.754,-14.397,-34.473,1.115,8.105,-0.747,-8.064,2.336,-91.496,6.595,-2.4,4.164,-18.652,-184.702,80.412,-25.649,9.501,-1.217,-19.986,-9.145,288.351,53.618,0,0
0,-6.245,0,59.116,-247.147,-55.664,5,15,10,0,0,4.709,-4.167,-11.362,-32.107,-43.221,-0.977,12.126,0.699,-7.288,-13.924,-87.924,5.588,-3.365,3.391,-13.45,-88.641,34.244,1.511,9.233,-1.475,-20.779,-10.687,284.489,48.656,0,0
0,-6.696,0,56.581,-253.441,-45.113,5,15,10,0,0,6.689,-5.204,-12.248,-30.916,-44.87,-2.29,12.607,-0.156,-9.036,-33.237,-79.527,9.588,-2.177,1.256,-13.503,-148.244,58.321,14.656,10.641,0.63,-20.667,-14.443,275.695,46.382,0,0
0,-6.992,0,54.043,-253.819,-29.629,5,15,10,0,0,7.41,-6.558,-10.66,-27.084,-54.443,-5.832,11.977,-1.109,-10.299,-39.969,-70.763,19.481,-1.035,2.601,-8.962,-108.092,62.534,131.176,9.635,2.182,-19.814,-9.237,259.008,40.977,0,0
0,-7.007,0,51.542,-250.123,-1.488,5,15,10,0,0,8.05,-6.433,-10.028,-28.214,-67.374,-7.496,12.859,-2.136,-9.065,-41.405,-56.443,19.023,-0.393,0.326,1.552,-124.947,111.634,199.328,8.407,-0.055,-21.352,2.931,236.87,35.42,0,0
0,-6.952,0,49.162,-237.992,5.528,5,15,10,0,0,5.782,-5.964,-13.062,-11.206,-68.076,-5.221,12.2,-3.365,-10.952,-33.908,-53.42,15.038,-1.564,0.855,-7.216,14.931,8.489,63.847,9.058,0.618,-21.577,12.763,221.176,29.176,0,0
0,-6.919,0,46.957,-220.471,3.296,5,15,10,0,0,3.971,-4.711,-13.357,-2.641,-73.053,-7.328,11.566,-1.878,-9.997,-22.031,-54.275,14.901,-1.499,2.778,-2.946,95.649,-13.924,121.893,6.567,2.359,-20.542,31.725,186.107,23.176,0,0
0,-6.751,0,44.932,-202.481,16.823,5,15,10,0,0,5.47,0.115,-15.405,-19.466,-78.336,-9.206,14.796,-0.038,-9.274,-22.443,-51.237,9.802,-1.7,2.754,-6.488,59.252,-30.809,50.382,5.832,1.296,-22.317,54.656,157.298,13.023,0,0
0,-6.322,0,43.082,-185.006,42.904,5,15,10,0,0,7.204,-6.756,-10.928,-16.168,-86.26,-15.618,12.564,0.687,-10.533,-31.115,-43.939,15.481,-2.294,3.679,7.76,487.924,-441.405,321.221,4.309,6.938,-18.897,69.618,118.84,3.328,0,0
0,-5.773,0,41.515,-156.704,54.886,5,15,10,0,0,9.293,-4.986,-12.164,-9.389,-89.252,-14.962,11.855,-0.328,-11.192,-35.634,-38.626,18,-2.282,4.079,-6.289,59.649,-79.389,50.687,5.873,3.506,-22.415,86.626,84.855,-7.298,0,0
0,-5.183,0,40.311,-120.484,58.949,5,15,10,0,0,8.476,-1.059,-14.468,-4.611,-85.71,-13.603,13.549,0.752,-12.025,-40.504,-37.71,13.557,3.93,7.094,4.258,105.695,-77.496,3.908,10.306,1.945,-19.517,96.275,53.695,-0.382,0,0
0,-4.594,0,39.464,-84.629,58.972,5,15,10,0,0,9.022,-2.335,-13.403,-8.763,-87.191,-17.038,10.282,0.766,-12.27,-43.221,-40.443,12.137,2.773,3.449,10.375,319.618,357.13,190.29,5.746,5.099,-23.409,94.641,17.023,-0.733,0,0
0,-3.96,0,39.058,-40.581,63.355,5,15,10,0,0,7.757,-1.902,-12.842,-18.412,-91.847,-19.511,12.162,0.199,-11.417,-48.519,-37.313,9.679,2.309,6.773,-3.837,15.252,-154.137,125.069,2.148,6.958,-27.95,74.901,-40.595,-4.931,0,0
0,-3.385,0,39.212,15.381,57.495,5,15,10,0,0,10.905,-2.809,-12.782,-26.58,-88.366,-22.061,10.586,0.074,-10.94,-55.954,-42.107,7.664,-0.448,8.38,-6.447,9.527,-46.855,-15.328,4.982,6.91,-27.059,36.198,-97.069,-6.412,0,0
0,-2.858,0,39.805,59.326,52.7,5,15,10,0,0,8.51,-2.033,-12.413,-36.412,-87.908,-22.137,13.173,-0.869,-10.507,-62.565,-40.55,4.489,-2.232,20.391,-8.521,-16.595,-213.145,-52.641,3.717,6.261,-23.96,-7.298,-146.611,-8.229,0,0
0,-2.389,0,40.706,90.019,46.887,5,15,10,0,0,9.681,-1.768,-11.815,-48.076,-84.29,-23.42,13.331,-1.241,-10.485,-67.847,-39.145,0.504,-1.073,19.844,-21.728,-275.313,425.878,368.611,5.844,3.439,-12.603,-54.061,-162.275,-6.321,0,0
0,-2.008,0,41.702,99.632,38.109,5,15,10,0,1,11.429,-4.649,-10.126,-52.107,-81.985,-27.237,11.094,-0.62,-11.527,-72.198,-43.634,-1.053,-0.738,25.427,-22.719,-139.863,-333.389,-251.42,12.825,3.406,1.145,-97.374,-124.427,0.214,0,1
0,-1.613,0,42.457,75.497,39.551,5,5,10,0,1,7.444,-3.858,-11.381,-61.282,-88.366,-28.763,14.507,-1.981,-9.597,-71.084,-36.229,-7.527,3.166,24.835,-22.561,126.87,-191.786,-87.45,12.524,2.733,7.164,-110.29,-87.099,9.145,0,0
0,-1.14,0.662,42.797,34.012,47.218,5,5,10,0,1,9.264,-1.844,-12.143,-65.969,-88.962,-30.366,15.757,-1.693,-9.089,-73.069,-27.038,-10.336,6.907,4.535,-25.962,-64.504,484.733,-331.725,12.085,-6.227,-4.275,-94.244,-59.344,4.473,0,0
0,-0.528,1.286,42.797,-0,61.203,15,5,10,0,1,11.669,-4.977,-8.639,-62.794,-93.573,-34.351,14.749,-1.586,-8.936,-70.305,-18.626,-10.504,0.79,7.67,-21.383,-281.206,-244.229,-312.794,12.78,-3.619,-17.5,-71.618,-54.534,-4.855,0,0
0,0.259,1.871,43.178,38.109,78.701,15,5,10,0,1,8.304,-3.31,-9.539,-64.412,-102.214,-36.305,18.348,-2.067,-7.614,-65.221,-3.45,-12.977,2.2,-19.304,11.132,-100.168,238.87,-104.55,7.465,-2.524,-20.295,-13.374,-112.046,-12.458,0,0
0,1.248,2.417,44.119,94.071,98.911,15,5,10,0,1,10.921,-4.412,-9.048,-62.061,-106.412,-37.405,17.1,-1.744,-6.795,-56.305,8.687,-11.298,-0.031,-1.451,-2.639,-81.618,-55.008,-60.351,8.133,3.952,-18.454,-10.687,-128.687,-22.916,0,0
0,2.445,2.925,45.104,98.545,119.705,15,5,10,0,1,10.699,-5.446,-6.61,-46.397,-109.939,-35.985,14.832,-0.639,-7.01,-48.046,21.191,-9.542,1.257,3.147,-6.079,-9.084,-155.466,-121.771,10.392,6.948,-14.205,-40.733,-115.099,-26.275,0,0
0,3.822,3.394,45.576,47.207,137.753,15,5,10,0,1,9.432,-4.543,-7.068,-40.992,-116.489,-36.992,14.842,-0.999,-5.624,-40.794,35.237,-11.237,5.624,5.806,-10.461,38.809,-99.557,-199.084,12.821,0.206,-12.181,-52.58,-74.702,-19.023,0,0
0,5.481,3.824,45.247,-32.936,165.905,15,5,10,0,0,8.701,-4.539,-6.943,-34.931,-124.824,-40.397,16.303,-0.994,-3.25,-31.878,54.26,-11.069,5.322,5.861,-17.747,53.252,-123.557,-32.107,15.335,-6.524,-16.528,-24.702,-33.053,-7.008,0,0
0,7.4,4.215,44.317,-93.006,191.849,15,5,10,0,1,9.4,-4.095,-10.088,-24.55,-128.397,-38.305,16.466,-0.968,-4.656,-29.237,71.45,-15.802,1.286,2.177,-21.73,32.763,-143.74,-26.626,18.957,-0.924,-11.11,5.252,-15.893,-15.863,0,0
0,9.601,4.567,42.673,-164.44,220.116,15,5,10,0,1,6.529,-6.677,-10.754,-10.244,-149.344,-38.733,14.971,0.666,-2.788,-22.779,91.435,-13.573,4.831,0.317,-17.718,46.183,328.412,-63.511,13.18,-6.011,-19.974,33.145,-2.702,-23.038,0,0
0,12.201,4.881,40.581,-209.13,259.964,15,5,10,0,1,11.76,-4.081,-10.414,-17.099,-158.84,-35.099,17.984,0.014,-3.497,-20.702,123.817,-16.519,5.48,4.608,-12.361,21.542,250.26,95.511,10.358,-0.948,-12.533,71.053,17.695,-15.893,0,0
0,15.2,5.156,37.879,-270.276,299.95,15,5,10,0,1,8.253,-7.18,-14.998,-19.099,-177.237,-30.855,18.109,-1.154,-5.985,-17.191,149.023,-19.802,1.605,3.481,-35.724,381.282,384.489,147.664,10.849,-6.469,-17.453,98.626,50.473,-6.244,0,0
0,18.749,5.393,34.649,-322.919,354.905,15,5,10,0,1,7.681,-9.673,-14.116,-17.893,-182.214,-32.473,16.193,-3.796,-7.755,-2.137,176.58,-15.985,1.157,6.603,-14.758,46.641,-211.618,5.069,1.734,-1.559,-11.896,107.527,43.557,2.031,0,0
0,22.799,5.59,31.097,-355.26,404.961,15,5,10,0,1,8.256,-4.625,-22.856,29.847,-217.74,-26.305,15.687,-4.939,-10.009,12.962,200.137,-4.611,0.187,5.337,-22.264,92.382,125.191,159.267,8.876,-7.48,-9.616,129.344,53.817,-15.038,0,0
0,27.399,5.749,27.34,-375.71,460.019,15,5,10,0,1,9.264,-6.67,-21.342,52.046,-236.183,-34.779,11.942,-4.857,-10.275,26.947,213.252,17.71,-0.654,5.695,-15.913,31.527,106.26,89.405,4.843,-4.251,-17.903,136.412,37.908,-17.405,0,0
0,32.225,5.869,23.882,-345.772,482.598,15,5,10,0,1,11.515,-10.287,-15.683,76.366,-247.176,-36.87,15.18,-2.886,-11.321,42.87,223.74,41.389,-0.654,5.695,-15.913,25.756,106.687,100.153,5.887,-3.933,-18.461,143.252,16.672,-12.992,0,0
0,37.312,5.95,21.191,-269.12,508.668,15,5,10,0,1,6.967,-4.122,-20.726,91.359,-253.725,-36.351,8.821,-2.752,-14.801,60.931,223.649,60.55,9.393,3.555,-12.459,67.802,297.282,156.58,6.222,8.26,-14.183,98.076,-2.947,-7.695,0,0
0,42.439,5.993,19.356,-183.518,512.696,15,5,10,0,1,7.71,-4.342,-21.835,105.069,-251.893,-35.16,13.544,-0.354,-14.396,67.603,229.924,70.55,8.584,9.833,-20.473,175.802,375.328,0.489,10.871,11.048,-11.578,27.252,1.069,-14.855,0,0
0,47.592,5.997,17.928,-142.742,515.328,15,5,10,0,1,10.378,-12.433,-21.11,151.252,-228.031,-27.389,16.993,-0.254,-14.152,50.687,237.924,89.405,5.111,14.64,-18.849,172.137,457.389,-227.664,9.695,6.268,-9.362,-26.153,-2.779,-19.282,0,0
0,52.403,5.962,16.664,-126.423,481.122,15,5,10,0,1,4.474,11.043,-32.168,163.481,-203.756,-13.832,22.793,-9.642,-13.35,56.489,233.267,87.42,2.759,7.767,-15.304,36.092,-134.214,-16.611,9.412,-0.69,-10.43,-22.168,2.382,-18.672,0,0
0,56.619,5.888,15.471,-119.328,421.544,15,5,10,0,1,9.973,-3.291,-14.413,181.771,-154.641,-24.183,24.628,-1.425,-13.41,59.084,238.122,114.214,3.331,7.815,-14.511,34.397,-268.412,-66.809,9.829,-0.505,-9.108,0.29,3.435,-15.099,0,0
0,60.083,5.776,14.251,-121.937,346.459,15,5,10,0,1,13.11,5.31,-15.39,137.573,-106.626,-23.771,15.263,-2.033,-13.122,75.435,225.924,92.672,0.532,0.952,-29.708,90.351,-75.985,-133.252,11.92,0.627,-7.683,14.702,8.626,-11.771,0,0
0,63.009,5.625,12.877,-137.387,292.626,15,5,10,0,1,7.784,5.583,-16.65,99.176,-74.275,-20.458,12.933,-1.083,-12.361,68.855,207.466,73.649,2.699,4.553,-12.315,27.069,457.511,-110.168,11.134,-0.845,-9.024,41.679,9.985,-8.809,0,0
0,65.51,5.435,11.431,-144.631,250.042,15,5,10,0,1,9.602,1.808,-14.981,63.374,-45.405,-13.863,12.107,0.002,-11.489,76.687,196.489,51.481,3.312,3.867,-15.52,78.26,-68.412,-34.443,10.136,-0.275,-9.4,55.206,12.87,-4.321,0,0
0,67.726,5.207,10,-143.143,221.569,15,5,10,0,1,7.374,1.746,-16.387,35.756,-20.992,-5.191,13.225,0.249,-11.192,71.878,195.435,27.771,0.757,2.869,-16.255,61.954,-127.344,-13.71,14.715,-0.457,-8.143,75.237,20.443,1.939,0,0
0,69.604,4.939,8.776,-122.349,187.855,15,5,10,0,1,5.619,0.084,-17.215,19.023,1.802,0.214,13.185,0.898,-10.962,61.527,195.344,12.809,4.67,8.434,-22.848,-486.87,145.084,-245.252,10.426,5.152,-7.76,72.458,13.084,5.405,0,0
0,71.322,4.633,7.644,-113.182,171.799,15,5,10,0,1,4.455,0.295,-17.603,1.985,23.267,2.198,12.897,-0.041,-9.676,51.832,199.878,-0.229,5.418,7.026,-18.988,-410.168,229.115,-161.954,8.371,3.53,-9.98,55.695,7.695,2.229,0,0
0,72.743,4.288,6.725,-91.919,142.113,15,5,10,0,1,3.731,0.469,-17.488,-13.038,41.435,2.733,11.542,0.228,-11.065,47.16,201.695,-5.664,3.157,6.847,-13.041,76.947,-119.557,-19.969,9.408,2.05,-10.205,39.389,8.947,2.748,0,0
0,74.039,3.905,5.982,-74.307,129.593,15,5,10,0,1,2.932,1.815,-17.761,-18.061,67.069,6.748,8.924,-0.304,-13.211,49.313,195.053,-11.832,2.991,5.988,-13.812,75.145,-97.817,-23.817,10.744,2.108,-9.729,28.718,5.084,1.557,0,0
0,75.219,3.483,5.36,-62.256,117.943,15,5,10,0,1,0.194,1.039,-17.771,-35.634,76.183,6.809,9.678,0.886,-10.296,52.122,191.069,-15.405,2.802,2.082,-24.707,-446.305,289.573,-128.977,8.773,3.185,-7.621,15.618,-3.74,0.031,0,0
0,76.277,3.022,4.832,-52.757,105.824,15,5,10,0,1,3.636,-0.527,-16.341,-42.519,93.145,6.718,9.954,0.838,-10.895,43.023,188.992,-21.359,5.315,4.513,-14.14,253.664,382.153,-48.855,8.593,-1.269,-10.203,21.985,-6.962,-2.473,0,0
0,77.152,2.522,4.561,-27.065,87.513,15,5,10,0,1,3.121,-0.869,-17.259,-37.084,117.42,7.924,11.194,0.414,-11.518,33.863,187.893,-26.733,2.285,7.223,-14.693,60.504,-68.855,3.634,9.628,1.3,-8.701,19.344,-12.473,-1.908,0,0
0,77.815,1.983,4.415,-14.637,66.296,15,5,10,0,1,3.36,-0.422,-17.388,-26.397,140.076,4.595,12.03,-1.748,-10.543,32.855,184.183,-27.832,6.091,6.28,-11.958,48.519,-55.969,4.702,7.53,3.818,-8.332,11.313,-24.687,-4.641,0,0
0,78.162,1.406,4.477,6.168,34.756,15,5,10,0,1,10.603,-1.305,-16.217,-13.618,167.008,-4.351,9.93,-1.873,-13.632,30.58,179.206,-21.832,4.982,7.353,-11.228,48.656,-95.511,125.069,4.539,0.038,-9.92,1.099,-39.115,-3.649,0,0
0,78.222,0.79,4.671,19.421,5.939,15,5,10,0,1,1.624,-0.148,-18.581,3.023,188.519,-5.863,6.732,-0.932,-12.902,38.611,170.412,-19.16,3.207,8.749,-14.229,37.74,-60.137,-0.885,9.951,3.94,-8.133,-7.863,-34.702,-4.29,0,0
0,78.13,0.136,4.872,20.142,-9.213,15,5,10,0,1,2.191,-2.273,-18.212,3.527,191.542,-16.718,9.52,-0.62,-11.498,32.29,171.466,-9.74,-0.031,9.657,-15.285,19.206,-51.008,-3.618,10.914,2.572,-7.666,-19.099,-31.405,-7.13,0,0
0,77.863,0,4.869,-0.332,-26.688,15,5,10,0,1,0.754,1.516,-21.941,29.71,213.985,-16.397,7.207,-2.591,-12.028,42.336,157.954,-6.641,0.302,9.324,-14.868,17.313,-52.137,-3.603,10.141,0.771,-8.627,-15.344,-35.664,-5.099,0,0
0,77.298,0,4.759,-10.963,-56.465,15,5,10,0,1,-0.826,-0.168,-20.631,40.702,220.244,-22.397,6.038,-2.12,-10.866,53.221,143.939,1.939,2.419,5.524,-19.816,-30.611,-125.802,0.519,4.625,-7.693,-18.904,12.275,-40.458,-7.542,0,0
0,76.555,0,4.755,-0.446,-74.284,15,5,10,0,1,4.1,-1.15,-19.512,40.198,232.275,-31.008,6.201,-2.524,-10.981,62.26,135.267,3.557,3.092,6.857,-13.716,-22.87,-58.092,2.168,8.33,4.155,-8.318,3.237,-51.664,-0.229,0,0
0,75.636,0,4.726,-2.85,-91.931,15,5,10,0,1,2.589,-2.915,-18.068,41.008,242.122,-36.794,6.028,-2.563,-10.957,70.198,122.992,4.336,3.42,6.984,-14.238,-19.099,-118.214,-6.443,11.036,2.941,-8.953,-8.565,-45.679,-1.267,0,0
0,74.523,0,4.649,-7.771,-111.305,15,5,10,0,1,2.74,-1.918,-18.784,37.45,250.962,-38.916,4.749,-1.655,-11.692,79.939,108.061,4.031,-0.065,8.601,-16.209,-18.137,-64.489,-8.611,13.125,4.764,-6.502,-29.557,-37.313,-0.229,0,0
0,73.205,0,4.334,-31.448,-131.848,15,5,10,0,1,1.154,-2.057,-18.566,27.344,257.74,-40.519,6.009,-1.427,-11.364,86.901,94.351,-1.221,-1.607,6.057,-17.632,-18.214,-75.756,-11.344,13.879,0.826,-9.491,-25.359,-30.87,-0.763,0,0
0,71.644,0,3.92,-41.393,-156.063,15,5,10,0,1,3.626,-2.431,-19.112,14.718,264.366,-42.809,6.752,-2.12,-10.26,90.84,82.229,-7.863,3.43,3.676,-13.228,-21.145,-166.809,-367.389,7.429,-1.217,-10.677,-8.947,-43.13,1.542,0,0
0,69.886,0,3.51,-40.993,-175.77,15,5,10,0,1,2.69,-2.256,-19.644,10.351,274.595,-44.061,5.841,-1.655,-10.402,92.901,68.885,-13.542,0.345,9.174,-22.528,-16.595,-375.084,22.473,9.664,-1.586,-11.228,9.985,-39.863,1.634,0,0
0,67.902,0,3.1,-41.039,-198.441,15,5,10,0,1,2.28,-2.9,-20.968,1.847,275.13,-42.885,6.325,0.819,-10.1,98.702,54.947,-22.687,2.203,3.272,-15.601,8.076,-337.099,2.443,10.37,-0.436,-10.21,18.626,-42.962,3.038,0,0
0,65.745,0,2.715,-38.441,-215.676,15,5,10,0,1,1.418,-4.771,-19.807,4.534,281.328,-36.916,5.343,0.474,-11.043,93.74,42.702,-30.336,4.028,10.118,-17.254,34.824,-336.672,8.794,11.063,2.948,-7.449,13.313,-42.55,5.405,0,0
0,63.412,0,2.28,-43.591,-233.3,15,5,10,0,1,3.511,-3.463,-21.131,2.412,280.763,-32.504,3.593,1.631,-10.811,84.962,27.832,-32.458,4.685,5.371,-15.86,64.656,-184.504,-4.763,8.586,0.441,-8.541,23.084,-43.008,4.351,0,0
0,60.973,0,1.862,-41.76,-243.886,15,5,10,0,0,2.05,0.498,-26.252,-2.015,282.565,-25.16,2.635,1.389,-10.09,72.076,13.313,-43.267,3.916,5.93,-13.285,46.031,-182.305,-24,9.628,-1.732,-9.242,33.679,-42.092,5.557,0,0
0,58.438,0,1.529,-33.314,-253.487,15,5,10,0,0,0.661,-5.674,-23.069,-5.038,264.183,-22.611,3.396,2.86,-8.706,52.611,2.412,-44.351,3.837,4.991,-12.382,50.336,-311.954,-46.595,8.735,0.493,-8.007,41.634,-53.42,8.519,0,0
0,55.955,0,1.334,-19.444,-248.28,15,5,10,0,0,4.467,-4.258,-23.862,-23.389,249.16,-15.969,3.648,1.763,-7.595,34.229,-8.443,-41.71,5.719,11.277,-12.9,111.069,-133.511,-48.489,10.018,0.764,-7.094,51.481,-63.893,10.382,0,0
0,53.458,0,1.367,3.296,-249.711,15,5,10,0,0,1.332,-3.573,-27.354,-36.275,228.656,-8.397,3.444,1.973,-6.579,28.641,-23.832,-41.466,5.374,8.482,-23.203,482.534,-55.71,463.634,10.196,-1.95,-11.642,54.977,-63.313,7.176,0,0
0,51.085,0,1.441,7.347,-237.305,15,5,10,0,0,1.368,-5.944,-27.773,-48.092,196.885,1.145,2.896,1.815,-5.259,22.718,-36.534,-36.931,5.063,5.864,-15.06,104.565,-257.053,-34.748,8.236,1.973,-9.396,42.046,-69.527,11.115,0,0
0,48.899,0,1.445,0.423,-218.628,15,5,10,0,0,0.206,-5.693,-28.062,-57.237,158.183,11.42,3.432,2.891,-3.463,15.511,-47.267,-33.359,0.405,8.538,-15.807,55.42,-56.183,-12.061,12.861,2.567,-6.5,36.244,-64.763,11.45,0,0
0,46.925,0,1.547,10.185,-197.4,15,5,10,0,0,0.12,-5.643,-27.991,-58.443,154.702,12.473,3.696,3.346,-3.997,-2.015,-57.74,-28.626,1.667,9.463,-14.832,53.206,477.603,-22.473,8.09,-0.62,-11.791,45.542,-80.87,14.168,0,0
0,45.156,0,1.928,38.155,-176.857,15,5,10,0,0,-0.249,-7.02,-27.71,-66.092,88.321,31.466,5.441,2.692,-4.658,-20.824,-69.481,-19.221,5.671,6.69,-23.51,452.748,387.176,54.718,8.236,3.221,-8.263,56.214,-104.153,19.206,0,0
0,43.607,0,2.653,72.453,-154.93,15,5,10,0,0,8.886,-6.922,-22.796,-67.344,57.496,23.252,15.414,-0.225,2.151,-27.802,-68.046,-14.931,7.789,8.577,-11.673,58.153,-107.359,4.031,11.319,4.718,-7.499,48.656,-117.45,19.893,0,0
0,42.307,0,3.576,92.32,-130.039,15,5,10,0,0,8.941,26.175,-49.05,-61.069,81.084,20.58,13.611,-5.992,-3.949,-47.756,-66.122,-7.771,6.083,6.965,-14.15,57.359,371.466,-9.588,12.945,2.009,-9.499,34.29,-117.115,18.885,0,0
0,41.274,0,4.62,104.393,-103.272,15,5,10,0,0,27.519,-5.829,-29.382,-48.687,11.084,5.863,1.332,2.532,-8.459,0.916,-86.58,25.313,6.601,6.958,-14.363,52.137,-49.985,377.405,11.623,0.448,-12.148,27.832,-121.771,18.137,0,0
0,40.934,0,5.788,116.764,-34.046,15,5,10,1,0,-4.594,-2.112,-35.995,-42.901,-92.046,-11.847,5.276,-1.468,-6.433,15.802,-73.099,31.435,5.676,5.431,-48.111,353.695,-120.916,15.634,13.158,-0.901,-10.136,16.076,-125.084,17.313,1,0
0,41.216,0,6.993,120.541,28.21,5,5,10,1,0,5.341,0.081,-15.97,-45.679,-115.13,-23.496,16.02,-1.806,-3.396,25.313,-59.985,28.672,5.365,6.291,-18.681,76.962,-44.824,0.244,15.98,-1.281,-7.336,13.542,-130.153,20.779,0,0
0.662,42.007,0,8.227,123.345,79.113,5,5,10,1,0,16.612,-12.581,-2.91,-13.206,-102,-18.336,16.36,-0.043,-4.038,21.725,-33.786,44.107,8.107,6.107,-12.296,32.244,-1.267,11.664,14.847,-1.686,-7.997,19.359,-144.382,24.595,0,0
1.286,42.922,0,9.486,125.977,91.507,5,15,10,1,0,13.374,-12.988,-4.886,51.115,-88.977,8.076,12.919,-1.839,-4.989,21.359,-10.168,68.137,10.205,6.067,-11.731,24.84,3.511,34.718,15.029,-1.863,-9.065,18.611,-147.74,25.344,0,0
1.871,43.977,0,10.772,128.54,105.469,5,15,10,1,0,3.557,0.101,-11.364,60.382,-93.985,8.656,7.59,-4.072,-4.191,34.153,-13.496,94,11.946,6.792,-10.05,11.481,11.023,21.771,16.293,-0.546,-6.529,6.168,-150.794,26.336,0,0
2.417,45.064,0,12.112,134.011,108.776,5,15,10,1,0,2.508,-5.085,-21.064,61.985,-101.542,-5.267,4.337,-2.752,-5.92,47.359,-36.626,102.427,12.045,6.294,-10.711,-0.916,43.725,44.305,19.876,-2.189,-5.018,0.443,-151.282,26,0,0
2.925,45.98,0,13.724,161.19,91.541,5,15,10,1,0,4.098,-3.873,-27.253,88.672,-105.939,-6.519,6.045,-2.896,-10.713,49.817,-62.87,85.374,9.52,4.968,-12.104,-42.595,73.832,67.725,17.476,-0.563,-4.414,-15.802,-158.748,24.779,0,0
3.394,46.361,0,15.621,189.686,38.132,5,15,10,1,0,2.742,-4.874,-25.823,90.779,-106.901,-8.092,9.336,-3.849,-12.612,64.672,-81.466,66.336,9.094,4.489,-10.538,-72.794,121.374,25.863,16.305,-0.259,-6.634,-32.977,-162.885,24.458,0,0
3.824,46.046,0,17.88,225.93,-31.483,5,15,10,1,0,9.13,-2.642,-20.07,105.542,-76.885,-7.023,14.789,1.981,-10.502,66.672,-95.603,46.84,9.918,7.748,-7.092,-58.962,164.336,30.595,12.351,0.309,-7.369,-42.55,-183.237,23.756,0,0
4.215,45.208,0,20.528,264.782,-83.851,5,15,10,1,0,10.766,3.645,-17.647,25.374,-33.481,10.26,14.684,4.677,-7.664,43.786,-110.626,24.26,4.464,6.629,11.142,-418.198,-110.656,66.931,18.514,3.899,-1.643,-69.649,-192.992,17.405,0,0
4.567,43.845,0,23.468,294.045,-136.231,5,15,10,1,0,10.09,3.399,-17.524,21.542,-33.053,12.351,13.254,4.73,-10.143,12.412,-133.237,6.916,11.491,6.675,-7.449,-47.649,141.832,13.695,20.75,1.451,-0.637,-88.687,-187.847,14.168,0,0
4.881,42.062,0,26.611,314.232,-178.379,5,15,10,1,0,8.141,9.681,-21.656,-70.382,10.412,35.405,13.74,-0.513,-9.274,-25.115,-152.168,-8,3.248,12.579,-2.136,487.817,-247.45,147.542,18.231,1.032,-4.263,-78.229,-169.344,15.008,0,0
5.156,39.864,0,30.005,339.444,-219.727,5,15,10,1,0,9.535,-8.732,-14.116,-78.061,35.328,37.893,8.335,4.258,-13.901,-30.595,-160.031,-9.374,9.12,8.129,-9.204,-84.519,388.58,8.611,15.572,2.05,-13.508,-84,-166.916,21.939,0,0
5.393,37.191,0,33.712,370.652,-267.346,5,15,10,1,0,6.634,4.16,-19.931,-115.206,46.122,45.832,12.217,-1.669,-11.827,-68.015,-179.496,-15.557,6.404,10.567,-12.698,-108,205.328,-7.344,13.896,3.109,-19.67,-93.557,-183.282,23.985,0,0
5.59,34.156,0,37.853,414.162,-303.532,5,15,10,1,0,12.497,1.897,-15.148,-132.748,61.557,44.58,10.643,2.84,-11.611,-74.137,-192.855,-14.015,7.674,2.664,-19.084,-265.557,433.023,-48.214,11.314,3.76,-21.72,-128.198,-208.733,21.344,0,0
5.749,30.874,0,42.384,453.038,-328.171,5,15,10,1,0,3.825,2.247,-12.133,-157.313,58.397,52.611,7.887,4.328,-8.96,-83.924,-204.656,-14.58,3.061,17.049,-22.255,-312.916,-61.634,-180.031,13.551,10.464,-12.088,-164.489,-227.756,23.038,0,0
5.869,27.443,0,47.21,482.61,-343.117,5,15,10,1,0,5.449,3.494,-18.013,-173.603,57.191,54.122,8.742,2.041,-6.958,-97.557,-206.58,-24.763,9.659,5.932,-18.341,-173.618,13.893,-105.282,13.041,2.711,-15.623,-185.191,-217.511,26.855,0,0
5.95,24.066,0,52.129,491.891,-337.647,5,15,10,1,0,4.912,-1.851,-19.208,-172.87,45.817,44.489,9.091,-0.393,-7.463,-107.359,-196.748,-24.137,7.278,4.179,-18.973,-175.847,-469.939,-349.069,17.069,1.308,-13.661,-186.565,-191.969,28.718,0,0
5.993,20.997,0,57.042,491.387,-306.931,5,15,10,1,0,2.589,-9.606,-16.978,-151.878,31.74,36.733,9.654,-3.353,-8.759,-117.13,-196.58,-14.382,6.598,-0.443,-21.39,-142.855,271.802,-206.84,10.514,3.765,-18.396,-172.214,-179.863,23.847,0,0
5.997,18.39,0,61.913,487.084,-260.674,5,15,10,1,0,10.026,-11.031,-14.892,-116.931,36.489,32.26,10.761,-0.771,-11.973,-106.87,-178.824,1.115,6.95,3.675,-34.201,-219.496,-338.824,289.221,8.612,6.881,-19.644,-184.046,-163.664,12.244,0,0
5.962,16.207,0,66.454,454.091,-218.296,5,15,10,1,0,5.738,-6.984,-16.219,-76.473,23.557,32.061,13.592,-6.043,-10.761,-110.107,-168.382,16.305,8.05,1.732,-18.082,-72.763,-464.718,-210.809,20.856,-0.309,-14.236,-166.26,-142.412,7.267,0,0
5.888,14.277,0,70.281,382.714,-193.028,5,15,10,1,0,2.819,-8.962,-16.717,-24.061,24.397,29.008,12.121,-8.478,-9.269,-84.336,-167.771,30.702,8.428,1.933,-15.879,-61.008,487.618,-142.107,12.018,-7.554,-13.702,-138.107,-83.527,8.153,0,0
5.776,12.541,0,73.281,299.939,-173.584,5,15,10,1,0,6.287,-6.22,-15.034,-17.924,26.763,23.771,10.72,-7.643,-10.593,-69.511,-166.198,40.992,8.129,9.227,-16.444,-84.489,439.588,-119.084,10.77,-6.27,-10.452,-81.145,-31.924,16.84,0,0
5.625,10.912,0,75.481,220.059,-162.884,5,15,10,1,0,4.807,-7.056,-15.692,6.168,27.939,23.099,7.437,-7.231,-8.481,-45.664,-170.275,42.229,8.742,9.792,-17.785,-63.328,397.053,436.031,15.941,-7.707,-8.677,-21.573,26.046,26.29,0,0
5.435,9.253,0,76.987,150.524,-165.951,5,15,10,1,0,6.819,-4.699,-11.63,-3.435,26.183,15.679,10.876,-3.992,-7.734,-33.466,-164.519,35.038,5.236,8.597,-28.453,-309.74,-4.901,-11.725,12.694,-4.697,-9.805,31.328,75.786,31.084,0,0
5.207,7.605,0,77.976,98.9,-164.784,5,15,10,1,0,8.466,-8.363,-12.672,2.595,34.718,16.519,7.82,-1.636,-8.749,-21.71,-162.977,22.412,4.424,1.722,-13.625,-39.328,184.229,17.878,9.597,-3.983,-13.728,75.634,100.397,28.962,0,0
4.939,5.854,0,78.649,67.349,-175.061,5,15,10,1,0,6.241,-1.056,-12.524,-9.511,26.641,14.366,8.704,0.424,-8.96,-25.023,-159.313,14.947,1.978,0.402,-15.443,-31.725,360.336,59.481,5.317,-0.874,-15.103,90.183,125.145,21.756,0,0
4.633,4.067,0,78.99,34.092,-178.711,5,15,10,1,0,7.42,-4.27,-13.163,-13.42,34.473,15.527,7.31,1.344,-10.002,-22.58,-162.153,7.817,-1.485,3.45,-23.524,-31.206,-308.244,252.092,3.195,-2.247,-18.537,92.229,146.031,13.786,0,0
4.288,2.2,0,79.356,36.564,-186.722,5,15,10,1,0,5.731,-1.186,-11.791,-23.298,24.931,13.878,9.729,0.762,-8.232,-40.076,-158.519,4.275,-0.331,1.425,-16.566,7.664,346.656,63.176,3.782,1.447,-14.643,88.031,156.321,13.298,0,0
3.905,0.427,0,79.612,25.646,-177.269,5,15,10,1,0,6.797,-7.324,-12.38,-15.374,30.702,15.481,9.173,2.326,-9.93,-45.771,-155.115,2.198,0.335,3.209,-16.607,17.74,325.313,124.031,5.518,-0.16,-13.798,69.511,175.985,13.939,0,0
3.483,-1.346,0,79.737,12.508,-177.292,5,15,10,1,0,3.966,-2.038,-12.097,-13.023,23.756,16.992,11.589,-0.103,-9.163,-54.885,-152.046,-0.443,5.233,2.091,-13.937,38.351,333.618,75.42,7.228,0.994,-9.942,67.908,181.618,22.336,0,0
3.022,-3.004,0,79.697,-4.028,-165.871,5,15,10,1,0,6.634,-5.755,-12.332,-14.504,24.824,16.092,11.53,-0.726,-9.805,-48.87,-146.931,-0.031,2.699,4.911,-19.682,65.466,-429.924,477.313,8.045,-0.805,-12.715,54.809,204.55,25.45,0,0
2.522,-4.517,0,79.381,-31.54,-151.223,5,15,10,1,0,5.384,-3.133,-11.463,-11.603,16.779,16.046,12.195,-0.34,-11.52,-46.901,-138.855,0.031,2.438,5.932,-15.359,22.748,307.298,42.015,6.797,2.254,-12.157,25.786,226.87,29.893,0,0
1.983,-5.864,0,78.718,-66.307,-134.789,5,15,10,1,0,5.224,-3.918,-11.192,-9.359,11.053,14.519,12.265,-1.432,-10.687,-38.931,-126.794,-0.305,0.309,6.907,-16.459,13.649,133.282,9.496,6.747,1.336,-13.901,8.046,248.382,36.519,0,0
1.406,-6.97,0,77.682,-103.638,-110.55,5,15,10,1,0,5.176,-4.907,-10.478,-6.229,4.977,12.397,13.391,-1.37,-9.676,-30.55,-109.206,-1.221,0.707,6.668,-15.917,-2.397,132.58,3.664,5.707,-0.999,-17.639,-6.26,263.466,46.504,0,0
0.79,-7.794,0,76.346,-133.621,-82.421,5,15,10,1,0,6.45,-6.155,-9.276,-6.412,-8.565,8.504,14.099,-1.77,-8.565,-24.366,-90.962,0.55,-0.323,7.062,-22.681,-185.527,-54.962,65.466,5.477,-1.554,-19.196,-21.527,276.931,56,0,0
0.136,-8.255,0,74.76,-158.615,-46.12,5,15,10,1,0,4.503,-3.7,-11.355,-4.336,-15.282,7.053,13.733,-1.736,-9.106,-19.74,-74.061,0.626,-2.211,6.464,-17.076,-40.305,435.115,-349.313,6.694,1.015,-18.195,-36.626,285.084,64.504,0,0
0,-8.315,0,72.888,-187.123,-5.917,5,15,10,1,0,6.304,-7.532,-7.53,4.901,-29.115,3.725,13.374,-2.747,-6.718,-16.733,-52.824,5.008,-2.146,8.08,-36.845,-406.947,121.649,96.733,6.591,1.607,-16.521,-58.397,296.015,70.397,0,0
0,-8.311,0,70.772,-211.659,0.401,5,15,10,1,0,7.599,-6.644,-7.559,20.672,-28.153,4.427,9.7,-4.27,-6.385,-2.519,-56.092,8.229,-2.96,6.334,-24.803,-124.031,356.931,-13.985,7.925,2.005,-15.539,-56.977,302.504,78.443,0,0
0,-8.439,0,68.443,-232.865,-12.829,5,15,10,1,0,5.626,-2.405,-9.25,7.618,-33.16,2.366,8.577,-1.712,-5.456,11.252,-69.664,6.931,-4.289,4.68,-18.034,-82.748,138.183,-12.947,2.936,-3.48,-20.214,-41.023,302.076,80.733,0,0
0,-8.464,0,65.971,-247.239,-2.563,5,15,10,1,0,5.267,-5.947,-6.74,-17.511,-50.305,-4.305,11.46,-1.588,-3.66,6.489,-65.191,3.817,-6.035,5.979,-26.522,-214.84,119.099,-0.244,5.669,-2.062,-19.953,-30.336,305.527,80.321,0,0
0,-8.472,0,63.495,-247.571,-0.755,5,15,10,1,0,6.256,-7.257,-9.115,-2.26,-52.351,-6.321,12.423,-2.282,-4.883,4.427,-63.084,3.832,-2.591,7.924,-20.075,-242.931,107.145,5.557,7.149,3.011,-17.108,-8.015,292.046,77.206,0,0
0,-8.483,0,60.998,-249.745,-1.076,5,15,10,1,0,6.644,-6.11,-9.621,1.42,-58.427,-8.244,11.601,-3.334,-6.799,3.023,-61.71,5.115,-3.741,3.94,-14.428,-123.695,41.985,15.115,6.277,0.874,-21.706,10.763,281.786,68.931,0,0
0,-8.475,0,58.548,-244.927,0.744,5,15,10,1,0,6.371,-5.861,-10.773,5.176,-63.695,-8.504,10.447,-3.516,-8.433,9.45,-65.603,7.634,-2.548,5.835,-16.588,-242.809,320.366,188.824,6.862,2.797,-20.674,5.328,278,61.725,0,0
0,-8.442,0,56.076,-247.227,3.296,5,15,10,1,0,6.512,-5.159,-11.345,8.656,-68,-9.679,10.155,-2.551,-9.693,18.427,-69.237,8.763,-4.603,3.018,-13.209,-79.145,34.076,0,7.168,2.922,-22.077,5.344,268.122,54.672,0,0
0,-8.424,0,53.645,-243.142,1.797,5,15,10,1,0,5.863,-3.719,-12.586,5.298,-75.099,-10.046,11.64,-1.001,-10.033,21.511,-70.092,10.153,-1.715,1.396,-9.003,-52.733,54.962,69.74,7.808,4.141,-21.435,1.527,244.962,51.802,0,0
0,-8.399,0,51.264,-238.06,2.563,5,15,10,1,0,8.373,-2.651,-12.492,6.336,-70.977,-7.557,8.33,-0.714,-12.191,14.443,-68.794,14,-2.266,1.051,-7.398,-3.053,21.435,148.763,7.077,0.845,-24.626,13.847,222.656,44.458,0,0
0,-8.34,0,49.038,-222.645,5.882,5,15,10,1,0,6.167,-3.262,-11.999,4.702,-76.351,-7.206,9.053,0.869,-10.243,7.603,-67.954,14.092,-1.815,1.217,-5.42,15.679,-0.305,153.405,4.426,1.068,-23.984,30.885,183.649,38.092,0,0
0,-8.124,0,47.038,-199.997,21.572,5,15,10,0,0,6.263,-3.056,-11.922,3.802,-77.16,-7.298,16.164,2.23,-7.305,-11.344,-51.16,11.649,-4.907,0.948,-8.423,48.763,-16.122,4.214,7.959,1.068,-24.202,47.344,160.672,26.87,0,0
0,-7.659,0,45.361,-167.656,46.566,5,15,10,0,0,8.962,-5.113,-11.958,-7.481,-96.901,-11.359,14.368,-0.726,-9.863,-30.794,-39.053,19.893,-3.046,2.079,-7.417,56.565,-53.557,53.618,5.475,1.655,-23.632,61.542,123.695,20.992,0,0
0,-7.025,0,43.936,-142.525,63.309,5,15,10,0,0,6.668,-5.221,-12.145,-0.198,-104.382,-8.26,11.829,-0.096,-10.505,-43.115,-32.366,25.954,-2.5,3.252,-6.814,66.092,-85.863,18.321,4.172,5.482,-22.757,74.122,78.656,3.786,0,0
0,-6.275,0,42.768,-116.787,75.073,5,15,10,0,0,7.645,-4.002,-13.415,0.809,-104.779,-10.168,11.4,-1.466,-11.039,-49.099,-30.229,24.672,-2.4,5.825,-3.545,130.947,-227.542,88.305,4.304,5.705,-23.502,79.267,34.992,-6.901,0,0
0,-5.432,0,41.922,-84.606,84.263,5,15,10,0,0,9.693,-3.602,-12.404,-5.008,-108.092,-15.74,11.398,-1.475,-12.33,-52.229,-29.206,22.122,1.839,5.664,-4.874,58.947,-232.55,65.466,7.834,1.962,-22.144,86.412,1.924,-8.351,0,0
0,-4.634,0,41.413,-50.869,79.8,5,15,10,0,0,11.719,-2.948,-12.061,-11.939,-105.466,-20.015,11.324,-1.097,-11.934,-54.992,-32.351,19.115,2.467,4.426,8.124,371.893,56.916,79.145,5.164,8.936,-22.099,80.29,-33.374,-7.786,0,0
0,-3.809,0,41.347,-6.592,82.466,5,15,10,0,0,10.869,-2.359,-12.543,-27.588,-102.855,-24.489,11.865,-0.793,-12.701,-61.45,-34.397,14.107,0.601,8.356,-5.456,21.176,-123.74,-53.985,4.431,5.03,-27.495,66.718,-90.351,-9.13,0,0
0,-3.052,0,41.699,35.145,75.737,5,15,10,0,0,10.969,-3.863,-12.382,-37.389,-101.878,-27.328,11.702,0.148,-11.585,-69.328,-35.954,14.519,0.005,15.903,-4.119,128.58,-37.634,-498.809,6.862,4.939,-22.75,17.023,-134.473,-11.313,0,0
0,-2.312,0,42.38,68.081,73.986,5,15,10,0,0,11.163,-2.021,-12.392,-48.611,-99.481,-26.351,11.75,-0.271,-11.149,-76.26,-35.634,13.237,-0.831,1.086,-19.658,-7.832,397.176,-480.733,13.165,5.439,-5.01,-22.122,-136,-4.84,0,0
0,-1.59,0,43.116,73.666,72.201,5,15,10,0,0,8.553,-3.039,-13.242,-56.366,-102.992,-28.763,13.951,0.678,-9.266,-81.588,-31.313,7.878,2.855,3.443,-27.389,-305.374,-111.649,348.824,15.97,1.957,6.39,-56.046,-90.565,2.595,0,0
0,-0.836,0,43.683,56.694,75.371,5,15,10,0,1,8.541,-2.903,-11.314,-66.031,-109.679,-31.802,14.638,-0.508,-9.729,-88.061,-26.092,2.58,0,19.327,-12.09,419.282,166.336,208.611,15.623,1.818,7.987,-65.374,-65.511,6.321,0,1
0,-0.031,0,43.767,8.434,80.555,5,5,10,0,1,10.727,-2.139,-11.067,-67.557,-106.168,-33.863,14.064,-1.727,-8.253,-87.374,-19.71,-4.275,8.224,5.75,-7.568,-112.809,-182.122,-184.061,8.464,5.913,2.302,-81.863,-66.275,-1.069,0,0
0,0.761,0.662,43.826,5.894,79.17,5,5,10,0,1,11.364,-1.569,-12.531,-66.901,-106.137,-35.634,13.762,-1.447,-10.275,-78.321,-15.053,-11.618,5.461,-1.715,-5.525,-116.26,-69.878,-127.969,13.661,-4.469,-20.861,-34.855,-78.794,-9.985,0,0
0,1.654,1.286,44.555,72.842,89.356,5,5,10,0,1,12.047,-1.293,-12.011,-65.664,-112.076,-37.405,14.624,-2.041,-8.531,-68.855,-7.069,-16.824,1.056,-2.503,-4.414,-123.221,-117.023,493.557,8.428,4.433,-19.531,-23.038,-136.565,-27.176,0,0
0,2.621,1.871,45.804,124.913,96.668,15,5,10,0,1,9.887,-2.747,-10.758,-59.588,-117.542,-38.718,14.693,-0.515,-8.282,-54.931,-2.794,-18.336,-1.389,1.341,-7.542,-66.885,-30.901,-83.573,7.161,7.664,-13.98,-49.695,-142.153,-37.16,0,0
0,3.767,2.417,47.111,130.715,114.636,15,5,10,0,1,8.802,-3.19,-9.228,-55.023,-124.977,-41.618,16.099,-0.62,-7.889,-45.496,9.374,-18.412,-1.212,4.735,-10.303,-9.725,-96.565,-357.374,8.598,1.135,-9.958,-67.786,-115.16,-28.794,0,0
0,5.137,2.925,48.147,103.638,136.917,15,5,10,0,1,9.618,-2.675,-10.143,-45.817,-132.565,-43.832,17.668,-1.626,-5.846,-36.824,27.634,-19.603,-1.15,4.45,-11.491,-4.244,-50.214,-165.954,9.331,-5.269,-13.963,-54.427,-92.641,-13.344,0,0
0,6.785,3.394,48.656,50.892,164.83,15,5,10,0,1,9.113,-1.662,-9.832,-25.74,-136.809,-43.16,17.8,-0.802,-6.059,-32.656,44.931,-17.527,1.545,8.43,-15.354,8.534,-92.885,-62.656,9.388,-4.28,-17.383,-62.595,-60.168,-13.206,0,0
0,8.765,3.824,48.51,-14.603,198.063,15,5,10,0,1,8.177,-5.997,-7.968,-6.992,-144.107,-40.595,15.872,-3.382,-7.135,-18.015,62.855,-18.321,3.609,5.832,-14.696,8.794,-94.489,-251.969,16.782,-6.9,-18.518,-20.412,-58.702,-13.786,0,0
0,11.066,4.215,48.104,-40.638,230.015,15,5,10,0,1,6.313,-3.111,-11.252,9.328,-158.824,-39.359,16.49,1.566,-3.643,-18.412,79.832,-15.115,0.86,3.252,-16.777,-4.702,-120.458,-39.267,17.781,1.09,-13.977,2.794,-47.649,-24.824,0,0
0,13.659,4.567,47.327,-77.66,259.289,15,5,10,0,1,14.327,-5.619,-3.863,1.74,-163.252,-43.466,17.579,1.856,-2.893,-14.977,108.29,-13.374,5.468,6.874,-11.728,-2.885,-254.672,-54.718,17.038,4.012,-10.449,-2.962,-34.336,-27.069,0,0
0,16.687,4.881,45.932,-139.561,302.846,15,5,10,0,0,13.733,-6.014,-6.311,-8.87,-172.031,-41.298,19.337,-0.642,-4.668,-16.366,141.374,-17.695,1.48,0.614,-29.952,10.733,-304.076,-17.374,17.647,-4.984,-14.008,11.618,19.267,-19.359,0,0
0,19.961,5.156,43.834,-209.782,327.428,15,5,10,0,1,11.934,-4.273,-14.255,-7.511,-174.076,-39.13,16.974,-3.19,-5.142,-12.061,162,-19.511,4.014,9.727,-33.942,-62.718,-333.191,182.718,13.134,-6.677,-16.827,38.702,30.855,-10.168,0,0
0,23.637,5.393,41.233,-260.056,367.619,15,5,10,0,1,11.585,-8.33,-18.552,9.176,-187.527,-43.985,17.915,-2.567,-5.92,-4.824,187.603,-16.015,1.174,1.818,-16.087,8.504,-367.634,32,10.675,-3.487,-17.187,64.107,49.405,-10.183,0,0
0,27.666,5.59,38.3,-293.29,402.844,15,5,10,0,1,5.693,-5.482,-19.397,33.511,-213.786,-43.176,14.399,-5.461,-9.235,14.656,202.656,-3.71,1.448,-5.879,-33.07,186.443,353.71,365.924,11.795,-5.391,-11.906,82.519,46.672,-12.015,0,0
0,32.134,5.749,35.22,-308.053,446.767,15,5,10,0,1,15.936,-12.591,-16.617,75.496,-215.237,-50.489,17.285,-6.684,-9.228,39.496,217.832,12.656,-1.054,-0.307,-17.503,31.557,-180.26,12.794,5.961,-16.665,-20.971,137.603,34.855,-27.252,0,0
0,36.777,5.869,32.452,-276.845,464.391,15,5,10,0,1,11.142,-4.505,-18.348,107.969,-220.84,-50.473,9.638,-6.711,-13.278,64.733,220.779,32.656,-0.043,2.3,-20.822,56.473,-365.802,26.87,8.011,0.51,-12.904,111.145,19.954,-22.473,0,0
0,41.553,5.95,29.823,-262.894,477.506,15,5,10,0,1,14.626,-5.219,-20.523,123.282,-212.656,-55.237,13.038,-2.637,-14.574,89.511,231.863,51.191,4.285,3.911,-13.422,27.557,338.687,66.809,8.126,3.13,-14.179,92.107,14.885,-21.496,0,0
0,46.474,5.993,27.585,-223.744,492.188,15,5,10,0,1,1.217,-17.817,-13.228,144.214,-222.763,-46.229,21.73,3.135,-15.683,80.763,251.282,66.031,6.701,5.602,-11.36,19.344,398.656,65.71,7.369,4.036,-15.759,75.618,1.969,-19.42,0,0
0,51.279,5.997,25.893,-169.201,480.47,15,5,10,0,1,16.198,-1.993,-23.256,157.679,-212.458,-62.351,-0.644,-5.085,-23.435,105.191,228.107,123.542,7.216,6.314,-11.467,50.122,411.847,-216.916,8.804,9.29,-13.798,28.366,-6.458,-20.397,0,0
0,56.143,5.962,24.564,-132.935,486.363,15,5,10,0,1,19.359,-12.852,-12.698,172.351,-171.084,-55.435,15.204,0,-15.541,103.924,240.534,104.748,5.877,15.744,-21.507,192.565,-29.328,-383.023,9.499,3.765,-13.122,-4.427,-6.58,-20.595,0,0
0,60.497,5.888,23.567,-99.644,435.403,15,5,10,0,1,10.44,-14.895,-17.136,169.313,-163.481,-55.038,30.443,4.323,-9.803,99.115,272.504,102.931,4.426,9.149,-14.485,5.298,-240.565,-113.588,11.249,2.831,-12.777,-20.336,-0.977,-15.42,0,0
0,64.364,5.776,23.48,-8.778,386.742,15,5,10,0,1,11.63,-1.32,-22.288,172.748,-111.817,-41.008,19.39,0.16,-12.854,94.595,271.771,94.626,4.685,10.41,-10.337,11.16,-202.092,-224.244,24.724,23.112,11.886,-9.206,-49.191,2.076,0,0
0,67.671,5.625,23.223,-25.623,330.701,15,5,10,0,1,5.137,3.672,-21.603,161.695,-81.359,-35.206,20.109,0.627,-9.003,87.252,269.16,91.954,2.318,4.26,-26.968,71.74,-248.198,-184.061,15.036,9.994,-9.087,-102.611,26,-26.931,0,0
0,70.722,5.435,21.693,-153.076,305.054,15,5,10,0,1,6.055,3.312,-18.128,135.191,-44.183,-27.191,14.574,1.363,-9.532,73.252,258.931,76.626,-2.11,7.003,-13.163,-13.313,-148.244,-33.435,8.311,-19.857,-12.507,-42.458,30.305,-22.794,0,0
0,73.42,5.207,19.774,-191.883,269.841,15,5,10,0,1,8.727,2.239,-15.41,98.748,-12.855,-19.725,12.969,1.368,-11.24,64.26,243.954,57.389,-0.417,5.079,-16.406,-25.023,366.153,-22.656,7.683,-11.307,-14.571,83.511,13.771,0.046,0,0
0,75.812,4.939,17.976,-179.821,239.182,15,5,10,0,1,7.686,0.699,-13.807,53.176,17.237,-8.534,13.304,0.807,-12.112,47.908,233.008,37.649,3.388,-5.946,-19.994,91.557,149.496,-465.099,9.666,2.057,-9.635,117.221,7.008,0.015,0,0
0,77.767,4.633,16.349,-162.644,195.546,15,5,10,0,1,4.323,3.075,-16.358,5.313,45.435,1.771,13.237,0.831,-11.606,44.336,218.504,21.023,6.845,-1.656,-11.453,94.336,448,22.046,9.329,3.339,-10.318,104.504,11.71,-0.824,0,0
0,77.767,4.633,16.349,-162.644,195.546,15,5,10,0,1,4.323,3.075,-16.358,5.313,45.435,1.771,13.237,0.831,-11.606,44.336,218.504,21.023,6.845,-1.656,-11.453,94.336,448,22.046,9.329,3.339,-10.318,104.504,11.71,-0.824,0,0
0,80.47,3.905,13.884,-108.41,114.613,15,5,10,0,1,3.463,2.105,-17.524,-62.198,108.183,13.206,12.263,0.352,-10.548,40.153,201.298,-13.588,6.112,4.773,-11.889,92.382,-417.969,-48.244,6.177,2.304,-13.019,53.053,-6.382,-5.786,0,0
0,81.239,3.483,13.222,-66.204,76.87,15,5,10,0,1,4.824,2.127,-18.013,-79.298,138.901,19.771,11.307,0.826,-11.805,36.916,193.939,-27.588,5.513,5.879,-18.011,194.55,-346.763,-119.939,11.003,3.971,-10.457,26.26,-6.641,-4.87,0,0
0,81.682,3.022,12.815,-40.695,44.323,15,5,10,0,1,0.843,-0.436,-15.544,-92.702,158.534,28.015,11.97,0.496,-10.974,28.092,185.71,-40.718,5.715,12.122,-20.156,-308.534,410.366,-119.939,10.323,4.22,-6.567,6.427,-11.969,-8.87,0,0
0,81.767,2.522,12.507,-30.796,8.48,15,5,10,0,1,-0.848,3.516,-18.339,-98,181.817,28.031,12.047,1.835,-10.54,12.779,175.969,-48.55,3.698,7.803,-13.668,78.092,-71.389,-16.595,12.183,0.513,-8.699,11.099,-7.725,-9.481,0,0
0,81.627,1.983,12.354,-15.324,-13.939,15,5,10,0,1,3.219,-2.661,-14.828,-81.679,211.878,29.939,10.275,0.577,-12.639,2.244,174.168,-52.931,4.565,6.881,-10.473,57.863,-57.038,-9.115,8.759,0.364,-8.423,19.221,-26.427,-10.092,0,0
0,81.155,1.406,12.402,4.784,-47.264,15,5,10,0,1,4.175,0.266,-18.296,-61.359,236.916,27.679,9.285,-1.77,-13.882,0.611,168.519,-48.824,2.85,7.684,-13.858,106.855,-218.824,-35.664,9.331,2.793,-8.26,15.16,-26.565,-9.191,0,0
0,80.295,0.79,12.428,2.563,-86.003,15,5,10,0,1,-0.084,-2.666,-19.148,-21.176,257.939,23.252,8.308,-0.548,-13.503,10.763,155.649,-35.313,2.946,8.416,-12.133,44.702,-115.74,-42.748,8.998,1.669,-8.311,15.511,-31.023,-9.771,0,0
0,79.093,0.136,12.46,3.273,-120.186,15,5,10,0,1,0.757,-4.273,-18.923,11.16,274,14.641,7.458,-1.54,-12.516,18.473,143.664,-23.344,2.254,8.026,-12.365,34.031,-215.221,-45.74,9.606,1.887,-8.538,12.015,-33.496,-10.198,0,0
0,77.555,0,12.456,-0.423,-153.763,15,5,10,0,1,0.022,-2.417,-19.38,45.115,292.122,5.359,5.662,-3.176,-13.096,28.061,126.672,-14.107,2.357,16.254,-15.031,53.053,-116.534,-43.725,10.284,2.532,-9.089,5.924,-36.626,-12.168,0,0
0,75.721,0,12.449,-0.71,-183.461,15,5,10,0,1,0.824,-1.188,-19.431,62.565,306.534,-5.344,4.749,-1.88,-14.349,43.435,108.763,-7.725,1.459,6.492,-18.983,39.71,-116.443,-19.145,9.132,-1.485,-13.544,4.672,-34.015,-13.634,0,0
0,73.644,0,12.405,-4.417,-207.642,15,5,10,0,1,2.376,-2.12,-18.719,68.611,315.847,-16.351,3.317,-3.221,-13.822,56.061,90.015,-3.435,2.371,6.704,-12.964,14.137,-54.931,-5.511,7.439,0.148,-10.878,2.214,-45.771,-12.198,0,0
0,71.326,0,12.394,-1.099,-231.835,15,5,10,0,1,0.836,-1.748,-18.549,64.031,318.702,-27.069,3.133,-3.894,-13.06,84.29,72.031,1.435,2.565,6.553,-13.446,17.618,-54.26,-10.275,10.093,1.779,-9.484,-0.427,-47.084,-11.573,0,0
0,68.846,0,12.391,-0.309,-247.971,15,5,10,0,0,3.89,-1.705,-17.903,58.702,325.359,-37.832,2.179,-2.366,-14.859,107.557,54.962,4.641,2.512,6.311,-13.623,15.878,-57.023,-12.275,9.652,0.97,-10.346,-0.321,-48.092,-10.855,0,0
0,66.217,0,12.376,-1.522,-262.894,15,5,10,0,0,0.493,1.926,-22.556,34.489,326.061,-43.817,0.695,-3.372,-15.18,136.916,39.573,-5.618,2.46,6.103,-13.91,13.359,-60.015,-12.336,9.678,0.829,-10.538,2.611,-48.321,-9.466,0,0
0,63.551,0,12.332,-4.314,-266.602,15,5,10,0,0,1.89,-4.414,-19.869,20.84,313.649,-48.168,0.802,-0.515,-12.665,153.74,29.863,-9.038,1.791,6.895,-14.26,12.565,-64.443,-26.992,11.901,2.733,-8.584,-0.702,-46.275,-8.565,0,0
0,60.863,0,12.086,-24.616,-268.776,15,5,10,0,0,4.151,-1.425,-23.514,6.565,309.069,-42.305,3.645,0.041,-11.647,152.229,26.198,-27.45,6.031,4.965,-10.167,8.595,-145.603,-18.748,9.099,1.679,-11.142,4.626,-46.779,-8.122,0,0
0,58.252,0,11.757,-32.959,-261.132,15,5,10,0,0,2.922,-4.431,-24.343,5.008,293.298,-40.916,3.6,3.528,-9.772,130.382,20.87,-34.947,4.56,3.59,-12.215,18.656,-75.557,-14.84,5.051,-1.351,-13.829,17.13,-49.45,-7.878,0,0
0,55.644,0,11.442,-31.426,-260.788,15,5,10,0,0,1.281,-1.02,-26.733,-0.519,277.924,-33.634,3.825,3.602,-8.236,102.092,14.382,-50.519,3.255,5.131,-17.508,48.26,-312.443,-38.779,10.466,-1.576,-12.016,31.481,-45.45,-4.87,0,0
0,53.136,0,11.212,-23.071,-250.786,15,5,10,0,0,1.092,0.141,-27.773,-6.427,259.267,-29.038,3.444,3.818,-6.613,72.779,3.832,-54.916,3.43,10.17,-20.2,64.015,-325.145,-25.527,7.013,-0.989,-14.358,35.756,-46.855,-4.626,0,0
0,50.66,0,11.057,-15.45,-247.616,15,5,10,0,0,2.242,-2.041,-25.248,-18.931,236.656,-21.847,2.496,4.5,-7.049,43.649,-8.977,-53.863,1.004,6.694,-16.969,41.847,-76.122,-12.824,15.204,3.688,-6.795,22.137,-43.771,-1.74,0,0
0,48.394,0,10.948,-10.906,-226.651,15,5,10,0,0,0.944,-3.291,-26.688,-35.542,207.038,-15.924,6.34,4.862,-4.203,11.527,-19.084,-50.672,7.53,6.032,-11.75,99.313,-242.153,-57.405,12.174,0.913,-9.194,28.397,-63.618,1.603,0,0
0,46.226,0,10.948,-0,-216.797,15,5,10,0,0,2.778,-4.359,-26.53,-41.878,184.061,-8.809,6.514,4.725,-4.04,-12.733,-27.679,-45.634,5.413,5.058,-11.985,53.817,-64.55,-10.687,10.734,0.963,-9.075,31.206,-56.031,3.557,0,0
0,44.325,0,10.948,-0,-190.087,15,5,10,0,0,1.612,-4.275,-27.528,-54.519,149.771,-3.481,5.765,3.066,-4.378,-28,-34.962,-35.481,2.845,5.994,-16.449,113.389,-132.962,-28.275,11.146,0.163,-10.021,27.053,-59.45,2.305,0,0
0,42.6,0,10.948,-0,-172.509,15,5,10,0,0,1.075,-6.081,-26.87,-60.076,110.26,3.145,4.625,-0.429,-1.777,-34.595,-45.557,-28.824,4.086,6.21,-13.161,55.023,-65.817,-5.817,11.178,-0.268,-9.453,29.847,-61.664,4.718,0,0
0,41.142,0,10.948,-0,-145.741,15,5,10,0,0,3.099,-9.824,-23.972,-52.656,71.74,11.679,2.934,1.394,-3.628,-28.794,-61.756,-18.092,-0.247,8.599,-14.356,100.473,-141.42,-12.55,11.597,-1.854,-9.64,37.985,-62.214,8.366,0,0
0,39.989,0,10.948,-0,-115.299,15,5,10,0,0,2.201,-5.415,-25.1,-60.214,30.504,12.595,9.829,0.709,0.029,-24.412,-66.397,-13.786,3.482,5.322,-13.496,51.908,-63.786,4.015,12.294,0.618,-9.499,45.969,-62.382,16.519,0,0
0,39.169,0,10.948,-0,-82.031,15,5,10,0,0,5.595,-8.224,-23.665,-50.382,6.534,10.763,9.86,-0.675,-2.144,-33.634,-65.634,-3.939,4.287,5.782,-13.793,55.679,-61.924,7.817,11.527,0.376,-10.236,44.992,-65.084,15.756,0,0
0,38.66,0,10.962,1.408,-50.903,15,5,10,0,0,1.602,-3.42,-30.778,-54.198,-40.779,9.496,7.24,0.699,-2.316,-12.534,-65.924,2.519,5.013,6.356,-13.944,56.015,-240.672,7.206,11.551,0.821,-9.805,40.611,-69.542,15.771,0,0
0,38.601,0,10.977,1.442,-5.882,15,5,10,0,0,0.299,-5.782,-33.025,-32.779,-90.412,4.901,5.164,-2.151,-4.912,-3.191,-68.107,16.458,4.943,6.213,-13.867,54.092,-121.618,17.344,12.025,0.036,-9.7,38.092,-71.695,17.527,0,0
0,38.982,0,10.999,2.22,38.086,15,5,10,0,0,1.32,-6.426,-32.443,-30.046,-96.305,4.137,8.783,-3.178,-5.964,8.321,-70.885,38.092,6.055,5.487,-12.88,52.595,-231.145,47.817,12.133,-1.396,-9.913,40.885,-72.214,20.153,0,0
0,39.579,0,11.01,1.076,59.704,15,5,10,1,0,10.394,-5.437,-3.921,14.794,-113.344,-12.855,12.636,-3.226,-6.55,24.214,-60.672,43.344,4.397,5.791,-13.846,54.824,-106.809,17.099,17.85,-2.093,-7.437,41.74,-68.931,21.695,1,0
0,40.169,0,11.065,5.516,58.983,5,5,10,1,0,14.382,-7.829,-1.516,39.786,-80.733,-12.962,13.69,-6.364,-8.272,41.313,-39.588,55.252,6.016,6.759,-12.286,49.099,-47.893,18.733,13.029,-0.235,-7.899,44.153,-81.435,26.947,0,0
0.659,40.707,0,11.263,19.787,53.799,5,5,10,1,0,10.313,-1.509,-10.318,47.16,-66.29,-1.573,12.195,-3.633,-8.04,69.237,-23.405,66.412,12.392,5.7,-7.937,48.656,-26.153,25.618,13.223,1.751,-5.073,52.168,-108.763,31.924,0,0
1.279,41.501,0,11.775,51.258,79.468,5,15,10,1,0,5.319,-1.442,-15.026,38.031,-92.855,-1.008,10.799,2.927,-5.691,78.382,-10.473,86,2.759,5.292,-11.573,196.809,-45.802,213.863,12.392,2.635,-6.263,53.282,-111.084,32.229,0,0
1.862,42.706,0,12.742,96.726,120.484,5,15,10,1,0,5.204,-6.735,-16.099,41.115,-113.695,0.366,4.402,1.473,-6.294,60.58,-13.939,102.244,3.904,15.908,-9.283,70.962,75.969,94.595,14.025,4.263,-6.134,41.847,-129.756,27.786,0,0
2.405,43.842,0,14.104,136.196,113.549,5,15,10,1,0,0.268,-1.871,-27.962,68.244,-113.267,2.198,3.813,-1.071,-6.572,52.641,-38.901,96.214,10.517,8.672,-9.501,20.641,70.137,36.916,16.145,5.497,-5.71,9.42,-127.481,20.611,0,0
2.911,44.808,0,15.712,160.744,96.646,5,15,10,1,0,5.93,-0.158,-22.65,63.969,-109.221,-5.298,8.234,-1.997,-9.034,46.824,-63.496,78.092,9.456,8.905,-9.623,4.992,50.031,14.092,12.559,2.991,-5.391,-15.42,-142.137,13.908,0,0
3.378,45.171,0,17.547,183.495,36.255,5,15,10,1,0,12.66,-5.058,-16.729,91.069,-71.679,-5.679,10.002,-5.841,-12.775,38.229,-81.206,53.221,8.543,8.1,-8.61,-12.656,70.015,10.84,13.304,-0.093,-6.433,-17.924,-153.664,11.084,0,0
3.807,44.677,0,19.839,229.26,-49.416,5,15,10,1,0,10.663,5.233,-21.138,68.031,-49.023,3.634,12.674,-3.3,-12.143,54.275,-106.519,34.611,9.925,6.831,-4.761,-24.962,94.519,8.427,14.828,3.672,-1.406,-32.611,-168.718,10.901,0,0
4.198,43.527,0,22.366,252.64,-114.979,5,15,10,1,0,11.048,2.951,-17.294,24.641,-25.267,16.061,13.604,3.336,-9.602,50.458,-134.214,14.977,0.115,8.598,2.041,-42.992,477.496,21.679,18.856,4.974,2.206,-48.519,-157.679,13.389,0,0
4.55,41.78,0,25.116,275.036,-174.729,5,15,10,1,0,12.263,4.766,-18.142,-28.84,-8.122,29.924,15.199,2.908,-10.232,23.832,-159.618,4.397,5.961,7.331,-7.278,-10.824,140.55,6.855,16.957,2,-2.429,-37.618,-148.702,12.473,0,0
4.865,39.564,0,27.933,281.663,-221.581,5,15,10,1,0,9.123,2.96,-21.076,-58.656,20.198,40.611,11.587,2.62,-12.234,5.206,-173.344,-1.374,7.535,7.75,-7.034,-17.954,320.733,12.305,17.912,-0.091,-5.042,-31.023,-143.206,11.237,0,0
5.14,36.931,0,30.914,298.073,-263.238,5,15,10,1,0,8.399,0.774,-19.361,-103.466,32.901,41.435,15.268,0.321,-14.48,-26.382,-188.504,-4.641,9.022,9.053,-8.318,-26.046,333.374,29.069,14.224,0.874,-11.503,-24.26,-150.687,17.847,0,0
5.378,33.935,0,34.103,318.959,-299.595,5,15,10,1,0,13.165,1.734,-16.789,-130.489,51.313,40.198,10.399,1.538,-13.29,-52.794,-202.229,-1.695,6.744,9.341,-11.554,-41.557,177.71,2.183,13.601,3.207,-17.512,-26.626,-161.573,14.305,0,0
5.577,30.57,0,37.637,353.383,-336.583,5,15,10,1,0,6.11,3.396,-8.059,-145.985,40.565,52.656,5.612,1.93,-8.747,-44.702,-210.87,4.076,7.005,8.972,-13.522,-59.466,189.588,-8.061,15.747,4.22,-20.365,-51.008,-184.061,9.466,0,0
5.738,27.128,0,41.512,387.509,-344.182,5,15,10,1,0,-2.448,3.228,-15.28,-161.695,33.74,51.374,7.889,4.16,-7.659,-53.969,-217.511,1.16,7.118,16.407,-23.5,-320.122,-201.481,-84.092,13.527,8.686,-32.716,-181.298,-394.26,11.542,0,0
5.86,23.824,0,45.694,418.191,-330.346,5,15,10,1,0,-2.599,-0.378,-18.578,-166.229,15.679,40.229,10.581,1.339,-6.687,-67.771,-202,1.878,9.173,7.755,-18.279,-91.847,430.366,-87.145,14.593,8.72,-14.322,-130.153,-202.534,9.191,0,0
5.945,21.126,0,50.037,434.281,-269.864,5,15,10,1,0,2.369,-1.76,-16.363,-166.794,17.893,38.107,13.232,3.47,-6.689,-64.779,-184.076,4.55,4.062,4.87,-47.488,190.183,-317.817,94.534,15.326,9.511,-13.036,-142.885,-182.183,13.511,0,0
5.991,19.118,0,54.457,442.029,-200.73,5,15,10,1,0,4.366,-11.216,-15.007,-72.137,0.87,31.221,15.01,-1.221,-6.347,-76.672,-148.427,13.74,4.845,5.255,-18.719,-107.573,240.733,-108.55,14.186,1.229,-17.79,-122.656,-174.397,-0.275,0,0
5.998,17.577,0,58.903,444.604,-154.164,5,15,10,1,0,8.838,-11.163,-12.883,-7.252,5.573,32,12.818,-3.26,-10.021,-72.794,-130.947,31.634,7.645,1.439,-17.876,-91.115,-498.611,-174.718,15.326,10.356,-13.391,-124.305,-169.221,-0.137,0,0
5.968,16.27,0,63.331,442.773,-130.715,5,15,10,1,0,6.902,-5.774,-14.037,10.214,3.71,32.183,10.567,-5.14,-9.884,-53.206,-128.183,39.542,7.154,4.891,-19.105,-66.031,251.618,-85.74,11.503,4.481,-15.63,-146.061,-132.458,-14.687,0,0
5.899,15.028,0,67.385,405.385,-124.18,5,15,10,1,0,8.021,-4.134,-13.609,15.13,8.336,31.282,7.666,-4.206,-10.114,-37.374,-133.878,41.954,3.758,5.259,-22.238,-53.374,489.023,-179.176,16.377,1.183,-12.246,-122.824,-105.496,-15.969,0,0
5.791,13.721,0,70.874,348.965,-130.715,5,15,10,1,0,6.098,-0.043,-14.665,-8.809,4.092,27.71,9.362,-2.682,-9.606,-31.924,-136.031,36.168,5.535,1.844,-15.908,-39.176,476.504,-138.718,6.867,-1.322,-12.792,-105.466,-77.817,-17.863,0,0
5.646,12.421,0,73.716,284.215,-129.994,5,15,10,1,0,7.192,-5.238,-13.05,-24.458,4.855,24.672,8.941,-1.473,-8.102,-33.313,-132.076,30.504,5.286,4.134,-14.181,-20.366,216.87,-108.855,10.569,-5.247,-12.219,-62.641,-28.672,-10.275,0,0
5.462,11.007,0,76.005,228.882,-141.381,5,15,10,1,0,3.578,-2.469,-14.962,-29.435,6.015,27.939,8.778,-0.783,-8.076,-41.786,-133.557,22.153,1.835,7.987,-14.562,-15.542,388.809,-174.901,10.543,-7.046,-13.994,-11.603,11.771,-2.55,0,0
5.24,9.568,0,77.752,174.649,-143.864,5,15,10,1,0,6.34,-1.715,-12.526,-54.015,5.618,20.931,10.397,1.523,-9.063,-57.191,-129.924,19.847,5.544,3.445,-17.824,-45.985,370.672,-86.84,8.133,-2.848,-11.175,21.267,46.427,5.069,0,0
4.979,8.205,0,78.99,123.814,-136.288,5,15,10,1,0,8.967,-4.268,-13.206,-52.397,12.718,20.611,8.864,0.869,-10.591,-76.153,-126.977,20.84,4.792,3.482,-13.47,-26.458,177.45,-9.389,10.782,-1.993,-13.096,36.611,88.412,3.176,0,0
4.681,6.8,0,79.843,85.282,-140.568,5,15,10,1,0,5.633,-1.392,-12.895,-49.084,8.321,21.45,10.526,1.207,-9.35,-85.847,-125.435,22.809,3.679,2.534,-14.681,-26.626,348.107,-3.756,9.532,0.939,-12.979,43.542,114.336,-2.29,0,0
4.344,5.551,0,80.315,47.253,-124.901,5,15,10,1,0,7.429,-4.033,-11.692,-56.076,11.115,20.153,12.018,0.508,-8.823,-98.962,-119.359,21.42,1.779,2.266,-14.823,-19.45,336.489,9.71,5.509,-1.449,-16.015,48.626,132.809,-5.771,0,0
3.968,4.313,0,80.553,23.792,-123.78,5,15,10,1,0,7.013,-5.015,-12.5,-43.191,14.779,22.992,10.157,-0.86,-9.369,-96.916,-119.466,21.603,0.769,3.238,-15.872,-9.221,370.534,12.58,4.613,-0.189,-15.251,46.397,149.176,-5.74,0,0
3.555,3.21,0,80.52,-3.296,-110.275,5,15,10,1,0,5.612,-3.178,-11.64,-44.901,7.74,21.573,10.222,-0.884,-10.227,-98.702,-115.954,19.634,0.268,3.394,-16.401,1.038,311.084,21.679,4.701,-3.03,-17.795,35.069,175.115,-3.45,0,0
3.103,2.229,0,80.495,-2.541,-98.145,5,15,10,1,0,6.747,-6.007,-11.817,-40.55,2.382,18.901,10.914,-0.98,-10.141,-95.084,-106.198,20.107,-0.017,3.547,-16.063,11.664,147.756,5.802,6.744,-8.874,-22.542,45.435,187.756,5.282,0,0
2.612,1.358,0,80.414,-8.091,-87.09,5,15,10,1,0,6.421,-5.827,-12.042,-26.84,3.924,19.588,11.106,-3.578,-9.101,-88.168,-102.794,19.023,0.608,4.105,-14.772,8.855,-433.221,5.13,2.915,-1.614,-15.589,31.802,189.511,9.725,0,0
2.084,0.515,0,80.055,-35.889,-84.252,5,15,10,1,0,5.76,-4.548,-12.73,-21.16,-2.641,17.878,10.988,-3.482,-8.514,-79.176,-98.427,16.214,2.388,4.757,-14.571,0.366,274.55,-21.74,6.069,2.936,-11.237,-6.031,212.031,12.565,0,0
1.517,-0.199,0,79.32,-73.551,-71.411,5,15,10,1,0,5.844,-6.009,-12.916,-18.137,-4.244,14.107,10.387,-3.238,-10.315,-71.542,-92.29,12.076,0.73,6.146,-14.964,12.015,129.878,-11.267,9.525,-0.417,-13.848,-9.374,231.985,20.87,0,0
0.912,-0.715,0,78.309,-101.097,-51.647,5,15,10,1,0,4.16,-6.665,-13.932,-10.641,-19.817,13.481,9.86,-4.318,-11.3,-63.924,-85.664,13.328,-0.963,7.137,-16.842,-3.664,119.878,-14.916,7.942,-1.631,-15.956,-28.305,255.115,31.389,0,0
0.268,-0.935,0,76.998,-131.069,-22.007,5,15,10,1,0,6.201,-7.494,-12.425,3.405,-26.977,7.466,13.618,-4.273,-10.066,-54.641,-67.496,14.504,-0.477,7.977,-21.924,-56.244,445.908,-8.061,8.945,0.017,-15.172,-38.824,266.412,43.954,0,0
0,-0.961,0,75.419,-157.883,-2.563,5,15,10,1,0,6.388,-7.187,-12.251,25.771,-28.779,7.237,11.75,-5.214,-10.16,-38.794,-61.481,14.458,-0.915,7.13,-15.685,-43.42,410.061,-88.794,7.741,0.393,-16.459,-42.779,272.214,54.977,0,0
0,-0.994,0,73.639,-177.956,-3.273,5,15,10,1,0,6.867,-5.942,-12.085,40.015,-25.802,8.641,8.035,-5.806,-11.156,-18.26,-69.359,13.573,-1.559,7.159,-15.381,-53.069,119.924,-35.847,8.198,0.589,-16.312,-49.969,281.267,61.74,0,0
0,-1.045,0,71.669,-197.045,-5.093,5,15,10,1,0,9.183,-1.19,-12.037,19.679,-31.405,6.443,8.363,-5.015,-10.782,-0.031,-78.168,8.153,-3.046,5.979,-19.4,-496.489,-371.069,-126.412,7.001,2.088,-16.226,-42.412,280.397,66.397,0,0
0,-1.206,0,69.526,-214.257,-16.159,5,15,10,1,0,9.832,-8.306,-8.071,23.679,-30.305,4.26,7.899,-3.846,-9.635,15.252,-82.153,8,-4.5,4.927,-16.432,-71.511,134.55,-30.29,8.167,-1.291,-17.383,-44.168,290.015,64.626,0,0
0,-1.777,0,67.245,-228.138,-57.118,5,15,10,1,0,8.821,-2.45,-12.078,15.389,-18.87,8.641,7.072,-2.572,-10.691,21.618,-97.908,4.29,-3.032,4.843,-13.944,-78.916,58.336,-15.282,6.431,0.417,-15.323,-32.198,284.092,66.656,0,0
0,-2.667,0,64.872,-237.282,-88.967,5,15,10,1,0,8.373,-2.235,-11.783,-6.885,-12.855,7.084,6.349,0.362,-11.185,18.885,-108.84,3.847,-3.66,3.124,-19.151,-177.344,92.076,-32.427,7.556,-2.254,-18.935,-10.214,282.382,67.252,0,0
0,-3.736,0,62.466,-240.624,-106.911,5,15,10,0,0,7.029,-2.848,-10.768,-33.756,-12.733,6.046,9.149,1.164,-8.021,-2.092,-114.229,2.702,-4.845,4.675,-14.667,-100.672,75.618,-5.954,8.256,-1.722,-18.049,-9.588,282.015,65.725,0,0
0,-4.835,0,60.046,-241.986,-109.875,5,15,10,0,0,5.07,-3.205,-10.94,-53.145,-17.618,2.183,13.453,2.472,-5.901,-29.771,-107.252,4.794,-2.057,2.69,-11.779,-90.87,34.718,2.351,9.149,2.544,-16.803,-3.069,271.725,64.672,0,0
0,-5.879,0,57.595,-245.076,-104.359,5,15,10,0,0,7.025,-4.893,-9.118,-61.221,-19.16,1.405,13.338,1.454,-6.752,-60.748,-96.107,9.374,-2.132,7.454,-12.411,-176.244,119.573,45.191,5.691,1.233,-20.063,-0.779,264.031,57.267,0,0
0,-6.699,0,55.157,-243.851,-82.031,5,15,10,0,0,5.329,-4.869,-10.117,-66.885,-29.618,-0.855,15.228,0.759,-6.428,-82.061,-78.061,13.435,-1.269,2.292,-10.677,-67.878,50.565,68.397,9,1.899,-19.579,-13.359,257.069,56.229,0,0
0,-7.266,0,52.689,-246.815,-56.763,5,15,10,0,0,6.158,-6.878,-9.491,-55.969,-39.16,-1.16,10.746,0.053,-8.028,-91.084,-66.046,20.29,-2.17,3.023,-10.291,-47.511,32.672,18.26,10.179,1.032,-20.717,-20.321,249.038,50.489,0,0
0,-7.479,0,50.301,-238.77,-21.263,5,15,10,0,0,3.825,-3.569,-12.974,-55.725,-55.344,-1.359,12.612,-1.775,-7.305,-88.244,-59.099,12.947,-1.396,3.396,-8.28,-37.985,6.962,86.412,8.236,2.438,-19.378,-22.015,224.26,47.374,0,0
0,-7.417,0,48.034,-226.685,6.168,5,15,10,0,0,9.582,-11.276,-5.427,-38.122,-69.603,-8.427,11.125,-5.085,-8.955,-76.84,-48.275,15.893,-1.169,4.828,-4.244,-56.305,3.908,176.122,8.21,-0.017,-20.142,-10.275,201.053,43.802,0,0
0,-7.388,0,45.951,-208.352,2.987,5,15,10,0,0,8.553,-5.772,-11.937,-22.901,-66.168,-6.519,11.807,-4.857,-9.635,-55.954,-55.237,12.198,-1.705,2.85,-7.226,-8.931,-15.328,83.664,7.42,1.892,-19.428,-0.901,180.382,37.374,0,0
0,-7.194,0,44.035,-191.54,19.398,5,15,10,0,0,3.837,-2.606,-14.772,-29.603,-82.382,-10,17.555,-2.335,-7.563,-43.267,-47.756,5.557,-1.667,6.399,-3.099,6.214,-124.58,138.504,5.384,2.232,-20.528,15.786,147.511,27.466,0,0
0,-6.703,0,42.329,-170.643,49.049,5,15,10,0,0,7.547,-6.026,-11.522,-20.092,-92.885,-18.55,16.466,-2.194,-8.73,-42.992,-35.756,14,-0.853,7.396,8.632,70.092,-178.809,217.649,4.598,5.54,-18.32,23.13,112.214,15.847,0,0
0,-5.953,0,40.893,-143.612,75.05,5,15,10,0,0,8.354,-4.577,-11.647,-11.313,-98.305,-18.962,14.32,-1.698,-8.929,-43.878,-26.489,17.008,-0.958,3.631,-5.755,8.244,-21.099,12.718,4.495,2.711,-21.282,36.748,83.267,5.557,0,0
0,-5.084,0,39.798,-109.474,86.849,5,15,10,0,0,9.072,-1.586,-13.055,-8.87,-97.679,-19.969,12.102,-0.517,-11.178,-45.191,-23.099,15.237,0.096,3.806,-4.795,5.603,-65.282,11.908,12.306,-1.509,-19.254,44.427,65.344,3.725,0,0
0,-4.136,0,39.051,-74.707,94.837,5,15,10,0,0,7.128,-2.431,-12.655,-15.664,-106.382,-23.847,11.872,0.299,-10.212,-43.863,-21.16,12.061,2.668,9.599,9.063,126.031,-216.427,17.832,7.959,2.898,-20.013,59.069,26.244,8.992,0,0
0,-3.158,0,38.597,-45.399,97.767,5,15,10,0,0,7.963,-3.08,-12.377,-23.145,-110.336,-24.962,11.992,0.508,-10.119,-44.84,-17.13,6.321,0.843,5.461,-5.925,3.679,-121.221,7.328,6.845,4.565,-24.384,51.145,-2.916,-0.992,0,0
0,-2.143,0,38.432,-16.457,101.486,5,15,10,0,0,9.135,-3.468,-12.368,-28.26,-113.023,-27.115,12.045,0.287,-10.021,-52.031,-11.939,0.473,1.966,5.638,-4.306,0.534,-29.893,0.321,1.233,4.771,-28.709,40.244,-61.267,-4.107,0,0
0,-1.151,0,38.611,17.864,99.22,5,15,10,0,0,8.754,-1.205,-13.922,-25.695,-111.038,-28.229,11.53,-0.589,-12.684,-48.718,-15.115,-2.489,-0.445,6.562,8.593,-15.527,367.863,-115.786,-0.711,5.08,-28.307,15.908,-110.015,-9.664,0,0
0,-0.196,0,39.307,69.58,95.524,5,15,10,0,0,10.323,-0.936,-13.968,-24.702,-105.756,-31.42,11.942,-2.62,-12.322,-47.771,-19.42,-7.374,0.331,6.404,-6.613,-5.618,-54.702,-36.855,4.548,2.419,-19.524,-1.084,-160.29,-8.763,0,0
0,0.735,0,40.523,121.651,93.086,5,15,10,0,0,8.627,-1.724,-14.018,-21.069,-106.321,-33.74,11.645,-1.032,-13.711,-37.908,-21.832,-9.328,-0.939,8.059,-11.46,-11.084,-49.359,-37.023,11.417,4.668,-6.091,-42.885,-158.824,-11.435,0,0
0,1.592,0,41.779,125.542,85.659,5,15,10,0,0,9.951,-1.399,-13.917,-13.74,-102.168,-34.015,11.522,-1.305,-11.975,-24.351,-23.191,-11.298,0.335,21.868,-19.261,-55.71,-117.695,-227.176,14.231,3.818,1.32,-78.153,-123.634,-11.527,0,0
0,2.372,0,42.797,101.841,78.015,15,15,10,0,1,10.478,-2.824,-13.709,-5.969,-98.26,-36.397,12.404,-2.773,-13.371,-16.031,-26.183,-16.962,5.794,8.361,-12.931,-69.832,-55.832,-159.939,18.308,1.921,6.32,-77.42,-93.985,-4.366,0,1
0,3.097,0,43.434,63.709,72.498,15,5,10,0,1,12.957,-1.791,-12.852,-4.443,-94.763,-38.092,13.767,-1.787,-12.059,-4.58,-23.496,-22.427,4.871,7.708,-12.813,-204.412,-124.412,-311.267,11.87,-5.001,-6.107,-52.794,-76.748,-9.878,0,0
0,3.829,0.659,43.903,46.852,73.219,15,5,10,0,1,9.439,-1.344,-11.609,-9.496,-98.443,-36.244,15.481,-0.041,-11.494,-2.992,-16.183,-26.718,5.391,6.165,-3.209,-241.237,-380.351,289.221,15.788,9.496,-2.893,-57.374,-84.58,-7.969,0,0
0,4.657,1.279,44.507,60.425,82.798,15,5,10,0,1,12.504,-2.757,-9.676,-17.908,-100.26,-41.145,16.128,0.472,-8.093,-11.802,-5.359,-25.237,3.504,-1.02,-5.226,-198.977,-211.069,-360.916,9.762,0.158,-20.904,-25.298,-105.908,-16.672,0,0
0,5.595,1.862,45.47,96.337,93.785,15,5,10,0,1,12.801,-3.561,-7.951,-26.916,-98.198,-38.137,17.045,1.698,-7.99,-20.748,9.405,-24.321,0.086,0.457,-9.297,-70.168,-62.015,-108.885,8.502,2.745,-20.904,-28.58,-121.985,-23.42,0,0
0,6.642,2.405,46.54,106.968,104.679,15,5,10,0,1,10.679,-2.86,-5.487,-40.489,-102.458,-35.618,18.71,1.071,-4.27,-34.473,23.664,-20.931,0.781,3.528,-8.26,-21.817,-73.481,-92.763,10.109,4.5,-16.15,-38.305,-120.412,-25.374,0,0
0,7.927,2.911,47.415,87.467,128.575,15,5,10,0,1,12.753,-3.983,-3.226,-60.443,-104.55,-37.099,17.041,0.637,-3.621,-39.069,39.389,-10.214,3.978,4.039,-11.558,75.221,-336.565,-242.687,13.441,-1.118,-14.162,-47.359,-89.145,-21.557,0,0
0,9.381,3.378,47.788,37.354,145.329,15,5,10,0,1,11.534,-3.787,-6.153,-69.084,-104.55,-33.176,15.829,0.024,-1.478,-37.908,53.924,-15.389,5.003,2.613,-15.055,33.634,-97.176,-102.076,16.193,-5.039,-13.891,-26.244,-65.908,-17.405,0,0
0,11.103,3.807,47.356,-43.19,172.188,15,5,10,0,1,10.404,-6.457,-10.696,-61.969,-114.122,-29.084,15.922,-0.28,-0.826,-40.336,70.473,-19.817,3.466,5.334,-15.714,11.954,-243.771,-54.992,15.342,-3.24,-12.116,-33.985,-31.053,-23.344,0,0
0,13.116,4.198,46.35,-100.662,201.371,15,5,10,0,1,5.846,-6.725,-13.204,-49.603,-140.962,-27.893,17.28,0.163,0.206,-50.718,94.595,-20.702,3.075,15.715,-23.462,56.885,-139.13,-159.756,8.737,-7.516,-14.195,18.351,-25.466,-29.786,0,0
0,15.728,4.55,44.738,-161.145,261.132,15,5,10,0,1,12.011,-9.781,-12.962,-48.824,-165.908,-31.985,18.822,-0.309,-1.068,-60.366,134.076,-22.641,3.839,2.714,-18.109,11.725,-165.603,-10.779,14.373,-1.013,-10.114,36.885,15.664,-25.45,0,0
0,18.873,4.865,42.486,-225.254,314.587,15,5,10,0,1,7.14,-10.916,-18.231,-20.656,-190,-25.695,16.758,-3.674,-7.609,-53.237,160.153,-24.366,2.915,3.037,-18.64,15.344,-291.908,63.023,13.968,-3.969,-11.793,66.687,34.779,-25.817,0,0
0,22.66,5.14,39.603,-288.231,378.686,15,5,10,0,1,7.669,-6.735,-23.088,15.847,-212.046,-22.809,17.369,-6.644,-9.326,-24.183,188.183,-14.87,1.284,8.915,-18.925,87.786,-496.611,404.763,11.36,-1.492,-13.872,87.542,55.573,-22.885,0,0
0,26.996,5.378,36.212,-339.112,433.56,15,5,10,0,1,10.552,-11.496,-18.866,45.496,-237.069,-33.573,16.485,-6.119,-10.002,1.969,208.122,7.664,-1.497,-0.886,-18.442,67.374,104.122,121.038,10.301,-5.535,-13.352,99.725,68.351,-20.229,0,0
0,31.811,5.577,32.521,-369.118,481.511,15,5,10,0,1,5.034,-7.947,-15.975,73.954,-257.252,-33.008,15.635,-6.57,-11.453,28.794,214.962,35.328,-4.728,3.014,-21.934,163.863,159.695,147.786,11.309,-10.22,-10.96,133.511,68.58,-22.305,0,0
0,36.81,5.738,28.684,-383.755,499.936,15,5,10,0,1,9.671,-4.16,-21.091,85.313,-249.282,-33.466,8.007,-4.153,-16.356,54.84,212.183,67.878,-1.454,4.474,-14.562,79.405,116.947,133.924,7.628,-1.868,-11.951,152.947,50.794,-25.649,0,0
0,42.043,5.86,24.926,-375.71,523.271,15,5,10,0,1,12.409,-4.172,-24.099,100.305,-257.542,-35.939,11.197,-2.642,-16.183,67.634,217.725,83.771,2.17,4.006,-19.586,177.023,-434.534,49.527,7.705,-0.69,-16.401,175.328,21.618,-16.977,0,0
0,47.199,5.945,21.901,-302.559,515.637,15,5,10,0,1,13.041,-12.308,-17.079,133.863,-236.504,-29.695,15.141,2.994,-14.174,60.443,228.748,97.664,7.906,4.522,-12.207,87.466,224.855,91.908,10.109,8.095,-13.707,157.099,4.168,-8.855,0,0
0,52.279,5.991,19.63,-227.051,507.958,15,5,10,0,1,12.739,-0.441,-24.65,150.962,-190.595,-18.824,9.923,0.443,-18.037,44.779,221.252,103.374,9.638,5.372,-14.605,103.099,330.382,70.473,8.663,11.882,-12.591,114.275,2.046,-11.359,0,0
0,56.586,5.998,18.023,-160.778,430.665,15,5,10,0,1,9.657,-1.957,-21.431,185.13,-138.626,-17.893,17.596,-1.914,-16.315,32.534,239.542,124.901,8.804,16.429,-47.939,-156.87,406.458,-302.901,9.786,11.132,-11.008,54.611,4.473,-14.809,0,0
0,60.23,5.968,17.262,-76.092,364.392,15,5,10,0,0,16.77,1.775,-12.365,141.115,-115.237,-20.84,9.523,3.166,-14.365,82.58,214.962,112.412,29.147,-0.51,2.879,81.45,-302.489,-83.786,-1.004,4.627,-13.831,78.29,-55.42,-6.947,0,0
0,63.302,5.899,17.283,2.117,307.229,15,5,10,0,0,10.725,4.467,-14.559,108.656,-67.389,-6.947,13.206,2.905,-10.73,51.893,213.847,83.908,-1.851,12.249,-27.567,403.282,25.145,-301.924,14.978,20.042,-5.238,-69.176,33.053,-18.763,0,0
0,65.913,5.791,15.965,-131.779,261.109,15,5,10,0,0,9.3,4.864,-16.835,60.473,-34.275,5.756,12.758,0.642,-11.055,47.42,203.664,49.573,-4.443,12.295,-31.595,290.275,326.809,-324.397,11.185,-8.344,-10.22,-68.824,24.763,-30.061,0,0
0,67.952,5.646,14.064,-190.11,203.946,15,5,10,0,0,7.295,-0.568,-15.742,21.496,-8.443,14.84,10.804,-1.447,-11.76,39.954,190.137,29.221,-5.271,5.732,-35.188,253.634,261.344,-243.298,7.947,-11.985,-13.323,31.756,13.145,-7.985,0,0
0,69.535,5.462,12.223,-184.136,158.203,15,5,10,0,0,4.979,0.053,-16.978,-1.374,18.061,24.855,10.955,-1.3,-11.209,47.817,171.71,10.351,3.102,3.219,-9.786,4.748,-309.832,0.183,9.798,0.934,-9.264,98.58,5.618,1.313,0,0
0,70.677,5.24,10.589,-163.365,114.292,15,5,10,0,0,3.547,-0.151,-16.782,-17.603,42.534,28.153,12.169,-1.851,-9.611,49.053,166.198,-5.237,5.14,3.694,-13.393,77.664,-287.756,18.137,8.675,6.986,-7.302,92.962,8.137,3.405,0,0
0,71.549,4.979,9.084,-150.524,87.124,15,5,10,0,0,4.117,-0.053,-18.573,-24.885,65.542,27.557,12.047,-2.594,-8.96,47.008,163.176,-15.328,7.647,6.155,-12.449,64.046,-256.351,-0.275,9.254,6.399,-9.168,66.458,9.115,2,0,0
0,72.201,4.681,7.765,-131.848,65.197,15,5,10,0,0,4.098,-1.308,-18.25,-27.359,77.527,23.145,10.612,-1.633,-10.962,47.618,162.718,-16.779,7.087,6.463,-16.334,132.534,-496.137,-33.954,8.677,5.228,-10.447,30.275,4.962,-1.649,0,0
0,72.692,4.344,6.645,-112.038,49.13,15,5,10,0,0,5.473,-8.272,-12.892,-11.679,96.595,19.802,9.012,-1.442,-12.035,55.527,162.443,-11.939,4.721,6.899,-19.117,115.496,-228.534,270.168,8.821,1.665,-10.136,13.969,2.427,-3.542,0,0
0,73.123,3.968,5.847,-79.811,43.144,15,5,10,0,0,2.316,-1.65,-17.335,-17.878,107.557,16.595,8.68,0.489,-11.316,61.481,165.099,-10.397,4.551,8.56,-13.707,48.107,-102.183,-6.504,7.813,3.341,-8.172,10.321,-4.87,-1.115,0,0
0,73.52,3.555,5.235,-61.169,39.62,15,5,10,0,0,1.629,-2.979,-16.892,-8.198,123.023,13.649,9.939,1.253,-10.67,58.504,170.351,-6.992,4.055,4.801,-18.169,73.45,-375.099,-25.16,8.107,1.061,-10.526,2.244,-0.321,-6.183,0,0
0,73.871,3.103,4.78,-45.456,35.168,15,5,10,0,0,3.516,-3.901,-15.826,0.87,132.458,7.618,8.854,1.411,-11.546,45.618,175.16,-0.534,4.656,5.489,-13.101,38.58,-71.588,1.71,8.268,-0.28,-9.532,3.053,-14.305,-7.466,0,0
0,74.197,2.612,4.575,-20.508,32.57,15,5,10,0,0,2.436,-0.247,-18.221,10.748,148.275,5.634,10.332,0.845,-10.447,36.336,179.588,3.13,2.5,8.348,-26.738,282.611,-488.061,31.267,9.566,1.93,-7.305,-3.038,-16.656,-5.237,0,0
0,74.42,2.084,4.459,-11.684,22.293,15,5,10,0,0,-0.752,-2.651,-16.799,23.389,152,-0.565,10.557,-0.766,-9.867,26.992,176.336,15.405,6.079,5.559,-11.537,26.061,-97.221,16.916,8.035,2.196,-10.593,2.489,-28.519,-5.817,0,0
0,74.424,1.517,4.671,21.229,0.401,15,5,10,0,0,1.674,0.944,-19.251,36.779,179.099,-6.198,10.787,-1.777,-10.976,33.74,167.252,14.519,6.553,7.803,-10.145,27.527,-33.802,3.298,7.916,4.148,-6.605,4.076,-45.634,-5.557,0,0
0,74.362,0.912,4.978,30.762,-6.237,15,5,10,0,0,2.144,-0.939,-18.789,34.183,187.969,-18.885,10.785,-1.36,-11.139,34.626,165.237,20.733,5.985,7.314,-10.905,11.282,-153.817,295.206,7.578,3.279,-9.029,-13.573,-45.771,-5.847,0,0
0,74.362,0.268,5.257,27.855,0,15,5,10,0,0,2.714,-3.063,-18.171,54.763,203.817,-21.969,8.687,-2.33,-11.891,39.008,159.847,23.878,6.948,7.331,-9.496,10,-41.267,-9.924,7.918,4.086,-7.954,-20.855,-54.321,-7.298,0,0
0,74.241,0,5.517,25.978,-12.039,15,5,10,0,0,9.041,-6.251,-15.795,56.168,208.534,-30.901,7.123,-5.07,-12.289,36,152.702,34.672,3.904,8.122,-10.984,1.756,-39.344,-13.16,10.658,2.773,-6.383,-28.107,-52.061,-8.031,0,0
0,73.787,0,5.554,3.696,-45.456,15,5,10,0,0,2.481,-2.433,-19.531,67.817,224.061,-35.145,7.068,-1.073,-10.782,48.534,144.244,34.779,3.226,6.204,-16.214,-24.229,-117.786,-22.748,9.228,0.055,-10.847,-21.008,-41.008,-6.87,0,0
0,73.025,0,5.524,-2.987,-76.126,15,5,10,0,0,2.395,-1.289,-19.208,65.634,237.557,-39.405,5.535,-3.207,-11.108,68.718,128.351,27.985,1.667,5.703,-12.981,-15.649,-58.58,-20.55,9.331,0.072,-8.639,-2.55,-50.55,-2.153,0,0
0,72.011,0,5.524,-0,-101.475,15,5,10,0,0,2.043,-0.994,-19.776,52.244,246.275,-45.679,5.937,-3.137,-10.821,82.183,112.473,22.534,1.667,5.703,-12.981,-14.733,-59.405,-9.985,9.329,1.087,-8.737,6.992,-50.916,0.046,0,0
0,70.707,0,5.524,-0,-130.383,15,5,10,0,0,2.649,-1.437,-19.673,47.618,257.099,-48.519,4.812,-2.85,-10.706,95.832,93.435,15.221,2.943,4.93,-16.684,5.267,-118.336,-17.282,9.956,1.253,-9.297,11.282,-50.519,-0.473,0,0
0,69.161,0,5.524,-0,-154.541,15,5,10,0,0,3.837,-2.278,-18.813,42.794,264.55,-48.763,4.685,-1.535,-12.136,108.687,77.71,4.824,3.116,4.94,-17.57,12.748,-242.092,-52.153,10.255,1.348,-10.004,12.305,-51.008,0.611,0,0
0,67.352,0,5.521,-0.309,-180.897,15,5,10,0,0,4.421,-2.419,-20.379,32.046,271.221,-50.412,4.871,-2.086,-12.389,119.71,64.183,-7.481,2.881,5.171,-14.006,19.481,-55.817,-5.053,9.887,1.157,-9.822,13.176,-52.229,0.534,0,0
0,65.371,0,5.521,-0,-198.098,15,5,10,0,0,4.074,-3.128,-20.6,31.282,272.824,-50.565,4.179,-1.181,-11.537,120.321,49.634,-14.565,2.773,5.343,-13.819,26.351,-56.046,-4.748,9.554,0.048,-9.338,15.252,-52.672,1.71,0,0
0,63.232,0,5.521,-0,-213.925,15,5,10,0,0,5.111,-1.703,-22.698,28.168,275.954,-48.382,3.331,-0.774,-11.937,115.206,36.718,-23.099,2.764,5.645,-13.795,29.359,-113.664,-9.313,9.745,-0.017,-9.374,21.191,-53.573,4.214,0,0
0,61.006,0,5.521,-0,-222.622,15,5,10,0,0,-0.611,-0.362,-26.142,28.382,272.29,-46.58,5.377,0.156,-10.706,110.382,26.275,-32.382,3.082,5.868,-14.044,30.931,-57.725,-4.107,10.275,0.568,-9.688,24.626,-56.244,4.947,0,0
0,58.713,0,5.521,-0,-229.271,15,5,10,0,0,0.477,-5.64,-22.741,31.634,258.244,-44.962,5.142,1.823,-8.969,94.076,16.183,-30.534,3.77,5.74,-18.269,57.359,-249.908,-26.26,10.964,1.368,-10.042,24.641,-60.336,4,0,0
0,56.41,0,5.521,-0,-230.313,15,5,10,0,0,2.5,-5.032,-22.992,29.084,244.763,-39.359,5.092,2.639,-8.009,75.847,6.351,-28.718,4.692,5.432,-13.886,28.473,-246.122,-41.771,11.575,0.913,-9.458,25.252,-62.305,3.954,0,0
0,54.092,0,5.524,0.309,-231.846,15,5,10,0,0,2.292,-2.893,-24.949,20.473,234.519,-32.779,4.014,1.94,-8.122,60.366,-8,-32.076,4.752,11.718,-17.239,64.718,-114.58,-7.603,11.343,0.704,-8.411,27.023,-61.847,6.489,0,0
0,51.89,0,5.532,0.813,-220.116,15,5,10,0,0,3.746,-4.414,-24.8,-1.695,211.649,-27.771,4.931,1.272,-6.411,47.45,-18.427,-29.328,4.764,6.083,-13.441,30.702,-114.519,-6.565,11.266,0.177,-8.919,28.901,-61.328,10.412,0,0
0,49.727,0,5.561,2.872,-216.351,15,5,10,0,0,3.252,-6.234,-24.829,-14.031,188.031,-16.412,4.924,1.665,-5.312,39.893,-31.053,-26.458,3.569,6.021,-14.107,28.992,-117.756,-13.008,10.466,0.879,-10.375,30.122,-63.924,11.282,0,0
0,47.72,0,5.663,10.254,-200.695,15,5,10,0,0,5.2,-6.481,-24.115,-25.893,161.298,-4.305,4.673,2.553,-5.58,34.931,-39.802,-24.198,8.114,6.447,-11.824,28.779,-53.221,3.435,6.004,-0.144,-14.741,41.481,-81.847,11.786,0,0
0,45.797,0,6.081,41.76,-192.25,15,5,10,0,0,2.244,-4.495,-25.267,-40.229,134.962,8.947,4.663,5.094,-4.558,24.229,-49.481,-24.412,8.052,5.701,-16.521,59.618,-74.534,3.878,12.706,1.899,-11.489,29.359,-87.298,13.344,0,0
0,44.061,0,6.718,63.721,-173.642,15,5,10,0,0,2.5,-5.621,-24.626,-56.779,106.29,20.534,4.931,3.796,-2.429,8.611,-55.496,-24.809,4.51,6.217,-16.492,29.13,-30.718,1.832,12.974,5.549,-7.367,1.924,-89.298,11.786,0,0
0,42.465,0,7.319,60.104,-159.611,15,5,10,0,0,2.285,-5.657,-25.502,-66.611,77.756,32.382,6.15,4.064,-4.572,-18.076,-67.023,-15.084,5.468,7.555,-21.091,44.565,-75.206,3.42,12.519,-0.963,-13.637,-5.847,-83.45,8.901,0,0
0,41.095,0,7.977,65.838,-137.009,15,5,10,0,0,10.519,-5.274,-21.191,-79.344,54.061,28.855,13.022,2.951,-1.102,-40.275,-68.702,-5.588,5.353,6.56,-15.084,16.504,-38.29,3.725,13.204,-0.757,-10.047,-6.336,-95.679,12.015,0,0
0,39.85,0,8.656,67.806,-124.478,15,5,10,0,0,5.525,-4.084,-25.222,-79.542,34.26,26.809,12.061,-0.053,-2.738,-48.687,-69.511,4.656,4.251,5.008,-15.469,11.939,-44.58,6.931,14.83,-0.232,-7.506,-6.641,-91.893,14.168,0,0
0,38.795,0,9.26,60.436,-105.538,15,5,10,0,0,1.279,-10.991,-24.199,-73.634,-16.092,16.427,10.294,-0.192,-0.831,-44.382,-71.649,16.626,5.98,5.188,-11.822,11.939,-34.229,14.595,12.658,-2.536,-9,8.763,-99.038,16.29,0,0
0,38.216,0,9.871,61.089,-57.861,15,5,10,0,0,-1.77,0.148,-35.054,-68.412,-63.053,-4.015,5.944,-4.852,-7.53,-39.267,-95.466,33.496,6.095,2.915,-11.834,18.473,-28.779,8.015,13.965,-0.014,-4.991,12.718,-96.702,18.015,0,0
0,38.213,0,10.347,47.608,-0.286,15,5,10,1,0,6.45,-7.384,-12.914,-42.641,-88.214,-24.153,8.284,-4.67,-7.173,-19.099,-100.412,42.748,8.715,1.559,-9.559,28.733,-24.473,13.496,13.824,-3.581,-8.565,30.244,-96.382,19.359,1,0
0,38.359,0,10.948,60.127,14.614,5,5,10,1,0,11.937,-14.025,-3.906,11.924,-73.527,-22.748,14.602,-6.103,-7.892,5.359,-86.076,43.985,9.362,5.051,-7.983,36.183,-10.718,18.855,13.441,-0.196,-5.561,44.901,-107.588,22.687,0,0
0.655,38.293,0,11.695,74.65,-6.626,5,15,10,1,0,15.065,-3.154,-8.589,48.443,-47.267,-8.748,15.141,-6.591,-8.739,37.13,-66.763,53.985,1.25,10.308,-6.486,183.435,-4.702,69.985,14.955,-0.043,-5.501,49.771,-113.756,22.824,0,0
1.273,38.436,0,12.684,98.9,14.317,5,15,10,1,0,10.624,0.35,-8.771,46.031,-53.466,-2.718,13.271,-0.838,-5.688,77.664,-47.664,57.496,12.325,12.2,-3.612,86.718,61.924,60.214,15.098,2.196,-4.095,47.176,-131.481,22.565,0,0
1.852,38.997,0,13.988,130.394,56.03,5,15,10,1,0,6.541,-6.213,-15.407,27.42,-81.573,-5.847,6.031,-1.966,-5.087,96.473,-32.595,67.573,11.216,5.983,-7.633,36.473,29.374,52.336,17.036,2.546,-3.837,24.229,-129.847,16.901,0,0
2.394,39.718,0,15.485,149.792,72.109,5,15,10,1,0,1.686,-8.215,-24.822,58.489,-97.176,-1.786,2.848,-5.329,-5.111,100.031,-49.191,66.321,2.649,13.762,-2.491,55.267,202.87,37.496,16.516,0.544,-3.262,3.878,-136.168,12,0,0
2.897,40.242,0,17.316,183.049,52.414,5,15,10,1,0,4.414,-5.027,-21.814,80.931,-100.061,-5.725,8.373,-3.909,-6.402,93.099,-72.458,62.855,8.933,6.73,-6.85,18.687,65.344,16.031,17.46,-0.304,-2.34,-1.084,-147.908,10.611,0,0
3.363,40.348,0,19.649,233.3,10.62,5,15,10,1,0,9.015,-1.873,-21.069,93.695,-76.534,-14.473,13.048,-0.637,-9.302,68.519,-86.84,53.008,8.38,6.44,-5.425,5.313,-269.679,19.145,12.595,1.945,-3.188,-16.794,-163.603,12.183,0,0
3.791,39.993,0,22.377,272.805,-35.511,5,15,10,1,0,11.678,-0.019,-17.407,96.962,-49.328,-7.053,12.768,0.354,-12.902,41.359,-104.687,43.206,10.016,16.971,-0.211,10.687,-457.649,34.382,16.607,2.287,-2.793,-25.053,-160.504,10.244,0,0
4.181,39.143,0,25.3,292.294,-84.961,5,15,10,1,0,14.159,2.97,-15.821,68.611,-29.405,8.519,13.129,4.685,-13.625,26.504,-124.336,41.786,7.76,1.6,-5.461,-6.443,305.16,14.229,17.328,2.91,-5.202,-40.382,-153.679,9.679,0,0
4.534,37.813,0,28.427,312.71,-133.003,5,15,10,1,0,12.636,4.725,-15.467,12.611,-6.87,22.519,12.124,4.742,-13.8,14.183,-145.313,28.672,8.354,10.299,-8.756,-46.748,344.458,13.832,17.132,2.764,-9.539,-41.664,-159.802,11.71,0,0
4.848,35.862,0,31.76,333.264,-195.134,5,15,10,1,0,10.164,5.082,-15.565,8.779,-7.13,23.893,10.938,4.668,-13.558,3.13,-171.496,8.061,7.971,10.788,-14.351,-197.435,-246.55,-1.71,15.707,2.886,-15.635,-43.893,-174.962,14.046,0,0
5.124,33.364,0,35.458,369.862,-249.791,5,15,10,1,0,13.254,0.642,-15.17,-94.855,40.198,35.924,11.132,4.198,-15.242,-11.145,-189.74,-6.885,8.105,9.107,-18.145,-185.954,-191.832,-36.885,15.594,4.129,-17.534,-64.824,-198.504,12.443,0,0
5.363,30.398,0,39.52,406.14,-296.609,5,15,10,1,0,16.708,7.187,-18.023,-123.954,58.885,43.969,8.61,5.631,-12.854,-58.382,-196.412,-13.221,9.077,8.738,-21.479,-246.718,-138.947,-96.794,14.246,5.932,-15.92,-102.412,-210.931,9.557,0,0
5.564,26.908,0,43.921,440.152,-349.034,5,15,10,1,0,7.863,4.807,-12.49,-153.527,65.908,48.305,9.307,4.498,-9.832,-79.863,-212.672,-19.176,6.586,9.46,-17.599,-136.397,230.061,-45.786,15.067,6.292,-12.248,-137.16,-213.313,9.069,0,0
5.727,23.118,0,48.393,447.156,-379.006,5,15,10,1,0,4.026,6.586,-13.108,-209.527,59.954,56.489,9.252,2.668,-5.226,-100.855,-222.336,-15.099,7.187,6.981,-19.888,-138.87,238.183,-62.931,16.118,3.106,-12.986,-158.153,-190.412,11.191,0,0
5.852,19.188,0,52.908,451.516,-392.934,5,15,10,1,0,8.335,1.617,-17.168,-232.992,55.771,45.771,7.889,1.894,-6.443,-117.313,-217.511,-11.176,6.069,5.75,-18.705,-134.382,251.038,-100.672,11.36,3.976,-14.473,-160.824,-166.504,18.092,0,0
5.939,15.815,0,57.313,440.553,-337.315,5,15,10,1,0,8.572,-5.121,-17.232,-213.786,37.878,38.504,11.355,2.378,-7.64,-133.328,-201.969,-7.893,6.522,4.633,-26.92,-244.275,-487.527,-372.397,11.853,5.777,-13.656,-141.237,-156.443,22.397,0,0
5.988,13.017,0,61.698,438.413,-279.786,5,15,10,1,0,-0.453,-5.128,-18.909,-169.344,18.779,36.321,16.691,0.948,-8.026,-146.412,-179.756,-3.145,7.992,0.874,-17.963,-112.305,107.817,-327.328,10.746,3.339,-19.007,-143.008,-131.45,12.137,0,0
5.999,10.93,0,65.821,412.309,-208.718,5,15,10,1,0,8.119,-16.102,-15.24,-109.756,24.748,33.42,11.237,-3.698,-11.228,-146.26,-161.786,12.489,6.323,6.755,-25.157,-182.84,44.931,351.267,10.529,-0.589,-20.382,-127.145,-118.183,2.672,0,0
5.973,9.191,0,69.611,379.052,-173.916,5,15,10,1,0,5.559,-8.814,-14.04,-65.374,11.45,31.466,15.192,-7.413,-10.342,-138.046,-151.328,31.023,7.286,3.228,-16.166,-67.237,489.328,-287.267,15.175,-1.861,-14.092,-116.763,-86.244,1.618,0,0
5.908,7.664,0,72.761,314.931,-152.722,5,15,10,1,0,9.36,-13.331,-12.988,-15.802,25.557,29.954,9.123,-10.378,-11.3,-104.87,-153.466,36.229,7.52,3.355,-14.78,-48.611,456.626,-343.695,11.106,-2.529,-12.892,-92.015,-48.656,3.817,0,0
5.806,6.078,0,75.258,249.779,-158.547,5,15,10,1,0,5.698,-6.435,-13.297,-4.641,19.435,27.985,8.318,-7.75,-10.723,-66.382,-155.634,36.626,7.784,4.648,-17.153,-72.763,413.328,-97.344,9.377,-3.346,-11.475,-49.191,-8.427,10.809,0,0
5.666,4.401,0,77.096,183.781,-167.736,5,15,10,1,0,6.656,-4.385,-13.609,-10.061,24.763,25.771,6.409,-6.22,-9.844,-34.672,-158.504,29.344,4.991,3.245,-15.407,-28.153,481.847,-45.954,10.687,-5.432,-11.24,-9.481,44.229,18.901,0,0
5.488,2.683,0,78.385,128.929,-171.73,5,15,10,1,0,6.308,-1.839,-13.292,-20.244,21.573,22.809,7.202,-2.991,-8.129,-24.336,-153.282,14.702,3.813,4.282,-15.228,-28.84,179.191,-6.809,8.368,-3.609,-11.312,32.962,79.847,23.282,0,0
5.272,1.024,0,79.217,83.107,-165.905,5,15,10,1,0,9.626,-6,-10.663,-26.153,26.198,16.473,8.622,-2.108,-10.778,-30.779,-146.122,9.053,2.833,3.76,-13.668,-29.374,170.489,7.115,5.353,-4.663,-15.469,63.511,103.115,22.809,0,0
5.018,-0.69,0,79.865,64.877,-171.421,5,15,10,1,0,8.327,-2.963,-11.772,-24.153,25.695,15.191,8.56,-0.747,-9.911,-34.519,-142.916,8.427,1.533,1.768,-15.505,-23.206,164.977,30.29,5.873,-0.376,-15.17,74.504,120.336,20.168,0,0
4.727,-2.301,0,80.176,31.082,-161.087,5,15,10,1,0,6.567,-4.596,-11.53,-29.13,20.168,12.672,10.986,0.127,-9.81,-43.511,-140.84,10.168,1.844,1.098,-19.366,-109.16,-433.588,372.519,4.117,0.525,-15.393,68.718,135.023,13.557,0,0
4.397,-3.968,0,80.294,11.753,-166.695,5,15,10,1,0,7.717,-4.622,-13.551,-9.374,24.092,15.847,9.923,-0.951,-10.042,-49.282,-141.359,8.687,0.572,2.311,-15.536,-2.26,147.664,39.45,4.498,-0.055,-15.628,50.198,156.672,10.031,0,0
4.03,-5.498,0,80.261,-3.296,-153.042,5,15,10,1,0,5.271,-1.559,-14.042,-13.893,15.771,16.092,11.312,-1.09,-12.679,-50.031,-142.672,5.267,1.504,2.603,-14.595,10.427,143.145,40.489,3.329,-3.751,-16.576,61.206,162.84,16.473,0,0
3.625,-6.963,0,80.256,-0.423,-146.485,5,15,10,1,0,6.996,-5.322,-13.309,1.542,15.618,16.168,10.282,-2.043,-13.168,-43.008,-140.427,6.061,0.85,3.373,-22.604,38.015,291.664,85.557,5.027,-0.865,-14.526,43.634,179.13,22.611,0,0
3.181,-8.369,0,80.201,-5.493,-140.602,5,15,10,1,0,4.433,-2.623,-12.991,5.374,11.557,16.427,10.277,-1.322,-12.739,-33.038,-139.802,3.771,2.002,3.445,-21.814,64.916,296.427,14.748,10.921,1.267,-12.452,40.443,184.229,30.183,0,0
2.7,-9.644,0,79.898,-30.327,-127.487,5,15,10,1,0,6.582,-4.558,-11.237,-0.809,7.466,14.519,11.534,-1.657,-12.155,-20.29,-132.672,3.176,0.445,6.704,-16.133,5.13,274.565,64.305,5.372,0.599,-15.057,5.282,212.275,27.74,0,0
2.182,-10.771,0,79.282,-61.581,-112.77,5,15,10,1,0,5.662,-5.161,-10.236,4.29,2.519,12.58,12.895,-1.176,-10.493,-13.557,-119.542,3.679,1.832,5.772,-16.332,10.992,268.885,29.557,6.452,0.132,-15.721,-1.176,228.962,35.221,0,0
1.625,-11.808,0,78.422,-86.037,-103.684,5,15,10,1,0,4.711,-2.84,-10.505,-6.26,-1.588,11.771,13.604,-0.199,-10.78,-8.046,-108.336,3.817,0.39,7.584,-25.636,-14.137,256.122,4.336,7.743,0.489,-14.543,-21.313,247.328,42.137,0,0
1.03,-12.536,0,77.224,-119.763,-72.796,5,15,10,1,0,3.71,-4.16,-8.739,-21.008,-12.733,7.847,15.256,1.25,-9.484,-10.58,-88.672,4.427,-0.498,8.62,-15.735,-26.931,116.656,-1.405,6.977,-0.503,-14.641,-20.29,256.626,52.87,0,0
0.398,-12.87,0,75.742,-148.293,-33.36,5,15,10,1,0,3.901,-6.553,-7.12,-28.595,-27.008,2.733,18.87,1.348,-5.439,-22.992,-54.656,5.481,-1.291,7.416,-20.463,-86.351,194.733,-2.198,6.495,0.333,-16.614,-9.542,263.282,63.221,0,0
0,-12.829,0,74.05,-169.19,4.063,5,15,10,1,0,5.113,-6.158,-8.55,-22.763,-32.626,0.153,16.669,-0.505,-5.494,-36.168,-31.863,8.29,-2.342,6.438,-16.504,-56.687,86.244,-3.145,5.961,1.564,-15.453,-11.786,270.885,68.122,0,0
0,-12.453,0,72.153,-189.686,37.64,5,15,10,1,0,5.547,-7.264,-7.118,-14.336,-38.626,-4,11.544,-2.702,-3.559,-45.481,-18.26,10.031,-3.334,2.322,-34.201,423.45,-366.901,15.756,5.018,0.242,-18.073,-4.305,273.45,71.008,0,0
0,-12.149,0,70.109,-204.403,30.407,5,15,10,1,0,6.354,-7.889,-6.661,-2.427,-44.168,-6.046,8.984,-4.768,-3.969,-29.74,-29.435,16.137,-2.553,4.631,-31.576,302.901,-431.023,9.282,5.18,2.606,-16.384,-13.649,278.687,72.122,0,0
0,-11.933,0,67.941,-216.786,21.606,5,15,10,1,0,6.972,-5.774,-7.906,-14.382,-55.71,-10.183,9.877,-4.519,-4.469,-15.069,-42.962,12.473,-3.667,6.759,-14.708,-98.229,119.481,7.328,8.347,2.457,-19.021,-8.031,275.588,72.534,0,0
0,-11.779,0,65.689,-225.197,15.369,5,15,10,1,0,4.412,-5.432,-11.807,-8.092,-61.649,-9.038,11.613,-2.8,-6.105,-3.969,-57.939,5.13,-3.391,4.718,-14.955,-114.595,102.26,10.137,3.463,1.947,-19.862,-23.511,273.145,68.305,0,0
0,-11.706,0,63.367,-232.144,7.324,5,15,10,1,0,10.986,-7.803,-9.412,12.198,-59.588,-10.55,8.208,-3.42,-9.214,6.412,-65.115,9.176,-2.802,4.304,-14.298,-101.466,86.779,378.87,10.344,5.499,-17.812,-31.679,267.221,62.763,0,0
0,-11.716,0,60.987,-238.06,-1.041,5,15,10,1,0,5.504,-2.426,-11.968,8.626,-68.58,-7.969,9.973,-1.198,-9.745,15.802,-75.42,9.344,-2.563,9.141,-16.056,-190.015,61.802,19.603,6.91,2.764,-20.683,-33.313,258.244,57.252,0,0
0,-11.695,0,58.515,-247.147,2.163,5,15,10,1,0,6.253,-4.167,-11.956,6.87,-70.992,-9.221,11.163,0.855,-10.267,7.618,-75.206,10.565,-1.085,3.09,-11.812,-81.588,37.74,26.809,7.3,-0.383,-21.661,-38.87,253.603,54.107,0,0
0,-11.493,0,56.021,-249.459,20.165,5,15,10,1,0,4.79,-4.038,-11.379,-1.649,-83.695,-10.168,15.57,1.631,-8.117,-6.489,-59.557,13.969,-2.517,2.455,-10.49,-55.206,1.878,17.511,7.286,-0.438,-21.708,-24.351,239.908,50.26,0,0
0,-11.145,0,53.596,-242.432,34.824,5,15,10,1,0,6.39,-6.73,-10.018,3.252,-87.45,-11.603,13.221,-0.065,-9.559,-21.588,-49.756,20.702,-1.677,1.255,-4.043,-179.435,-156.824,-347.359,9.194,2.043,-20.492,-10.107,220.687,45.847,0,0
0,-10.688,0,51.275,-232.178,45.708,5,15,10,0,0,6.902,-4.955,-10.89,0.168,-89.008,-8.916,10.603,-0.639,-9.568,-29.45,-42.962,21.695,-1.873,0.448,-7.92,11.527,-54.718,101.985,8.09,2.436,-21.78,11.221,199.099,36.031,0,0
0,-10.123,0,49.034,-224.076,56.408,5,15,10,0,0,4.965,-4.519,-12.634,-0.947,-97.725,-10,10.521,-1.027,-9.187,-32,-36.412,18.702,-1.715,1.238,-7.666,36.336,-36.366,58.992,4.261,0.8,-24.228,31.908,176.092,23.298,0,0
0,-9.439,0,46.95,-208.386,68.493,5,15,10,0,0,6.196,-5.01,-11.863,-1.878,-103.42,-12.702,11.803,-1.744,-10.552,-35.679,-25.237,17.374,-1.772,2.611,-4.364,100.779,-183.695,208.733,5.346,3.801,-21.668,56.031,138.718,12.702,0,0
0,-8.622,0,45.002,-194.836,81.7,5,15,10,0,0,7.939,-6.435,-11.613,0.687,-106.687,-18.076,11.441,-3.171,-10.72,-36.855,-19.008,16.595,-2.048,2.141,-6.759,62.855,-217.038,88.611,5.018,3.181,-22.487,81.344,111.664,-2.947,0,0
0,-7.699,0,43.262,-173.962,92.217,5,15,10,0,0,7.621,-3.748,-14.464,1.771,-109.359,-20.244,12.15,-2.608,-11.805,-34.733,-15.389,14.687,-2.345,2.742,-5.772,71.252,-65.496,15.252,3.818,5.037,-21.435,98.656,76.794,-16.504,0,0
0,-6.619,0,41.739,-152.287,108.09,5,15,10,0,0,9.628,-4.608,-14.349,-1.023,-111.695,-24.992,12.945,-3.082,-12.337,-35.145,-11.847,13.053,-2.39,4.45,-3.894,158.519,-156.031,22.473,2.508,5.573,-22.58,106.641,41.328,-26.397,0,0
0,-5.502,0,40.593,-114.636,111.649,5,15,10,0,0,10.323,-4.455,-13.228,-0.046,-112.565,-27.099,12.421,-1.411,-12.375,-34.733,-13.328,14.901,5.35,6.131,-2.613,63.191,-147.878,29.527,8.821,-2.141,-22.314,130.137,15.374,-11.893,0,0
0,-4.425,0,39.831,-76.229,107.723,5,15,10,0,0,11.029,-2.199,-13.11,-7.053,-105.206,-26.733,10.948,-0.52,-13.031,-38.122,-21.511,14.733,3.248,8.871,-7.262,63.038,-160.733,21.496,7.841,1.483,-27.416,135.267,-12.321,1.74,0,0
0,-3.462,0,39.589,-24.124,96.291,5,15,10,0,0,10.572,-1.916,-12.255,-21.511,-102.198,-27.466,10.636,1.408,-12.833,-42.916,-26.611,13.405,3.331,9.365,-7.837,30.672,-304.321,-22.351,-0.146,6.39,-29.83,101.099,-78.901,13.176,0,0
0,-2.663,0,39.816,22.694,79.846,5,15,10,0,0,10.141,-0.913,-12.627,-41.13,-98.412,-27.313,10.351,1.219,-9.784,-52.366,-33.099,9.679,2.905,9.714,-5.212,54.183,-302.244,-36.458,3.262,10.265,-17.975,-5.115,-105.771,9.74,0,0
0,-2.019,0,40.01,19.421,64.465,5,15,10,0,0,11.755,-1.971,-11.465,-55.603,-94.718,-27.603,11.142,3.537,-10.526,-66.672,-31.267,6.763,-0.455,26.471,-23.054,-20.992,-445.695,-49.832,11.908,1.03,-1.789,-74.519,-83.496,11.649,0,0
0,-1.353,0,40.055,4.417,66.582,5,15,10,0,1,11.242,-0.685,-10.406,-70.076,-96.55,-29.084,11.657,2.381,-10.873,-82.779,-27.893,2.489,5.959,7.359,-18.643,-117.511,-196.595,-99.542,14.435,-1.54,5.367,-89.664,-58.84,15.359,0,1
0,-0.726,0,39.973,-8.114,62.691,5,5,10,0,1,10.342,-2.431,-11.46,-73.435,-94.595,-31.221,11.934,-0.369,-9.975,-87.908,-26.992,-4.29,8.62,7.326,-9.604,-113.42,-135.679,-105.924,16.631,-3.341,-0.369,-87.786,-39.542,9.74,0,0
0,-0.137,0.659,39.823,-15.003,58.914,5,5,10,0,1,8.438,-1.808,-11.767,-77.13,-100.153,-32.84,14.188,1.181,-9.41,-88.29,-25.405,-11.908,5.935,0.577,-5.077,-152.183,-54.977,-119.084,10.706,-4.402,-13.129,-50.809,-68.656,-10.031,0,0
0,0.493,1.279,40.12,29.652,63.011,5,5,10,0,1,12.191,-1.562,-10.514,-74.718,-98.748,-35.954,15.759,-1.214,-9.719,-80.748,-18.885,-15.145,2.999,-0.283,-3.698,-172.748,-153.237,-244.397,7.736,6.057,-18.401,-53.16,-97.069,-24.29,0,0
0,1.251,1.862,40.779,65.918,75.783,15,5,10,0,1,12.119,-2.333,-10.011,-69.664,-104.84,-37.679,16.437,-0.029,-8.866,-66.962,-9.878,-14.244,1.078,0.455,1.063,-243.099,-179.679,24.672,6.047,3.312,-17.79,-57.191,-116.809,-29.435,0,0
0,2.152,2.405,41.724,94.517,90.077,15,5,10,0,1,11.019,-4.261,-8.349,-58.046,-109.466,-37.939,16.015,-1.662,-7.825,-55.16,2.015,-15.221,-0.766,2.031,-8.651,-385.237,-424.565,439.084,7.439,3.676,-13.858,-79.359,-108.656,-23.557,0,0
0,3.309,2.911,42.504,77.946,115.723,15,5,10,0,1,10.356,-4.797,-7.525,-56.779,-110.977,-38.748,15.98,-1.015,-7.312,-44.443,16.076,-15.588,1.59,2.59,-23.615,-3.679,435.038,459.115,9.958,-2.405,-15.218,-77.847,-89.863,-15.939,0,0
0,4.774,3.378,42.83,32.604,146.542,15,5,10,0,1,10.509,-6.61,-9.106,-31.573,-126.977,-42.748,15.673,0.496,-6.344,-33.16,37.71,-12.122,0.153,6.772,-8.756,93.527,321.45,147.053,17.541,-7.573,-17.855,-68.351,-47.206,-10.962,0,0
0,6.663,3.807,42.523,-30.727,188.897,15,5,10,0,1,11.182,-2.893,-9.118,-8.55,-132.29,-42.656,14.583,-2.539,-4.733,-25.786,58.489,-18,3.712,5.663,-23.39,39.557,-496.26,328.794,18.018,-4.594,-11.855,-12.595,-46.931,-11.832,0,0
0,8.945,4.198,41.662,-86.048,228.184,15,5,10,0,1,10.076,-6.481,-7.183,-11.069,-148.29,-44.779,15.673,-3.957,-6.261,-15.496,84.718,-15.389,3.681,3.895,-22.221,35.527,434.977,-53.74,16.332,-3.006,-15.134,20.84,-21.099,-21.267,0,0
0,11.567,4.55,40.292,-137.009,262.173,15,5,10,0,1,7.875,-7.13,-6.419,-6.458,-163.542,-44.183,20.14,-0.17,-0.802,-11.282,116.809,-11.527,3.334,5.597,-17.34,9.634,382.885,-9.527,11.913,0.457,-10.804,42.244,3.542,-21.145,0,0
0,14.497,4.865,38.245,-204.712,293.038,15,5,10,0,1,14.782,-6.462,-9.942,-3.053,-154.168,-39.466,16.166,-4.318,-7.52,1.863,142.122,-18.565,0.086,7.046,-20.468,22.458,-361.038,9.099,14.037,-3.652,-15.707,60.565,39.176,-11.511,0,0
0,17.782,5.14,35.466,-277.897,328.435,15,5,10,0,1,12.368,-9.575,-12.583,13.466,-168.626,-41.145,14.317,-4.107,-7.089,23.588,167.053,-14.84,-0.077,5.504,-17.189,32.565,196.336,40.427,15.596,-5.777,-17.876,73.237,67.42,-1.374,0,0
0,21.525,5.378,32.122,-334.42,374.291,15,5,10,0,1,10.148,-11.582,-14.308,47.023,-183.954,-43.42,11.125,-3.799,-9,41.328,191.771,-7.481,1.586,7.986,-18.039,67.191,151.084,108.458,1.521,-7.868,-13.757,92.198,61.206,-5.328,0,0
0,25.684,5.577,28.504,-361.737,415.971,15,5,10,0,1,7.961,-6.215,-17.857,71.74,-204.366,-43.588,9.343,-5.686,-10.651,63.16,208.824,6.015,-0.649,5.485,-12.136,22.427,158.168,69.435,14.507,-5.396,-5.166,119.237,43.13,-16.198,0,0
0,30.361,5.738,24.79,-371.419,467.687,15,5,10,0,1,8.936,-5.746,-19.414,97.695,-224.061,-47.863,10.974,-4.934,-13.115,76.351,220.947,24.382,-1.6,1.868,-13.987,12.107,120.366,76.824,6.019,-7.832,-19.242,148.733,30.137,-13.099,0,0
0,35.199,5.86,21.736,-305.363,483.743,15,5,10,0,1,4.893,-5.734,-20.422,132.351,-230.489,-53.389,16.001,-5.657,-11.829,85.191,239.344,39.405,6.311,1.66,-11.915,26.122,-380.092,4.153,9.784,3.487,-14.092,140.992,14.076,-6.626,0,0
0,40.278,5.945,19.477,-225.953,507.924,15,5,10,0,1,12.955,-6.479,-19.723,142.733,-223.282,-54.611,15.525,0.637,-12.15,112.809,247.511,66.672,8.67,2.674,-14.849,72.534,-316.061,10.84,8.43,8.792,-14.071,105.252,5.145,-9.221,0,0
0,45.39,5.991,17.873,-160.435,511.231,15,5,10,0,1,26.34,-31.226,-14.61,175.191,-192.473,-46.305,16.638,-4.378,-17.709,65.725,269.771,70.031,7.99,3.347,-18.011,286.504,-52.656,-41.771,10.028,7.844,-9.875,6.565,-1.847,-18.595,0,0
0,50.492,5.998,16.642,-123.013,510.201,15,5,10,0,1,13.894,1.157,-24.233,176.061,-220.779,-44.534,8.601,-0.635,-21.514,116.015,234.611,110.321,6.026,9.382,-26.106,263.802,33.084,-178.565,9.638,2.685,-9.767,-24.641,-0.076,-19.893,0,0
0,55.473,5.968,15.643,-99.999,498.048,15,5,10,0,0,16.566,-7.12,-17.316,205.832,-169.221,-46.885,15.798,5.58,-20.504,78.901,240.046,113.206,2.694,8.456,-18.782,36.595,-466.336,-64.366,10.423,1.894,-7.963,-29.405,4.565,-17.954,0,0
0,59.599,5.899,14.555,-108.742,412.663,15,5,10,0,1,12.32,0.52,-17.381,201.328,-135.817,-35.71,12.392,2.86,-15.661,93.176,247.527,103.618,0.249,8.404,-14.289,6.214,-248.443,-40.122,11.812,0.515,-7.298,-20.901,11.954,-16.076,0,0
0,62.947,5.791,13.24,-131.47,334.786,15,5,10,0,1,12.452,3.49,-16.533,168.061,-93.542,-31.863,12.449,-1.53,-12.849,79.847,235.267,92.229,1.408,6.987,-24.927,21.695,-237.45,80.122,9.642,-2.953,-9.678,15.802,12.031,-12.504,0,0
0,65.803,5.646,11.819,-142.102,285.565,15,5,10,0,1,9.022,3.983,-14.571,128.977,-55.405,-27.374,9.721,-1.308,-11.271,87.237,210.534,74.656,1.346,4.392,-13.989,7.969,-133.603,-18.718,10.684,-0.201,-9.427,41.725,15.573,-5.557,0,0
0,68.158,5.462,10.365,-145.42,235.531,15,5,10,0,1,7.283,1.245,-12.883,80.275,-35.985,-23.496,9.47,0.735,-11.182,88.382,194.382,59.038,3.549,4.735,-12.971,13.847,-256.443,-15.084,10.32,0.45,-9.391,57.405,12.992,-0.519,0,0
0,70.271,5.24,9.065,-129.982,211.304,15,5,10,0,1,6.713,2.153,-15.975,43.221,-7.573,-14.489,12.155,1.236,-10.581,79.206,187.038,30.656,5.073,1.58,-27.533,294.931,117.481,-146.565,8.921,3.087,-9.307,65.252,4.427,1.466,0,0
0,72.058,4.979,7.923,-114.281,178.688,15,5,10,0,1,6.859,-1.128,-15.616,17.496,17.13,-5.023,13.412,1.626,-9.764,62.947,190.305,7.359,5.437,6.499,-25.617,389.344,178.305,-160,7.307,2.589,-10.852,49.542,4.733,-1.221,0,0
0,73.662,4.681,6.948,-97.412,160.378,15,5,10,0,1,4.076,1.078,-17.515,-10.931,38.733,1.481,13.213,0.771,-10.308,50.855,196.565,-9.099,2.467,2.102,-23.586,485.115,164.015,-229.13,10.196,1.703,-9.908,34.366,2.076,-0.489,0,0
0,75.021,4.344,6.172,-77.625,135.887,15,5,10,0,1,3.166,0.774,-17.278,-34.275,61.496,4.718,12.619,0.752,-11.422,42.473,198.84,-18.473,5.542,8.82,-15.75,130.672,-189.42,-23.634,6.531,2.076,-9.281,25.71,-4.489,-4.473,0,0
0,76.192,3.968,5.616,-55.618,117.153,15,5,10,0,1,2.385,0.553,-17.261,-54.214,84.076,7.511,11.611,1.219,-11.046,28.733,198.26,-28.672,4.388,4.745,-12.713,67.008,-334.427,-38.168,11.498,2.45,-7.24,12.275,-10.29,-3.252,0,0
0,77.13,3.555,5.158,-45.799,93.785,15,5,10,0,1,2.282,0.331,-17.661,-66.351,104.366,11.069,10.706,1.933,-11.544,19.618,194.519,-33.939,4.428,6.966,-15.098,126.336,-157.511,-13.618,8.593,1.411,-7.068,11.099,-14.107,-7.145,0,0
0,77.885,3.103,4.778,-38.04,75.474,15,5,10,0,1,1.736,0.06,-17.055,-69.099,125.557,15.435,10.83,1.238,-11.015,7.023,188.687,-38.565,1.99,4.953,-15.067,65.405,-73.939,-8.763,5.473,-2.776,-11.855,27.679,-17.115,-8.748,0,0
0,78.43,2.612,4.675,-10.254,54.531,15,5,10,0,1,1.681,-0.024,-16.669,-68.641,146.153,17.511,7.875,-0.271,-12.018,0.824,175.374,-40.168,1.521,5.497,-14.365,57.115,-114.519,-3.298,11.079,3.866,-6.641,22.55,-30.321,-4.962,0,0
0,78.764,2.084,4.657,-1.831,33.348,15,5,10,0,1,2.4,-7.18,-12.919,-70.87,156.611,13.191,17.038,-1.114,-8.416,-5.695,176.901,-42.626,-0.127,9.385,-21.143,102.519,-114.824,-15.603,11.989,6.136,-4.725,-0.504,-24.656,-7.359,0,0
0,78.646,1.517,4.422,-23.506,-11.776,15,5,10,0,1,0.783,3.741,-18.779,-59.176,197.435,8.794,13.228,-0.453,-11.197,-4.962,162.656,-40.687,5.892,10.015,-14.725,260.244,-12.718,-32.733,6.967,-0.369,-11.103,-3.115,-24.061,-8.122,0,0
0,78.353,0.912,4.239,-18.265,-29.251,15,5,10,0,1,6.498,-3.693,-15.826,-36.504,225.893,5.924,7.168,-1.633,-14.042,5.679,152.672,-33.481,6.105,6.582,-11.139,10.611,-249.908,-23.817,6.785,1.152,-9.35,16.84,-39.969,-4.153,0,0
0,77.712,0.268,4.319,8.011,-64.098,15,5,10,0,1,1.241,-3.322,-19.574,-10.763,235.45,3.573,6.462,-2.208,-13.307,18.076,144.565,-18.397,5.791,7.123,-11.199,8.076,-213.511,-12.336,12.09,3.949,-7.508,6.718,-32.748,-3.832,0,0
0,76.709,0,4.29,-2.884,-100.342,15,5,10,0,1,0.831,-4.493,-20.032,25.038,250.046,-4.275,5.607,-2.402,-12.579,34.947,131.985,-9.786,2.136,9.254,-14.796,9.084,-118.183,-15.878,10.543,3.537,-8.316,-13.832,-30.611,-6.168,0,0
0,75.463,0,4.293,0.309,-124.546,15,5,10,0,1,0.651,-3.844,-20.87,49.084,259.725,-15.435,4.438,-2.481,-12.133,50.656,117.206,-4.672,6.773,5.451,-9.587,-1.725,-53.603,-10.229,10.358,-0.244,-7.458,-4.931,-40.244,-5.282,0,0
0,73.948,0,4.243,-5.07,-151.532,15,5,10,0,1,1.231,-4.649,-18.964,72.87,270.748,-23.954,4.565,-2.946,-12.473,63.374,101.252,-1.42,2.872,7.101,-12.902,-6.779,-58.351,-8.748,9.115,1.312,-9,-1.481,-44.794,-3.939,0,0
0,72.172,0,4.195,-4.738,-177.624,15,5,10,0,1,0.539,-1.7,-17.292,74.595,282.061,-31.71,4.788,-3.147,-13.424,81.71,84.672,1.099,1.626,7.374,-13.52,-7.863,-64.198,-10.473,11.498,2.5,-6.735,-6.962,-42.031,-2.687,0,0
0,70.139,0,3.939,-25.646,-203.259,15,5,10,0,1,1.418,-0.726,-18.607,66.382,287.176,-41.786,2.508,-4.225,-13.089,100.595,62.656,3.832,5.209,4.072,-9.822,-9.176,-68.397,-8.87,10.816,1.236,-6.5,-0.916,-43.206,-1.771,0,0
0,67.952,0,3.598,-34.126,-218.686,15,5,10,0,1,-0.17,-0.865,-20.786,46.931,284.748,-48.977,5.137,-2.675,-11.096,126.595,49.893,-2.626,1.993,3.54,-12.749,5.389,-295.099,-42.198,12.873,-0.208,-7.147,16.214,-35.924,-0.733,0,0
0,65.583,0,3.228,-36.93,-236.916,15,5,10,0,1,3.114,-4.833,-17.917,34.824,284.168,-51.649,4.824,-1.408,-11.922,138.534,34.412,-5.74,5.018,3.787,-10.418,11.924,-148.87,-1.588,7.185,1.408,-8.208,25.298,-48.763,2.29,0,0
0,63.181,0,2.928,-30.052,-240.246,15,5,10,0,1,5.269,-1.195,-22.379,17.496,290.366,-47.084,3.607,-1.011,-12.521,141.908,23.145,-17.359,1.542,5.305,-14.329,36.656,-273.053,-42.565,15.225,2.369,-5.212,32.214,-43.939,3.237,0,0
0,60.684,0,2.643,-28.519,-249.711,15,5,10,0,1,0.867,-2.005,-23.802,6.458,284.076,-42.87,6.701,0.362,-9.963,139.313,17.725,-31.42,0.644,6.817,-24.745,87.16,-147.618,-14.107,10.682,1.317,-10.27,30.076,-43.817,0.489,0,0
0,58.135,0,2.452,-19.066,-254.872,15,5,10,0,1,7.887,-3.949,-22.197,6.061,280.244,-36.061,4.488,1.863,-10.303,121.939,7.313,-34.702,0.113,7.343,-17.824,45.924,-71.099,-10.351,10.615,3.049,-7.664,25.389,-53.573,0.55,0,0
0,55.55,0,2.36,-9.167,-258.545,15,5,10,0,1,2.994,-2.031,-24.194,-0.611,268.809,-25.786,5.746,3.669,-7.786,100.122,1.817,-49.725,4.246,6.572,-13.182,50.214,-121.511,-33.832,12.207,2.551,-5.418,25.771,-70.534,1.511,0,0
0,52.953,0,2.364,0.355,-259.667,15,5,10,0,1,0.431,-1.207,-26.865,-18.015,249.496,-17.817,6.313,6.019,-5.216,68.916,-6.885,-57.466,4.687,6.55,-12.847,47.649,-261.206,-60.458,9.568,0.606,-7.425,24.229,-62.779,3.069,0,0
0,50.401,0,2.375,1.076,-255.238,15,5,10,0,0,1.983,-2.917,-26.228,-35.298,230.519,-6.84,4.958,5.885,-5.279,28.351,-16.885,-58.412,6.263,3.086,-14.456,93.969,-129.847,-86.046,9.264,1.923,-9.276,23.328,-68.427,1.771,0,0
0,47.995,0,2.404,2.964,-240.59,15,5,10,0,0,3.576,-6.574,-26.29,-50.672,203.16,2.107,7.745,6.136,-3.427,-4.977,-25.939,-49.328,4.63,6.009,-12.782,45.893,-66.687,-16.015,9.13,-0.977,-11.855,32.916,-78.214,0.794,0,0
0,45.687,0,2.43,2.586,-230.713,15,5,10,0,0,2.407,-5.264,-27.981,-55.221,176.58,14.55,6.555,4.464,-2.939,-30.595,-41.282,-40.183,6.395,5.835,-17.56,67.45,-450.58,-146.809,9.072,1.811,-9.908,26.55,-78.061,3.618,0,0
0,43.578,0,2.514,8.434,-210.972,15,5,10,0,0,4.725,-6.095,-25.574,-67.618,141.084,21.725,4.795,2.874,-3.152,-46.046,-52.168,-28.336,5.753,4.637,-13.702,43.252,-62.244,-8.443,9.542,-2.412,-12.684,37.527,-80.443,4.29,0,0
0,41.707,0,2.804,28.919,-187.111,15,5,10,0,0,3.08,-1.205,-25.912,-83.221,98.366,16,10.924,1.423,3.073,-49.542,-55.282,-20.824,4.301,14.75,-19.179,89.664,-216.656,132.885,8.246,2.678,-8.512,39.481,-83.298,8.87,0,0
0,40.139,0,3.217,41.313,-156.773,15,5,10,0,0,-0.39,-1.195,-30.826,-86.443,76.061,19.053,12.013,-0.295,1.981,-51.634,-64.763,-15.206,6.962,6.431,-11.836,51.939,-37.328,-3.649,13.23,-0.235,-8.862,35.863,-96.794,12.473,0,0
0,39.03,0,3.766,54.966,-110.939,15,5,10,0,0,0.031,-4.668,-38.26,-109.206,4.977,19.45,5.889,0.984,1.188,-30.931,-76.107,-1.16,6.328,7.554,-12.124,56.061,-301.023,-0.794,10.267,1.075,-9.903,38.733,-98.015,13.802,0,0
0,38.678,0,4.462,69.592,-35.168,15,5,10,1,0,-4.289,-2.218,-42.653,-111.756,-87.221,8.901,7.81,0.371,0.11,-33.359,-76.076,8.427,6.981,6.308,-11.946,58.489,-25.588,2.046,12.301,1.14,-10.196,38.183,-108.809,15.145,1,0
0,39.048,0,5.381,91.908,36.999,5,5,10,1,0,4.165,-6.797,-27.152,-70.733,-136.458,-0.137,8.186,-4.826,-5.391,-28.687,-82.947,21.664,5.494,7.084,-12.825,60.137,-41.832,8.244,13.3,2.17,-7.168,36.748,-116.397,16.168,0,0
0.659,39.773,0,6.374,99.266,72.476,5,5,10,1,0,8.955,-6.603,-9.166,-37.542,-147.817,-12.641,10.593,-7.484,-10.612,-17.557,-83.206,46.534,9.144,5.822,-11.719,63.496,-9.405,3.695,14.226,0.287,-7.767,43.13,-125.985,17.389,0,0
1.279,40.612,0,7.443,106.945,83.897,5,5,10,1,0,13.889,-15.845,2.639,35.832,-100.107,-13.13,12.394,-5.063,-10.526,-1.328,-53.481,62.947,8.191,12.575,-15.069,126.153,-42.87,20.641,13.127,-1.303,-9.415,44.687,-127.573,18.336,0,0
1.862,41.281,0,8.607,116.387,66.982,5,5,10,1,0,8.502,-7.997,-4.519,82.504,-70.916,-6.321,13.58,-6.486,-8.397,18.336,-23.954,85.542,9.877,13.991,-17.934,446.656,6.351,94.29,17.086,1.078,-4.5,42.885,-140.122,21.695,0,0
2.405,41.824,0,9.875,126.744,54.211,5,5,10,1,0,3.743,0.469,-15.599,96.672,-60.305,-5.328,7.056,-5.578,-9.386,61.359,-27.725,88.473,3.08,7.169,-11.055,187.466,-82.931,57.16,19.409,0.826,-3.784,39.557,-143.481,20.656,0,0
2.911,42.377,0,11.259,138.428,55.309,5,15,10,1,0,1.03,3.08,-26.146,72.626,-81.939,-7.435,5.475,-3.552,-8.306,113.527,-46.687,88.015,11.362,6.335,-9.479,37.13,26.626,18.534,16.844,-0.24,-6.512,35.42,-145.878,18.947,0,0
3.378,42.929,0,12.822,156.338,55.287,5,15,10,1,0,5.897,-1.466,-26.19,47.053,-103.282,-10.336,5.719,1.217,-5.619,126.55,-70.885,67.969,11.264,4.266,-9.659,11.603,81.557,16.763,15.244,0.326,-5.652,23.542,-154.641,16.733,0,0
3.807,43.193,0,14.653,183.094,26.367,5,15,10,1,0,8.433,-4.057,-19.436,53.145,-90.244,-0.473,9.97,1.329,-7.142,116.412,-85.023,41.603,0.393,10.821,-5.667,8.794,218,-468.763,11.834,0.948,-5.973,5.908,-163.771,17.084,0,0
4.198,42.853,0,16.778,212.437,-34.012,5,15,10,1,0,13.515,-1.178,-16.897,67.573,-58.992,5.328,13.091,0.505,-10.035,72.611,-97.771,27.221,11.01,5.082,-2.778,-18.718,153.466,19.481,14.852,0.319,-3.985,-8.947,-174.565,16.809,0,0
4.55,41.897,0,19.253,247.571,-95.57,5,15,10,1,0,12.794,1.303,-16.856,42.656,-28.885,11.603,15.819,1.432,-10.076,32.641,-118.107,26.824,9.633,8.059,-7.381,-18.198,201.527,9.221,16.047,0.503,-3.274,-15.145,-176.519,17.344,0,0
4.865,40.447,0,22.073,281.972,-145.077,5,15,10,1,0,12.488,0.781,-17.163,7.588,-5.588,19.969,13.958,6.61,-10.174,6.809,-137.771,24.702,2.577,15.319,0.283,-58.321,262.504,18.992,16.71,7.271,1.463,-48.168,-188.885,18.718,0,0
5.14,38.601,0,25.139,306.553,-184.548,5,15,10,1,0,10.476,4.637,-20.147,-44.122,10.641,28.901,12.392,2.239,-11.783,-34.901,-154.107,15.115,4.594,15.845,-3.506,-263.573,-400.366,188.58,20.899,-0.268,-4.151,-58.702,-166,15.817,0,0
5.378,36.419,0,28.438,329.899,-218.251,5,15,10,1,0,18.284,-5.552,-13.541,-74.824,39.466,32.153,9.903,3.667,-12.706,-35.924,-168.718,9.45,0.996,19.227,-3.976,-473.893,-47.145,133.618,17.812,3.554,-7.525,-73.863,-164.412,21.756,0,0
5.577,33.833,0,31.991,355.294,-258.568,5,15,10,1,0,12.018,7.262,-20.145,-133.267,48.794,41.344,7.734,0.553,-16.322,-62.595,-197.313,4.061,7.631,10.032,-11.702,-184.427,-189.634,-7.023,14.581,5.734,-13.752,-85.924,-170.672,25.511,0,0
5.738,30.947,0,35.898,390.691,-288.575,5,15,10,1,0,3.928,3.267,-11.812,-136.366,46.458,39.893,11.685,1.801,-9.896,-63.771,-196.092,-1.618,5.389,1.036,-17.35,-224.412,172.931,-150.962,15.649,2.618,-19.711,-105.237,-188.107,21.435,0,0
5.86,27.761,0,40.226,432.885,-318.616,5,15,10,1,0,5.544,3.178,-16.82,-157.252,54.092,46.824,8.157,0.795,-7.475,-67.557,-202.718,-0.992,4.598,1.558,-20.712,-278.504,453.603,-161.405,15.132,7.331,-16.82,-143.282,-222.58,18.748,0,0
5.945,24.586,0,44.808,458.165,-317.483,5,15,10,1,0,1.88,-2.369,-16.724,-159.237,37.053,42.992,6.368,1.15,-8.464,-67.496,-204.595,1.405,4.536,8.615,-19.239,-153.802,475.038,-114.87,19.637,4.163,-14.854,-171.42,-201.145,21.908,0,0
5.991,21.58,0,49.517,470.891,-300.625,5,15,10,1,0,1.48,-7.084,-17.22,-136.397,33.603,41.649,5.844,2.62,-8.809,-70.031,-189.389,7.16,7.336,6.273,-19.565,-164.183,498.366,-143.206,15.12,3.93,-11.465,-186.702,-189.008,32.092,0,0
5.998,19.166,0,54.168,465.089,-241.356,5,15,10,1,0,3.954,-7.341,-15.987,-103.221,12.443,36.565,12.648,0.455,-7.702,-84.672,-167.42,5.496,7.298,2.441,-17.769,-166.534,126.031,317.924,11.958,4.287,-12.88,-179.573,-170.962,27.069,0,0
5.968,17.214,0,58.767,459.95,-195.237,5,15,10,1,0,8.634,-7.429,-15.314,-51.145,16.382,35.634,11.606,0.235,-8.78,-94.733,-148.076,17.405,-2.989,4.351,-26.278,-303.206,59.832,200.183,12.076,6.263,-18.195,-155.74,-157.511,20.916,0,0
5.899,15.728,0,63.239,447.133,-148.636,5,15,10,1,0,6.991,-5.686,-15.002,-30.412,6.489,34.626,10.437,-3.401,-10.224,-97.405,-140.412,26.809,7.041,1.799,-18.875,-107.298,-473.359,-356.397,11.932,8.979,-16.71,-168.473,-134.824,6.443,0,0
5.791,14.277,0,67.341,410.237,-145.066,5,15,10,1,0,7.001,-3.746,-14.152,-9.115,11.023,35.313,10.196,-4.706,-9.278,-88.763,-141.71,32.397,4.759,5.803,-21.198,-71.145,248.901,-80.183,14.131,-2.476,-15.97,-157.145,-104.458,3.282,0,0
5.646,12.871,0,70.699,335.782,-140.579,5,15,10,1,0,7.295,-0.666,-13.376,-39.634,7.863,29.099,9.697,-3.303,-10.052,-81.374,-147.206,35.832,7.02,0.172,-15.422,-59.481,467.008,-129.313,8.704,-4.292,-14.669,-125.924,-75.786,2.87,0,0
5.462,11.414,0,73.427,272.851,-145.729,5,15,10,1,0,8.778,-7.494,-11.736,-45.511,15.435,29.725,6.514,-3.705,-9.463,-79.847,-150.275,32.595,7.42,2.005,-13.666,-57.71,231.832,-126.107,13.292,-8.011,-11.81,-77.481,-24.672,8.794,0,0
5.24,9.776,0,75.485,205.811,-163.754,5,15,10,1,0,4.687,-0.213,-14.543,-58.015,16.55,29.313,7.664,-2.872,-8.936,-83.985,-153.206,25.374,7.156,5.093,-18.696,-61.466,379.282,-102.473,12.677,-7.429,-10.715,-21.969,25.16,17.221,0,0
4.979,8.052,0,76.961,147.538,-172.474,5,15,10,1,0,13.118,-4.807,-12.576,-70.244,27.817,23.832,6.644,-1.382,-9.944,-85.588,-150.412,19.374,3.688,7.407,-20.094,-70.351,359.313,-12.947,10.449,-3.315,-10.744,22.885,65.511,17.252,0,0
4.681,6.291,0,77.961,99.999,-176.102,5,15,10,1,0,4.088,-1.667,-15.608,-74.855,17.053,23.603,10.002,-1.813,-7.18,-88.855,-146.473,13.496,3.068,1.303,-14.131,-32.824,173.13,13.13,6.373,-3.607,-13.599,66.611,87.588,11.603,0,0
4.344,4.595,0,78.641,68.058,-169.579,5,15,10,1,0,8.677,-5.619,-13.937,-69.496,22.55,19.099,9.606,-2.156,-9.293,-98.763,-144.336,12.321,1.89,0.563,-15.213,-24.29,-426.015,109.191,4.862,-1.468,-15.398,83.679,111.878,4.931,0,0
3.968,3.035,0,78.993,35.179,-155.995,5,15,10,1,0,7.935,-5.94,-11.913,-49.756,17.466,17.786,9.714,-1.818,-9.808,-96.809,-137.115,14.565,0.084,1.449,-16.013,-8.183,160.824,71.267,3.992,-4.34,-19.529,90.168,133.893,-2.962,0,0
3.555,1.628,0,79.367,37.354,-140.671,5,15,10,1,0,5.465,-5.377,-13.891,-39.038,11.405,17.786,10.811,-3.466,-11.403,-97.282,-132.076,10.641,1.317,1.492,-15.915,11.969,326.87,65.863,4.615,1.607,-14.471,86.397,142.977,-1.237,0,0
3.103,0.435,0,79.63,26.356,-119.328,5,15,10,1,0,4.364,-7.331,-13.491,-9.802,7.893,17.282,10.155,-4.057,-10.909,-79.603,-127.511,11.344,1.581,6.137,-21.828,57.038,319.695,62.87,5.786,0.709,-13.92,70.504,163.16,-0.748,0,0
2.612,-0.628,0,79.788,15.781,-106.247,5,15,10,1,0,5.307,-3.53,-13.853,-0.901,3.344,16.305,12.449,-1.973,-10.775,-63.008,-119.466,11.053,2.417,3.373,-19.745,65.649,-375.084,141.435,6.646,1.844,-9.554,64.473,175.176,3.008,0,0
2.084,-1.481,0,79.718,-6.992,-85.293,5,15,10,1,0,8.22,-5.559,-12.667,9.115,1.008,13.649,11.86,-2.939,-11.956,-50.519,-108.595,8.84,3.856,3.854,-14.875,50.794,156.611,30.931,5.746,-1.564,-14.626,64.122,189.969,13.16,0,0
1.517,-2.203,0,79.532,-18.608,-72.201,5,15,10,1,0,6.397,-3.528,-13.771,21.527,-6.015,14.458,11.484,-3.957,-11.637,-31.389,-101.237,7.878,-0.474,4.23,-18.372,44.336,139.115,13.252,7.58,-1.255,-15.73,33.557,218.183,13.863,0,0
0.912,-2.814,0,78.993,-53.89,-61.157,5,15,10,1,0,7.07,-2.941,-12.926,20.382,-11.725,10.336,12.265,-2.726,-9.824,-17.221,-92.855,4.153,0.596,6.041,-21.095,67.359,282.29,6.687,4.517,1.461,-13.575,9.038,229.649,16.565,0,0
0.268,-3.18,0,78.07,-92.285,-36.552,5,15,10,1,0,7.959,-3.827,-11.259,18.916,-23.176,6.809,11.29,-1.885,-10.936,-13.573,-79.527,4.092,-0.297,6.234,-16.909,11.267,255.45,5.527,5.964,-2.57,-17.373,-7.435,256.366,23.74,0,0
0,-3.22,0,76.836,-123.425,-4.028,5,15,10,1,0,6.308,-6.239,-9.525,22.977,-33.298,5.405,11.903,-1.993,-9.185,-14.046,-61.618,4.046,-0.678,6.728,-16.633,1.527,236.473,-1.344,6.89,-1.772,-16.301,-14.519,270.992,35.679,0,0
0,-3.18,0,75.309,-152.687,4.028,5,15,10,1,0,9.166,-4.749,-10.569,31.45,-22.198,10.84,9.458,-4.586,-11.084,-9.939,-61.42,1.924,-1.727,6.385,-15.821,-10.504,106.519,-6.748,7.049,-0.589,-16.245,-11.191,278.321,44.519,0,0
0,-3.352,0,73.533,-177.636,-17.246,5,15,10,0,0,8.124,-5.82,-8.478,33.252,-28.595,8.489,7.185,-3.808,-9.214,10.84,-70.153,7.71,-2.268,6.421,-16.358,-28.855,94.489,-3.252,6.692,0.539,-15.92,-19.756,288.489,48.916,0,0
0,-3.821,0,71.523,-200.993,-46.887,5,15,10,0,0,6.198,0.326,-11.752,5.74,-21.023,9.359,6.055,-3.856,-9.321,22.916,-87.847,4.092,-1.978,7.84,-30.034,-336.611,-365.695,-15.145,7.441,2.163,-16.528,-15.176,291.008,53.573,0,0
0,-4.517,0,69.326,-219.738,-69.557,5,15,10,0,0,7.449,-2.91,-10.32,-18.443,-23.45,3.435,8.754,0.168,-6.819,19.924,-97.71,5.435,-4.503,6.148,-16.856,-57.13,134.061,-3.511,5.293,-0.699,-17.594,-18.519,295.282,52.611,0,0
0,-5.337,0,66.993,-233.242,-82.054,5,15,10,0,0,6.73,-4.831,-9.932,-32.733,-18.29,3.679,9.987,0.723,-8.615,0.168,-95.435,4.611,-3.463,5.215,-33.549,415.511,467.771,-107.725,8.931,4.062,-14.928,-15.634,295.023,56.229,0,0
0,-6.183,0,64.561,-243.187,-84.583,5,15,10,0,0,4.572,-4.915,-11.716,-34.84,-25.328,2.412,12.26,-0.687,-6.792,-17.374,-90,8.382,-3.183,4.924,-15.872,-87.908,95.008,-1.893,7.755,-1.334,-21.898,-3.634,290.763,50.962,0,0
0,-6.893,0,62.067,-249.39,-71.011,5,15,10,0,0,5.293,-4.788,-12.009,-42.947,-33.786,0.122,13.908,-0.204,-8.174,-32.321,-79.786,12.092,-2.876,4.777,-20.947,-204.061,68.153,27.603,6.373,0.278,-20.635,-17.023,287.847,46.916,0,0
0,-7.366,0,59.544,-252.343,-47.31,5,15,10,0,0,5.125,-6.574,-10.895,-38.565,-43.695,-1.863,15.438,-0.953,-7.736,-47.603,-64.519,18.748,-1.001,8.923,-26.221,235.847,321.466,111.145,9.453,-0.041,-19.563,-11.634,283.374,43.221,0,0
0,-7.527,0,56.988,-255.593,-16.113,5,15,10,0,0,3.502,-5.03,-12.021,-34.84,-56.244,-4.076,15.086,0.266,-6.299,-57.13,-55.954,22.046,-0.189,2.765,-11.927,-177.313,71.115,9.954,7.195,2.558,-18.672,-7.115,268.687,42.931,0,0
0,-7.413,0,54.417,-257.092,11.433,5,15,10,0,0,12.361,-8.723,-7.226,-27.618,-59.618,-2.748,7.664,-3.547,-9.343,-58.244,-51.267,23.618,-1.657,2.553,-10.181,-60.107,17.344,32.122,7.896,0.551,-21.285,0.229,258.321,38.641,0,0
0,-7.425,0,51.897,-251.965,-1.156,5,15,10,0,0,3.391,-3.042,-14.89,-16.595,-63.176,-1.389,11.836,-2.486,-8.96,-48.412,-55.252,17.084,-1.15,1.006,-8.095,-23.267,23.725,52.519,5.324,1.825,-22.477,6.611,233.191,34.947,0,0
0,-7.417,0,49.495,-240.212,0.71,5,15,10,0,0,7.415,-2.773,-11.388,-20.595,-67.71,-5.588,11.259,-1.827,-9.853,-40.229,-60.275,14.901,-2.627,1.813,-7.092,8.702,-1.206,0.519,7.408,-0.084,-23.179,18.336,212.458,29.038,0,0
0,-7.373,0,47.284,-221.169,4.475,5,15,10,0,0,8.771,-3.097,-11.134,-26.595,-69.176,-9.664,12.114,-2.273,-10.83,-37.542,-59.924,13.542,-1.638,2.462,-1.873,66.702,-50.809,248.55,6.522,2.453,-21.754,36.061,177.359,22.779,0,0
0,-7.175,0,45.284,-199.986,19.741,5,15,10,0,0,5.188,-3.188,-13.261,-34.305,-81.679,-13.756,17.273,-2.086,-9.036,-35.863,-48.962,9.588,-2.136,4.828,-5.384,98.214,-84.824,110.351,7.777,3.825,-20.681,49.863,150.305,12.702,0,0
0,-6.823,0,43.551,-173.252,35.179,5,15,10,0,0,8.069,-7.726,-10.397,-17.542,-88.718,-17.557,16.547,0.699,-9.578,-34.153,-38.977,14.992,-0.934,3.731,-3.228,112.656,-129.954,84.092,7.357,3.722,-21.852,66.183,120.443,1.099,0,0
0,-6.319,0,42.054,-149.735,50.491,5,15,10,0,0,10.804,-3.413,-12.239,-11.939,-80.656,-15.511,12.298,-0.18,-11.884,-37.313,-32.321,10.458,-1.811,5.192,-3.674,119.496,-183.573,119.206,4.591,5.147,-20.935,74.611,81.557,-9.389,0,0
0,-5.648,0,40.776,-127.808,67.04,5,15,10,0,0,7.801,-2.637,-12.974,-11.786,-88.916,-18.947,14.049,-0.97,-11.604,-37.649,-21.603,6.977,-1.413,3.228,-7.123,71.817,-56.947,8.412,3.516,4.677,-23.105,82.687,51.282,-20.55,0,0
0,-4.905,0,39.758,-101.795,74.318,5,15,10,0,0,7.465,-4.826,-11.98,-10.763,-97.45,-21.374,13.355,-0.807,-10.797,-34.489,-19.771,4.672,2.33,5.873,-3.042,134.885,-271.389,48.366,12.813,0.01,-20.341,79.771,32.214,-18.595,0,0
0,-4.052,0,39.099,-65.918,85.339,5,15,10,0,0,9.185,-2.06,-13.189,-12.824,-95.099,-24.153,13.103,-2.493,-10.164,-31.786,-17.679,6.229,3.183,7.99,-2.524,124.779,-255.023,-435.298,8.177,1.181,-24.46,105.786,-12.702,-3.237,0,0
0,-3.227,0,38.838,-26.058,82.432,5,15,10,0,0,10.418,-3.121,-13.113,-9.725,-92.443,-26.58,11.671,-1.195,-12.397,-28.198,-23.634,6.061,5.777,7.69,-4.057,47.893,-250.137,2.198,2.951,5.255,-28.52,91.42,-58.763,4.595,0,0
0,-2.499,0,38.996,15.747,72.842,5,15,10,0,0,10.222,-2.364,-12.715,-15.221,-90.336,-27.924,12.174,-1.164,-11.099,-26.992,-29.16,2.55,-3.264,3.345,-12.545,73.42,-296.931,-296.55,7.743,10.538,-24.846,25.282,-99.908,2.137,0,0
0,-1.898,0,39.38,38.464,60.07,5,15,10,0,0,9.925,-1.629,-13.213,-16.351,-89.954,-28.122,11.233,-1.315,-11.163,-27.42,-31.069,-2.824,-1.911,10.005,-17.943,71.664,-425.786,400.611,8.735,7.825,-12.318,-33.45,-133.557,2.26,0,0
0,-1.323,0,39.882,50.16,57.53,5,15,10,0,0,10.076,-2.34,-11.091,-30.58,-87.191,-28.962,13.247,-1.219,-9.863,-32.718,-26.641,-5.817,0.493,32.176,-20.046,-264.565,128.229,-426.748,13.798,1.753,0.242,-71.13,-97.679,9.389,0,0
0,-0.726,0,40.12,23.815,59.681,5,15,10,0,0,10.243,-2.862,-11.099,-39.527,-88.702,-33.42,13.64,-1.779,-8.802,-41.786,-23.695,-11.847,0.141,10.424,-28.271,316.061,241.084,76.214,18.585,-1.389,5.693,-72.443,-49.282,15.649,0,0
0,-0.129,0,40.061,-5.882,59.681,15,15,10,0,1,7.822,-2.139,-10.325,-46.473,-93.466,-35.573,13.561,1.233,-8.493,-45.969,-20.153,-13.802,7.841,23.302,-17.627,-13.588,-368.885,78.168,9.975,-2.929,-3.494,-68.321,-48.885,17.374,0,1
0,0.592,0,40.055,-0.652,72.109,15,5,10,0,1,9.863,-3.003,-10.172,-52.656,-95.664,-35.771,14.818,0.101,-8.071,-47.817,-9.618,-18.885,4.239,2.766,-10.399,-156.565,-289.13,-81.588,12.066,0.419,-9.992,-75.053,-52.656,7.008,0,0
0,1.489,0.655,40.087,3.216,89.733,15,5,10,0,1,12.025,-4.907,-7.736,-50.504,-102.397,-38.702,15.762,-0.014,-7.942,-51.481,2.321,-16.519,2.872,-0.201,-6.031,-151.588,-118.58,-117.313,9.741,0.453,-18.372,-74.962,-77.267,-4.275,0,0
0,2.5,1.273,40.105,1.854,101.052,15,5,10,0,1,10.287,-4.797,-7.808,-43.878,-100.931,-35.13,15.141,-1.389,-7.374,-46.061,11.466,-18.366,-2.045,2.836,-9.513,-127.237,-68.565,-101.099,9.264,2.211,-20.236,-85.679,-75.527,-15.435,0,0
0,3.694,1.852,40.168,6.26,119.385,15,5,10,0,1,9.468,-4.357,-6.591,-44,-109.328,-37.573,15.762,-0.283,-4.931,-41.878,26.29,-16.107,-1.051,1.978,-8.131,-93.542,-173.328,-231.206,7.944,-2.991,-16.109,-70.824,-80.473,-15.191,0,0
0,5.111,2.394,40.164,-0.423,141.712,15,5,10,0,1,9.697,-3.782,-6.634,-47.328,-114.046,-39.313,16.945,-1.384,-3.583,-36.412,42.809,-16.779,2.045,0.46,-7.856,-343.221,194.061,123.847,9.638,-3.516,-11.367,-39.481,-75.557,-7.725,0,0
0,6.788,2.897,40.105,-5.836,167.748,15,5,10,0,1,7.415,-1.612,-7.247,-47.145,-116.305,-38.305,17.445,-1.796,-3.657,-34.748,61.695,-20.779,3.399,-0.012,-12.069,-3.344,-443.557,-221.679,11.554,-2.821,-12.797,-28.26,-65.115,-7.588,0,0
0,8.803,3.363,39.823,-28.187,201.451,15,5,10,0,1,9.918,-8.488,-7.049,-38.321,-123.252,-38.901,15.869,-3.959,-4.541,-28.214,81.557,-20.305,2.73,3.308,-15.39,14.427,-250.092,-104.55,13.676,-2.627,-14.411,-22.458,-45.496,-14.504,0,0
0,11.029,3.791,39.128,-69.546,222.622,15,5,10,0,1,6.675,-5.595,-13.7,-36.198,-133.817,-37.328,14.768,0.122,-2.321,-29.649,99.176,-22.779,4.318,3.051,-13.87,3.71,453.603,-310.107,17.108,-1.03,-11.348,-7.237,-31.191,-13.298,0,0
0,13.626,4.181,37.948,-117.989,259.667,15,5,10,0,1,11.309,-10.109,-8.174,-38.29,-159.176,-41.863,15.307,0.8,-3.267,-33.985,129.023,-19.038,1.815,2.314,-16.528,7.13,380.931,-74.26,13.436,-5.365,-15.75,10.595,-10.58,-19.588,0,0
0,16.709,4.534,36.176,-177.178,308.339,15,5,10,0,1,8.989,-10.009,-14.19,-27.74,-177.344,-35.344,17.534,-3.593,-6.462,-31.832,156.718,-26.809,1.059,4.012,-16.107,15.344,-351.771,-36.947,12.332,-4.072,-12.828,19.542,16.229,-17.038,0,0
0,20.203,4.848,33.843,-233.3,349.389,15,5,10,0,1,7.604,-6.795,-19.45,-3.359,-200.504,-31.405,19.412,-5.782,-6.495,-21.496,180.702,-22.168,-1.875,3.09,-18.303,11.099,277.725,-19.176,13.697,-0.776,-8.931,48.733,38.214,-11.008,0,0
0,24.256,5.124,31.049,-279.419,405.339,15,5,10,0,1,6.038,-7.544,-18.463,25.954,-226.046,-35.847,16.739,-4.122,-7.899,-6.916,197.344,-11.435,-0.989,2.441,-18.779,37.878,237.191,493.435,13.213,-5.518,-9.597,81.649,49.389,-9.466,0,0
0,28.835,5.363,27.852,-319.691,457.833,15,5,10,0,1,13.285,-12.979,-15.225,56.916,-230.763,-44.809,16.6,-5.784,-11.314,24.473,222,15.695,-2.73,1.032,-17.833,41.023,-192.672,18.321,13.46,-7.118,-8.136,117.679,43.802,-18.305,0,0
0,33.741,5.564,24.333,-351.941,490.655,15,5,10,0,1,10.452,-4.095,-21.208,81.374,-236.611,-38.26,12.9,-5.346,-12.306,41.084,225.771,37.374,-1.703,4.105,-16.039,34.641,-432.855,52.336,5.475,-10.679,-20.681,143.603,33.344,-22.763,0,0
0,38.835,5.727,21.03,-330.289,509.412,15,5,10,0,1,7.437,-6.867,-20.719,108.107,-246.382,-46.092,13.642,-2.795,-15.616,73.924,231.481,55.969,2.266,0.165,-14.437,49.313,-200.137,18.168,8.684,-3.82,-15.798,156.824,11.038,-14.092,0,0
0,44.127,5.852,18.4,-262.951,529.176,15,5,10,0,1,10.564,-13.661,-18.243,130.855,-243.756,-43.969,11.247,2.376,-12.885,71.496,245.344,86.198,2.012,7.141,-13.335,485.832,-370.687,118.229,8.83,6.96,-13.649,129.038,-1.939,-12.107,0,0
0,49.386,5.939,16.492,-190.796,525.891,15,5,10,0,1,14.507,-13.367,-21.031,185.985,-219.802,-32.366,13.017,-1.051,-16.871,56.29,251.42,97.847,1.317,0.329,-20.607,-469.053,248.183,67.908,8.495,11.75,-11.343,59.618,-0.916,-15.893,0,0
0,54.359,5.988,15.079,-141.392,497.35,15,5,10,0,1,6.984,13.829,-36.663,201.496,-185.466,-20.198,14.025,-6.663,-19.313,66.672,238.29,104.107,5.523,9.024,-13.68,62.336,-131.863,-24.092,11.374,6.881,-9.321,5.924,2.473,-21.221,0,0
0,58.604,5.999,13.757,-132.18,424.451,15,5,10,0,1,12.392,-3.224,-15.546,220.809,-141.863,-30.809,25.215,-0.577,-13.276,69.588,249.603,124.153,2.132,3.234,-23.701,94.275,-271.16,-26.992,9.834,-0.577,-10.988,-6.031,5.176,-21.374,0,0
0,62.021,5.973,12.493,-126.343,341.675,15,5,10,0,1,13.122,0.486,-13.141,184,-91.695,-33.405,14.543,-2.278,-13.424,80.336,236.168,114.473,1.547,17.65,-27.131,210.763,-236.489,-122.137,10.5,1.595,-7.415,8.015,5.847,-17.145,0,0
0,64.866,5.908,11.164,-132.923,284.501,15,5,10,0,1,8.874,3.183,-14.468,141.282,-53.191,-31.13,10.761,-0.433,-12.526,85.435,208.931,99.908,3.221,5.835,-14.523,47.771,472.534,-101.13,10.442,-0.757,-8.476,25.221,9.099,-15.252,0,0
0,67.187,5.806,9.78,-138.428,232.167,15,5,10,0,1,7.621,5.226,-16.545,89.344,-25.771,-24.916,12.126,0.414,-10.6,86.397,192.107,76.748,2.081,5.037,-13.431,33.74,-131.496,-8.565,8.747,-2.024,-9.925,52.779,9.557,-12.58,0,0
0,69.066,5.666,8.428,-135.189,187.855,15,5,10,0,1,5.875,1.36,-16.717,59.206,5.115,-11.008,11.865,1.178,-11.824,89.847,175.298,46.427,1.609,4.472,-14.152,48.168,-250.458,-26.534,10.555,1.674,-8.96,61.603,7.16,-8.855,0,0
0,70.502,5.488,7.128,-129.948,143.566,15,5,10,0,1,5.164,1.732,-17.311,28,30.321,-0.84,12.356,-0.093,-10.766,81.786,168.534,25.115,4.699,4.828,-12.31,62.58,-240.748,-120.916,10.691,1.674,-8.184,68.931,3.573,-4.031,0,0
0,71.641,5.272,6.001,-112.782,113.949,15,5,10,0,1,3.104,2.007,-18.351,1.817,54.168,4.458,12.533,-0.249,-10.893,74.015,166,6.443,5.683,5.27,-14.418,148.565,-429.939,-36.397,9.638,2.563,-9.108,74.031,4.427,-0.458,0,0
0,72.549,5.018,5.026,-97.447,90.763,15,5,10,0,1,3.154,1.013,-18.334,-25.313,69.893,3.267,12.169,-0.963,-11.362,69.649,166.534,-5.084,4.469,4.692,-14.356,83.71,-200.779,-20.458,10.514,4.378,-9.412,60.366,7.679,-0.809,0,0
0,73.274,4.727,4.191,-83.531,72.544,15,5,10,0,1,2.932,-0.089,-18.228,-39.282,86.214,5.038,11.776,0.122,-11.472,65.771,166.427,-13.359,3.765,6.597,-18.116,186.427,-360.748,-33.527,7.853,4.73,-8.313,46.015,-1.435,-1.466,0,0
0,73.831,4.397,3.458,-73.242,55.653,15,5,10,0,1,1.389,1.303,-19.086,-40.122,107.725,10.687,9.671,0.81,-11.333,66.427,162.382,-23.496,2.357,16.414,-26.661,-261.634,272.84,-163.42,7.355,1.31,-10.675,43.45,-4.779,-3.679,0,0
0,74.34,4.03,2.818,-64.053,50.926,15,5,10,0,1,1.075,-1.746,-16.756,-46.87,116.076,8.687,9.216,1.456,-11.285,51.664,159.389,-26.718,3.696,7.975,-12.866,80.351,-173.237,-16.183,6.778,0.098,-9.206,48.565,-11.664,-1.496,0,0
0,74.68,3.625,2.367,-45.044,34.012,15,5,10,0,1,2.029,1.26,-17.951,-45.328,139.084,8.687,11.407,1.887,-10.196,34.55,164.687,-32.427,4.598,6.843,-14.646,83.985,-312.931,-11.725,8.126,2.464,-10.114,50.931,-12.473,1.71,0,0
0,74.889,3.181,2.111,-25.669,20.886,15,5,10,0,1,2.474,-0.587,-16.674,-31.557,160.931,4.626,10.584,-0.436,-11.479,24.87,164.947,-29.634,5.121,10.451,-42.44,-365.939,435.527,-2.565,8.193,4.163,-10.078,27.924,-12.321,-0.015,0,0
0,74.827,2.7,1.903,-20.817,-6.191,15,5,10,0,1,3.073,-0.759,-17.201,-14.687,181.634,-0.641,10.828,-0.522,-11.772,24.687,158.107,-24.595,5.087,12.668,-25.703,263.008,-262.595,-375.206,6.04,2.132,-11.635,17.802,-21.908,-1.42,0,0
0,74.75,2.182,1.873,-2.964,-7.702,15,5,10,0,1,7.132,-3.832,-15.869,-4.321,193.832,-11.069,10.802,-2.007,-13.256,15.908,162.473,-10.794,0.115,1.853,-28.031,445.42,129.45,-119.695,9.69,3.387,-7.745,1.206,-26.031,0.977,0,0
0,74.453,1.625,1.899,2.563,-29.675,15,5,10,0,1,0.462,1.712,-22.096,26.275,209.634,-9.527,11.158,-2.726,-11.041,26.076,156.809,-6.275,4.85,8.786,-17.076,65.939,-213.511,-20.031,9.832,2.709,-8.768,-2.733,-33.573,-0.214,0,0
0,73.871,1.03,1.946,4.761,-58.193,15,5,10,0,1,-0.232,-1.586,-20.142,50.336,221.695,-17.863,8.929,-2.067,-11.74,38.382,145.267,7.557,2.12,8.665,-15.208,23.176,-58.168,-4.733,10.859,3.231,-8.289,-12.992,-29.405,-0.718,0,0
0,73.077,0.398,1.957,1.076,-79.468,15,5,10,0,1,4.093,-1.827,-19.357,59.053,237.725,-27.313,5.518,-2.716,-12.004,54.595,130.183,12.443,4.709,8.426,-13.374,9.649,-52.916,-3.588,9.24,1.648,-9.64,-9.618,-43.267,-2.061,0,0
0,72.087,0,1.972,1.488,-98.911,15,5,10,0,1,2.031,-1.109,-19.79,55.267,241.878,-35.069,5.978,-3.161,-11.288,70.84,117.725,10.55,2.994,7.259,-13.755,-5.618,-58.122,-9.252,9.618,1.976,-8.984,-13.771,-45.115,-3.389,0,0
0,70.926,0,1.95,-2.14,-116.112,15,5,10,0,1,2.448,-2.124,-19.115,57.817,250.611,-41.038,5.875,-3.219,-10.857,81.618,103.45,10.748,3.097,6.725,-13.594,-8.046,-58.168,-5.206,9.163,1.039,-8.581,-9.298,-50.046,-2.748,0,0
0,69.524,0,1.946,-0.423,-140.225,15,5,10,0,1,1.935,-1.863,-18.925,52.107,257.069,-46.183,5.482,-3.415,-10.768,97.13,88.336,5.924,3.183,6.692,-13.441,-8.137,-58.107,-5.42,10.105,1.212,-7.36,-6.626,-49.756,-0.305,0,0
0,67.917,0,1.939,-0.732,-160.744,15,5,10,0,0,3.784,-3.135,-18.315,39.771,260.534,-53.313,5.542,-1.619,-11.585,108.809,73.221,4.672,3.662,6.423,-13.987,-4.534,-58.504,-8.26,9.642,1.569,-8.797,-4.412,-50.031,0.962,0,0
0,66.118,0,1.936,-0.332,-179.856,15,5,10,0,0,2.752,-2.778,-20.468,37.527,269.954,-55.664,5.027,-3.427,-9.973,122.901,58.763,-2.931,3.188,5.473,-14.356,-0.321,-57.878,-9.42,10.119,1.586,-9.338,-1.878,-51.084,0.565,0,0
0,64.167,0,1.936,-0,-195.145,15,5,10,0,0,3.367,-4.436,-21.186,36.321,264.992,-57.679,6.814,-1.092,-9.731,133.145,45.924,-7.756,2.994,4.701,-13.898,5.71,-57.206,-10.55,9.913,0.091,-8.775,6.443,-51.557,1.359,0,0
0,62.009,0,1.936,-0,-215.756,15,5,10,0,0,5.932,-6.524,-19.831,46.214,271.481,-55.328,6.277,-0.649,-11.312,135.527,34.061,-12.763,2.577,4.728,-13.065,14.977,-57.756,-12.366,9.748,-0.683,-8.481,19.435,-51.969,4.641,0,0
0,59.782,0,1.936,-0,-222.668,15,5,10,0,0,5.966,-2.309,-22.001,42.916,271.847,-51.42,4.819,0.074,-11.908,129.069,22.214,-16.626,3.521,3.22,-15.596,51.099,-111.069,-24.947,9.844,0.081,-6.728,31.74,-53.557,6.977,0,0
0,57.409,0,1.936,-0,-237.294,15,5,10,0,0,0.12,-1.174,-25.483,46.382,271.328,-45.695,5.736,2.215,-10.356,119.298,10.672,-27.695,2.982,3.957,-12.255,39.496,-54.244,-11.954,10.162,-0.462,-7.278,44.443,-54.107,9.588,0,0
0,54.996,0,1.936,-0,-241.299,15,5,10,0,0,1.99,-5.338,-22.073,47.466,259.725,-40.84,7.099,4.014,-8.771,96.29,3.405,-30.107,3.406,3.742,-14.523,109.481,-213.023,-36.702,9.087,-0.654,-8.957,54,-54.885,10.412,0,0
0,52.513,0,1.957,2.14,-248.326,15,5,10,0,0,4.371,-2.4,-23.926,25.817,246.366,-35.74,6.134,4.373,-6.783,70.702,-6.641,-27.053,3.068,5.291,-11.915,64.901,-50.244,-17.466,10.526,1.396,-7.635,54.321,-59.16,12.244,0,0
0,50.104,0,2.005,4.784,-240.921,15,5,10,0,0,2.575,-2.802,-26.321,4.153,231.802,-27.313,5.695,3.152,-6.33,50.366,-16.656,-33.435,3.535,0.334,-28.204,-419.435,176.84,-95.511,9.556,0.304,-10.536,60,-64.107,13.084,0,0
0,47.764,0,2.261,25.646,-234.032,15,5,10,0,0,2.579,-5.482,-25.119,-19.542,202.275,-18.519,4.586,2.836,-5.453,32.656,-29.71,-27.45,3.228,6.27,-13.506,65.511,-169.298,-92.824,13.913,0.443,-8.069,67.374,-80.504,14.641,0,0
0,45.585,0,2.763,50.171,-217.873,15,5,10,0,0,1.995,-3.281,-27.284,-34.916,176.427,-6.763,4.96,2.898,-4.318,19.603,-42.489,-31.893,4.019,9.171,-13.788,76.458,-45.267,-6.382,12.143,3.494,-7.722,50.901,-87.191,16.916,0,0
0,43.545,0,3.342,57.907,-204.037,15,5,10,0,0,2.366,-3.959,-25.358,-51.725,145.756,2.076,3.973,1.631,-3.856,8.061,-53.069,-33.023,4.701,8.906,-19.031,127.435,-71.893,-1.374,11.549,2.493,-9.597,35.115,-92.427,17.115,0,0
0,41.736,0,3.924,58.193,-180.897,15,5,10,0,0,1.597,-4.325,-25.315,-52.901,142.26,2.672,4.483,2.805,-3.011,-3.725,-64.947,-28.916,4.996,7.379,-14.696,50.229,-45.618,16.244,12.057,1.545,-10.2,23.344,-92.382,18.351,0,0
0,40.062,0,4.539,61.524,-167.37,15,5,10,0,0,0.548,-5.537,-26.692,-78.718,74.29,17.389,5.76,2.326,-1.624,-22.794,-75.481,-23.679,5.156,7.281,-15.805,35.344,-36.885,16.305,10.301,0.525,-10.38,17.344,-96.29,16.626,0,0
0,38.656,0,5.224,68.447,-140.568,15,5,10,0,0,6.91,-5.37,-22.7,-75.573,51.344,14.84,7.741,1.612,-3.585,-48.779,-80.092,-17.634,4.222,7.827,-15.601,13.237,-135.328,29.313,13.053,1.214,-8.002,8.489,-97.237,18.794,0,0
0,37.451,0,5.876,65.197,-120.507,15,5,10,0,0,2.007,-5.976,-29.897,-81.695,10.397,16.962,8.133,1.219,-3.011,-31.282,-82.351,-8.29,6.411,6.45,-13.975,0.687,-136.031,406.473,12.191,-1.88,-12.418,8.153,-100.748,20.046,0,0
0,36.601,0,6.626,75.062,-84.984,15,5,10,0,0,-5.334,-5.106,-35.499,-67.786,-43.695,21.099,6.862,2.33,-3.99,-34.168,-90.565,4.382,6.673,5.348,-13.046,13.939,134.534,23.267,14.521,-0.139,-7.93,1.328,-110.351,21.481,0,0
0,36.228,0,7.381,75.44,-37.365,15,5,10,1,0,-1.763,-6.201,-28.503,-48.336,-100.412,8.901,9.235,-2.091,-4.84,-22.382,-92.107,21.252,6.816,8.156,-23.739,110.641,-200.794,128.977,11.36,-2.467,-10.536,-0.061,-108.733,21.008,1,0
0,36.206,0,8.234,85.35,-2.163,5,5,10,1,0,8.5,-4.962,-14.49,-22.824,-106.015,-3.786,14.99,-6.189,-6.249,-13.618,-90.397,31.756,6.756,5.08,-11.769,10.748,-16.702,17.008,12.998,-1.068,-7.413,-0.962,-117.618,22.885,0,0
0.659,36.268,0,9.106,87.181,6.226,5,5,10,1,0,13.465,-8.028,-3.842,5.649,-80.366,-11.328,16.298,-6.684,-8.349,13.786,-75.618,34.748,8.972,4.634,-11.158,7.496,-11.939,20.137,11.043,-2.05,-9.41,3.221,-122.321,25.42,0,0
1.279,36.44,0,10.083,97.71,17.189,5,5,10,1,0,10.09,-10.042,-2.417,31.023,-72.015,-4.656,15.982,-5.487,-6.402,43.038,-44.183,53.328,7.072,5.195,-12.037,5.252,-3.756,18.137,16.849,-0.453,-4.972,-1.145,-121.313,27.588,0,0
1.862,36.704,0,11.167,108.41,26.367,5,5,10,1,0,5.767,-8.471,-8.428,57.878,-61.588,4.779,16.681,-0.41,-3.207,62.061,-23.969,70.641,0.79,3.037,-6.878,3.42,82.565,322.931,14.614,-0.917,-6.251,5.802,-136.412,25.832,0,0
2.405,37.129,0,12.446,127.854,42.481,5,15,10,1,0,6.514,5.453,-22.156,38.718,-62.565,14.092,3.636,5.331,-14.823,69.069,-41.206,80.977,4.33,2.491,10.097,-39.084,390.84,-287.756,13.68,1.15,-5.305,1.618,-143.206,26.031,0,0
2.911,37.521,0,13.988,154.187,39.23,5,15,10,1,0,-0.177,-1.674,-19.934,78.504,-83.252,2.183,2.146,-4.021,-8.253,103.053,-53.115,90.443,9.262,4.879,-9.563,-8.015,41.557,18.061,16.162,0.74,-4.646,-17.557,-140.595,21.023,0,0
3.378,37.802,0,15.694,170.62,28.13,5,15,10,1,0,1.7,3.552,-24.697,59.618,-90.427,0.137,4.596,-1.945,-4.469,104.595,-77.954,71.191,9.547,5.77,-8.541,-15.71,58.229,2.321,15.754,-1.274,-5.022,-29.099,-148.153,18.336,0,0
3.807,37.748,0,17.701,200.673,-5.425,5,15,10,1,0,5.592,-0.953,-23.268,66.015,-72.824,-5.924,12.04,0.683,-8.234,83.359,-96.351,48.733,9.841,5.92,-8.074,-22.794,82.107,15.634,14.459,-1.95,-5.192,-22.733,-157.664,16.244,0,0
4.198,37.389,0,20.143,244.263,-35.889,5,15,10,1,0,9.681,-1.174,-16.978,63.435,-55.405,0.779,15.266,3.054,-9.166,57.557,-100.534,39.13,11.472,4.177,-5.547,-33.649,213.374,42.26,15.879,1.219,-3.252,-29.863,-160.718,15.466,0,0
4.55,36.634,0,22.857,271.409,-75.485,5,15,10,1,0,14.301,-0.831,-14.83,52.275,-30.672,10.916,14.895,4.443,-11.412,26.977,-110.366,36.794,3.741,14.202,1.025,-54.26,277.313,39.084,20.394,3.118,-2.941,-47.252,-150.962,8.443,0,0
4.865,35.444,0,25.765,290.738,-118.984,5,15,10,1,0,12.195,5.358,-16.55,-1.023,-10.015,22.763,13.546,4.658,-11.695,1.099,-130.29,30.443,10.136,16.856,-1.092,-49.374,324.702,65.038,18.25,2.405,-5.415,-45.618,-147.053,9.252,0,0
5.14,33.877,0,28.797,303.2,-156.75,5,15,10,1,0,11.702,5.3,-17.958,-53.389,6.687,29.557,10.663,3.561,-11.795,-20.534,-149.863,21.466,0.982,19.855,-5.647,-54.626,360.489,13.985,15.807,3.303,-9.082,-42.595,-149.908,16.153,0,0
5.378,31.848,0,31.998,320.115,-202.87,5,15,10,1,0,11.922,3.868,-14.974,-88.046,21.206,36.855,11.944,4.862,-12.253,-46.641,-161.527,9.725,8.308,4.111,-13.68,-99.481,383.145,20.916,15.122,2.541,-15.637,-43.511,-163.023,16.885,0,0
5.577,29.31,0,35.527,352.971,-253.796,5,15,10,1,0,12.627,1.075,-14.519,-120.779,50.183,39.511,8.895,7.106,-12.619,-58.458,-175.786,4.214,7.223,9.29,-15.285,-77.679,397.939,-18.87,14.231,4.349,-17.855,-64.382,-184.412,14.489,0,0
5.738,26.355,0,39.406,387.841,-295.521,5,15,10,1,0,6.483,10.653,-16.729,-160.122,48.168,51.237,6.16,0.929,-9.391,-83.74,-195.389,-1.374,8.45,9.324,-16.128,-115.542,418.061,-52.733,13.85,4.644,-15.946,-98.382,-198.214,12.427,0,0
5.86,23.1,0,43.654,424.851,-325.551,5,15,10,1,0,7.183,5.432,-17.148,-180.427,39.084,48.977,6.493,4.323,-8.605,-90.122,-202.595,-8.656,7.18,7.239,-25.924,-240.58,450.061,-214.473,13.189,5.238,-12.579,-127.237,-198.229,10.534,0,0
5.945,19.968,0,48.001,434.625,-313.157,5,15,10,1,0,1.583,-0.093,-16.559,-181.588,20,47.344,8.773,3.949,-8.042,-106.687,-193.511,-11.282,6.574,5.916,-19.594,-120.626,234.947,-68.733,14.274,3.696,-14.253,-138.748,-175.328,12.748,0,0
5.991,17.142,0,52.451,445.004,-282.647,5,15,10,1,0,6.023,-3.468,-17.802,-153.023,17.679,40.198,11.506,6.229,-10.342,-121.298,-179.771,-5.023,1.554,3.207,-20.815,-123.847,-58.534,-340.519,9.379,4.704,-13.87,-144.687,-164.122,10.489,0,0
5.998,14.904,0,56.87,441.96,-223.767,5,15,10,1,0,7.556,-8.117,-14.674,-117.908,18.29,36.885,11.87,1.916,-11.206,-125.634,-159.863,7.786,3.791,-0.053,-21.311,-93.924,-494.641,-190.779,4.383,1.097,-21.44,-127.71,-160.718,0.748,0,0
5.968,13.025,0,61.284,441.342,-187.855,5,15,10,1,0,3.53,-6.004,-17.108,-89.344,2.763,39.008,12.777,-3.794,-9.544,-138.702,-150.84,19.267,4.316,1.716,-28.625,-145.099,497.969,-166.779,13.527,2.742,-18.104,-144.397,-140.061,-3.969,0,0
5.899,11.403,0,65.418,413.43,-162.266,5,15,10,1,0,7.393,-11.424,-12.5,-51.405,13.435,37.328,11.724,-6.337,-12.588,-119.908,-149.053,32.443,6.591,8.288,-24.051,-154.382,-2.275,-346.137,9.336,4.943,-12.943,-124.168,-136.931,-6.534,0,0
5.791,9.835,0,68.959,354.127,-156.75,5,15,10,1,0,4.972,-3.07,-16.315,-40.26,9.481,35.511,10.349,-8.122,-11.089,-98,-154.076,38.489,7.298,4.131,-14.145,-57.679,447.649,-127.023,15.374,-0.39,-10.964,-107.542,-73.344,-7.405,0,0
5.646,8.4,0,71.695,273.537,-143.544,5,15,10,1,0,6.378,-10.84,-11.4,-27.618,4.855,26.977,9.135,-7.717,-9.355,-75.786,-152.458,43.634,8.874,3.436,-17.891,-78.626,390.275,-174.962,10.193,-6.589,-11.386,-61.511,-24.519,-4.321,0,0
5.462,6.884,0,73.672,197.777,-151.589,5,15,10,1,0,5.956,-5.7,-14.526,-20.412,9.985,27.191,8.886,-5.604,-7.966,-58.992,-151.74,35.878,5.638,3.933,-14.363,-38.076,356.137,-55.786,8.818,-3.166,-9.597,-25.817,25.725,7.603,0,0
5.24,5.389,0,74.925,125.233,-149.437,5,15,10,1,0,8.648,-5.209,-12.816,-29.74,14.901,22.473,6.852,-4.74,-10.426,-55.344,-149.832,26.702,6,4.625,-14.157,-41.527,317.908,-63.267,9.015,-3.712,-11.618,18.137,66.26,12.656,0,0
4.979,3.884,0,75.683,75.84,-150.513,5,15,10,1,0,2.864,-5.892,-14.308,-27.618,6.977,18.55,9.276,-2.893,-8.421,-41.771,-142.412,20.275,3.42,5.245,-14.351,-45.069,310.137,3.878,7.889,-3.31,-13.312,44.458,96.534,12.947,0,0
4.681,2.562,0,76.141,45.765,-132.202,5,15,10,1,0,5.152,-4.936,-14.059,-32.779,3.924,13.16,11.175,-2.218,-8.361,-53.405,-131.191,13.954,2.97,5.336,-14.162,-39.084,-386.748,50.076,6.819,-1.075,-14.471,62.84,112.733,14.198,0,0
4.344,1.369,0,76.544,40.283,-119.351,5,15,10,1,0,5.738,-6.79,-12.461,-14.779,4.351,11.481,9.216,-2.457,-11.51,-53.13,-127.221,15.221,1.293,7.972,-21.095,-49.679,308.397,25.557,6.491,1.839,-14.442,61.588,126.763,12.641,0,0
3.968,0.225,0,76.752,20.863,-114.338,5,15,10,1,0,6.136,-3.382,-13.884,-1.786,6.092,13.237,10.459,-1.736,-10.44,-45.695,-122.534,12.26,0.872,3.388,-21.708,-30.26,308.519,26.565,5.233,1.612,-14.277,46.992,141.282,9.267,0,0
3.555,-0.836,0,76.675,-7.679,-106.19,5,15,10,1,0,5.717,-2.891,-13.204,-3.969,-0.55,9.435,11.055,-0.041,-11,-40.962,-118.351,9.435,3.772,0.778,-13.726,-4.366,149.313,42.382,0.374,-3.367,-17.903,40.534,148.962,12.626,0,0
3.103,-1.7,0,76.679,0.309,-86.369,5,15,10,1,0,7.741,-5.93,-10.696,3.679,-2.641,7.985,9.566,-2.606,-10.677,-35.893,-109.527,9.099,1.566,7.32,-21.407,6.534,296.855,21.863,5.489,0.199,-13.431,25.481,172.916,19.893,0,0
2.612,-2.572,0,76.675,-0.309,-87.147,5,15,10,1,0,6.45,-5.233,-10.72,20.351,-0.992,9.847,8.165,-3.765,-11.01,-19.16,-109.939,9.71,2.807,6.317,-21.603,48.977,390.336,-20.031,2.62,-1.976,-14.25,30.947,175.252,26.397,0,0
2.084,-3.393,0,76.496,-17.967,-82.1,5,15,10,1,0,4.098,-0.158,-14.231,5.481,-12.107,9.817,11.448,-0.778,-9.726,-5.649,-102.244,4.626,0.769,4.62,-17.932,13.74,286.885,-46.595,11.142,1.7,-13.455,-1.496,205.511,28.336,0,0
1.517,-3.956,0,76.064,-43.19,-56.362,5,15,10,1,0,9.24,-3.269,-12.437,-5.053,-17.313,4.229,12.198,-0.886,-10.157,-6.473,-89.176,1.16,1.669,6.572,-16.025,1.618,128.779,-38.107,8.186,1.109,-13.606,-15.908,219.13,31.695,0,0
0.912,-4.224,0,75.342,-72.178,-26.779,5,15,10,1,0,4.347,-5.37,-11.379,7.588,-34.427,4.214,15.738,1.583,-8.629,-9.206,-66.397,2.061,0.216,5.388,-40.045,-65.221,143.13,-426.015,6.962,-0.165,-14.452,-29.023,237.695,38.901,0,0
0.268,-4.294,0,74.284,-105.824,-6.958,5,15,10,1,0,6.687,-5.125,-11.338,25.557,-32.153,7.466,13.084,-0.668,-9.944,-13.099,-53.863,4.137,0.582,7.268,-21.32,-18.351,254.641,-104.061,7.48,0.17,-14.179,-29.069,253.298,49.924,0,0
0,-4.238,0,72.977,-130.726,5.55,5,15,10,1,0,6.349,-4.153,-9.817,32.534,-38.427,7.282,10.62,-1.375,-9.355,-7.115,-50.015,9.649,-0.498,7.067,-20.626,-82.382,230.061,-29.099,6.023,-0.958,-17.46,-27.924,264.275,56.29,0,0
0,-4.132,0,71.438,-153.82,10.597,5,15,10,0,0,7.173,-3.672,-9.791,32.153,-37.74,7.969,11.053,-1.384,-7.717,3.725,-53.618,9.267,-2.026,4.915,-16.32,-52.244,103.893,-30.382,7.269,2.179,-17.292,-30.427,269.679,60.122,0,0
0,-4.077,0,69.71,-172.818,5.528,5,15,10,0,0,9.901,-5.846,-9.084,22.061,-40.412,6.183,8.584,-1.298,-7.738,12.122,-65.206,12.763,-3.367,4.994,-16.744,-64.458,93.481,-31.817,8.61,2.821,-16.164,-43.832,278.214,58.107,0,0
0,-4.136,0,67.784,-192.616,-5.882,5,15,10,0,0,6.112,-2.029,-10.267,-3.252,-51.344,5.878,10.828,-1.229,-6.462,8.366,-71.557,15.069,-1.226,3.175,-30.101,418.809,-334.916,-120.183,6.368,0.766,-17.553,-36.656,278.626,58.183,0,0
0,-4.154,0,65.703,-208.077,-1.831,5,15,10,0,0,6.835,-6.34,-9.606,-5.71,-52.489,3.435,11.417,-0.714,-6.668,-1.817,-68.046,16.26,-2.074,2.475,-29.535,314.382,271.618,293.13,5.427,0.254,-16.928,-40.779,283.45,56.992,0,0
0,-4.253,0,63.473,-223,-9.876,5,15,10,0,0,8.668,-7.41,-8.85,0.748,-50.611,3.206,9.336,-1.978,-7.92,-9.237,-64.809,19.74,-2.139,5.542,-14.411,-91.237,124.137,-35.206,9.741,4.757,-14.835,-37.221,283.756,56.809,0,0
0,-4.495,0,61.152,-232.167,-24.216,5,15,10,0,0,4.289,-3.873,-12.821,-6.611,-56.122,2.305,12.912,-0.285,-6.062,-14.87,-66.687,21.145,-2.951,3.848,-19.931,-193.16,197.847,-44.641,5.894,1.152,-20.063,-27.389,280.84,51.496,0,0
0,-4.63,0,58.771,-238.026,-13.493,5,15,10,0,0,3.303,-1.981,-13.438,-27.145,-65.573,0.748,15.354,1.037,-6.088,-25.313,-59.786,16.687,-1.885,3.612,-13.575,-105.252,85.298,-3.695,6.926,1.214,-21.467,-31.924,275.939,47.664,0,0
0,-4.572,0,56.376,-239.525,5.836,5,15,10,0,0,8.457,-7.523,-9.515,-18.198,-61.252,0.916,10.351,-1.035,-10.299,-35.389,-52.489,19.664,-3.023,3.548,-22.13,374.962,293.252,12.702,9.7,0.378,-21.826,-24.244,264.87,40.214,0,0
0,-4.572,0,54.025,-235.074,0,5,15,10,0,0,7.029,-3.686,-13.074,-16.458,-66.962,1.374,11.106,-2.266,-10.332,-36.137,-50.244,19.725,-0.833,0.034,-7.817,-108.702,120.916,-49.099,8.488,2.187,-19.713,-17.069,244.427,33.511,0,0
0,-4.535,0,51.748,-227.761,3.662,5,15,10,0,0,5.439,-4.891,-13.597,-19.527,-65.634,1.237,10.457,-2.563,-11.599,-34.656,-53.313,15.573,-1.503,-0.881,9.618,-86.229,139.969,248.672,7.839,-2.33,-21.737,6.473,225.817,28.794,0,0
0,-4.48,0,49.572,-217.564,5.459,5,15,10,0,0,7.02,-3.743,-14.068,-21.557,-67.542,0.55,11.11,-2.124,-11.376,-28.244,-53.786,15.939,-2.596,1.887,1.351,223.634,31.756,200.427,7.597,-0.244,-22.132,28.061,203.664,24.534,0,0
0,-4.238,0,47.591,-198.098,24.216,5,15,10,0,0,8.33,-6.308,-10.907,-28.763,-83.496,-7.237,14.313,-1.564,-9.355,-32.855,-39.573,20.168,-0.407,4.383,0.556,102.275,-5.618,52.214,5.358,1.581,-22.702,47.496,169.282,19.557,0,0
0,-3.876,0,45.789,-180.176,36.221,5,15,10,0,0,12.375,-2.572,-12.811,-23.328,-71.588,-7.618,11.592,-2.735,-12.346,-38.931,-40.092,18.748,-1.808,2.05,-5.058,125.908,-47.511,103.389,5.659,3.202,-22.185,58.931,136.977,11.74,0,0
0,-3.503,0,44.181,-160.79,37.331,5,15,10,0,0,5.961,-7.187,-12.732,-16.718,-80.031,-9.115,12.739,0.081,-10.423,-37.588,-38.824,19.908,-3.126,3.667,-8.454,66.412,-22.198,14.656,6.802,2.287,-22.568,64.55,111.603,2.183,0,0
0,-3.077,0,42.837,-134.411,42.515,5,15,10,0,0,9.662,-1.006,-13.812,-23.466,-74.565,-7.496,13.132,-1.262,-11.922,-41.71,-35.069,13.557,-1.916,5.221,-7.875,64.015,-69.099,23.267,5.075,4.488,-21.938,79.053,74.809,-4.061,0,0
0,-2.619,0,41.779,-105.869,45.822,5,15,10,0,0,10.406,-3.358,-12.423,-23.817,-82.214,-11.771,13.357,-0.869,-11.17,-44.733,-32.779,13.313,-2.29,3.717,6.112,444.076,-370.809,90.626,4.874,4.816,-21.081,77.053,41.267,-13.573,0,0
0,-2.154,0,41.002,-77.637,46.486,5,15,10,0,0,10.823,-1.284,-13.597,-26.397,-77.771,-11.466,11.726,-0.527,-11.681,-49.237,-34.55,12.122,1.674,7.171,-4.757,41.45,-47.298,10.046,8.311,-0.319,-21.74,76,6.366,-13.038,0,0
0,-1.69,0,40.633,-36.976,46.486,5,15,10,0,0,8.627,-0.723,-14.212,-31.466,-82.092,-14.107,12.782,-0.354,-11.235,-54.198,-35.679,9.71,1.415,8.51,-6.972,27.985,-182.427,-9.344,10.109,2.934,-21.007,73.695,-25.863,-4.351,0,0
0,-1.209,0,40.647,1.476,48.02,5,15,10,0,0,8.818,-0.905,-14.193,-33.786,-77.42,-15.282,12.126,-1.463,-11.585,-57.496,-38.641,6.809,0.177,0.134,-6.74,9.817,-180.229,-46.168,10.825,9.379,-20.722,47.817,-61.252,-1.542,0,0
0,-0.796,0,40.973,32.57,41.348,5,15,10,0,0,8.967,-2.819,-12.097,-33.634,-77.13,-17.573,11.937,-0.901,-12.013,-56.076,-42.458,5.863,-0.786,9.156,-9.616,-16.489,-51.878,-21.924,3.281,4.742,-28.97,16.137,-114.733,0.611,0,0
0,-0.485,0,41.702,72.899,31.105,5,15,10,0,0,6.653,-1.279,-13.86,-39.71,-75.634,-17.847,10.186,-1.219,-12.188,-55.695,-47.939,1.344,-2.896,9.384,-11.827,-37.573,-272.87,-135.511,5.168,6.661,-17.364,-48.26,-150.687,0.702,0,0
0,-0.218,0,42.556,85.373,26.722,5,15,10,0,0,7.132,-2.153,-13.132,-49.191,-84.641,-21.908,15.999,0.999,-7.935,-51.786,-41.542,2.382,-0.125,20.268,-17.311,-110.641,-310.489,-387.786,9.405,2.759,-5.65,-82.718,-144.672,4.031,0,0
0,0.138,0,43.318,76.183,35.534,5,15,10,0,0,13.711,-3.403,-10.655,-46.626,-77.16,-22.702,12.26,-0.249,-10.593,-57.725,-38.55,-0.901,1.753,23.683,-24.429,-154.519,-352.504,-499.664,15.036,0.75,0.17,-106.916,-91.725,15.084,0,0
0,0.548,0,43.797,47.951,41.05,5,15,10,0,1,6.661,-2.879,-12.67,-44.29,-85.634,-23.466,13.177,0.223,-9.532,-58.992,-34.137,-3.145,2.721,1.089,-23.538,-267.557,-167.221,378.137,16.171,-6.397,0.762,-90.061,-60.565,20.672,0,1
0,1.032,0,44.002,20.496,48.328,15,5,10,0,1,11.043,-2.462,-11.029,-46.168,-82.87,-26,13.312,-0.465,-9.355,-57.695,-28.214,-8.183,4.867,4.555,-11.005,-152.748,-70.809,-88.031,14.243,-0.889,-5.391,-68.107,-56.779,16.29,0,0
0,1.588,0.655,43.966,-3.639,55.687,15,5,10,0,1,9.899,-3.875,-10.382,-49.176,-90.061,-28.779,14.234,-1.202,-8.138,-51.206,-20.687,-13.847,2.166,-13.61,-10.5,-56.443,479.847,-231.817,9.903,-2.783,-16.37,-59.771,-51.679,-2.198,0,0
0,2.236,1.273,44.057,9.132,64.785,15,5,10,0,1,9.997,-3.236,-9.635,-48.382,-89.71,-27.389,14.614,-0.055,-8.074,-45.832,-12.122,-15.389,2.141,-3.042,-4.879,-113.817,-122.092,-124.489,10.493,-2.563,-20.791,-44.824,-76.137,-10.763,0,0
0,3.06,1.852,44.453,39.585,82.386,15,5,10,0,1,9.489,-5.564,-7.101,-46.87,-98.733,-29.267,15.51,-0.747,-6.546,-44.046,0.366,-16.198,0.474,0.565,2.467,-153.023,-261.511,-361.282,7.805,1.768,-16.94,-31.847,-101.557,-18.137,0,0
0,4.053,2.394,45.002,54.886,99.301,15,5,10,0,1,7.346,-4.323,-7.195,-48.153,-104.84,-28.55,16.672,-0.577,-5.353,-44.015,16.336,-15.802,0.467,0.616,-8.565,-12.504,-166.672,-266.504,7.183,2.999,-15.266,-38.641,-101.878,-18.901,0,0
0,5.357,2.897,45.419,41.771,130.36,15,5,10,0,1,8.785,-7.458,-4.093,-46.321,-111.847,-33.115,16.564,-0.548,-3.37,-44.763,37.176,-8.947,1.502,3.758,-14.109,26.672,-395.618,-10.992,9.53,0.683,-12.818,-42.718,-83.16,-17.45,0,0
0,6.905,3.363,45.305,-11.398,154.85,15,5,10,0,0,7.367,-4.364,-7.803,-46.534,-114.046,-30.504,15.92,0.52,-3.739,-47.053,55.191,-12.244,7.144,6.261,-13.431,31.939,-114.244,-114.748,11.094,-2.577,-15.783,-38.031,-56.641,-9.939,0,0
0,8.758,3.791,44.752,-55.309,185.315,15,5,10,0,1,8.426,-5.453,-9.149,-43.893,-119.145,-32.351,14.437,-4.718,-4.103,-37.42,73.756,-15.16,6.476,3.242,-27.658,115.267,-13.573,384.977,13.374,-6.349,-17.51,-0.031,-50.962,-7.359,0,0
0,10.824,4.181,44.035,-71.709,206.543,15,5,10,0,1,7.008,-6.677,-13.089,-28.992,-128.962,-29.603,13.613,0.256,-3.933,-34.84,89.206,-15.863,0.996,8.015,-25.814,2.489,-293.939,-95.267,11.798,3.274,-11.132,-11.74,-24.504,-24.305,0,0
0,13.3,4.534,42.577,-145.809,247.593,15,5,10,0,1,6.663,-9.341,-12.971,-19.13,-162.076,-31.053,16.375,1.111,-1.236,-34.595,121.42,-17.313,3.53,6.009,-19.701,-0.046,-314.58,-27.542,10.109,-4.493,-13.51,11.725,-0.779,-19.466,0,0
0,16.328,4.848,40.571,-200.65,302.834,15,5,10,0,1,10.866,-4.208,-16.94,-24.55,-181.389,-30.397,16.063,-1.497,-6.368,-34.168,149.802,-17.863,4.627,6.011,-12.679,-15.725,-184.733,12.55,11.084,-1.672,-11.633,38.305,18,-10.092,0,0
0,19.877,5.124,37.971,-259.976,354.882,15,5,10,0,1,12.375,-6.922,-19.601,-4.107,-202.351,-27.603,16.533,-1.176,-7.355,-31.847,172.321,-7.405,2.036,5.069,-28.568,-5.756,250.87,130.321,11.606,-6.409,-17.979,63.618,49.115,-9.893,0,0
0,23.898,5.363,34.873,-309.838,402.077,15,5,10,0,1,10.749,-6.505,-21.699,21.695,-226.321,-23.771,14.816,-4.596,-7.532,-23.71,190.153,4.885,0.466,-0.15,-43.522,61.053,200.427,192.244,2.637,-2.912,-14.159,74.794,55.908,-12.336,0,0
0,28.406,5.564,31.397,-347.512,450.841,15,5,10,0,1,16.586,-11.977,-14.629,43.847,-236.84,-28.122,19.39,-2.929,-10.107,-1.908,212.672,18.855,-0.072,1.229,-16.461,26.916,-405.527,4.519,10.756,-8.335,-10.236,95.206,65.344,-16.916,0,0
0,33.112,5.727,27.669,-372.861,470.571,15,5,10,0,1,11.678,-2.867,-19.941,56.672,-238.962,-24.351,9.602,-3.509,-13.027,18.443,215.221,33.405,-1.071,1.841,-23.567,70.214,137.771,59.237,4.534,-11.158,-20.463,131.069,54.824,-25.832,0,0
0,38.041,5.852,24.186,-348.29,492.932,15,5,10,0,1,12.909,-5.166,-23.699,69.023,-246.305,-28.718,13.376,-4.642,-13.834,22.336,221.985,45.252,4.474,1.615,-18.993,85.832,352.366,147.42,6.138,-6.979,-18.02,153.954,26.168,-18.275,0,0
0,42.996,5.939,21.388,-279.74,495.484,15,5,10,0,1,14.926,-10.888,-18.892,84.382,-244.336,-29.802,17.326,-0.939,-13.398,38.55,228.397,66.87,8.09,0.351,-15.62,110.092,-367.267,12.092,6.438,6.914,-14.231,121.237,13.298,-14.168,0,0
0,47.947,5.988,19.261,-212.746,495.072,15,5,10,0,1,14.734,-10.84,-18.942,111.969,-225.359,-21.16,16.954,-2.946,-15.01,39.405,230.397,81.206,8.895,0.353,-21.613,-474.672,64.977,8.794,7.856,9.499,-14.327,66.779,5.328,-19.298,0,0
0,52.63,5.999,17.752,-150.925,468.35,15,5,10,0,1,14.219,-9.824,-18.82,143.71,-190.076,-12.87,17.534,-4.349,-17.469,50.015,225.282,89.511,9.044,4.624,-14.49,132.443,-302.168,1.71,10.167,7.135,-10.308,15.664,-1.237,-19.252,0,0
0,56.897,5.973,16.562,-118.984,426.671,15,5,10,0,1,17.642,-3.691,-14.586,142.153,-157.618,-15.023,15.817,-3.142,-18.276,75.298,229.954,93.389,2.074,6.917,-18.097,58.214,486.092,-110.168,13.276,1.535,-12.138,-6.992,14.84,-19.313,0,0
0,60.577,5.908,15.445,-111.729,368.008,15,5,10,0,1,13.379,-0.053,-14.217,124.702,-120.198,-21.13,14.808,-1.751,-13.565,74.855,232.137,89.924,3.159,9.779,-14.267,38.763,-120.534,-15.771,9.07,1.114,-9.161,1.389,5.71,-16.763,0,0
0,63.774,5.806,14.302,-114.269,319.749,15,5,10,0,1,10.821,-1.624,-13.58,101.588,-80.992,-24.947,15.175,-1.023,-11.096,76.321,231.389,83.359,1.365,9.06,-14.234,31.298,-124.061,-18.214,11.53,1.65,-8.287,11.725,13.71,-11.053,0,0
0,66.59,5.666,13.028,-127.43,281.571,15,5,10,0,1,7.386,4.433,-17.874,67.481,-52.427,-17.878,13.776,0.096,-11.458,81.008,226.992,63.42,3.569,8.539,-20.626,222.763,10,-113.221,9.585,-0.031,-9.027,38.901,13.924,-7.969,0,0
0,69.121,5.488,11.702,-132.534,253.098,15,5,10,0,1,5.796,1.571,-17.153,47.863,-29.542,-9.863,11.532,1.322,-11.767,76.473,220.977,51.237,2.505,3.994,-35.159,259.405,15.252,-164.885,9.575,0.474,-9.846,54.275,17.038,-3.405,0,0
0,71.403,5.272,10.384,-131.848,228.15,15,5,10,0,1,5.964,0.129,-16.449,30.26,-6.947,-0.992,12.849,2.189,-10.907,65.053,223.939,34.061,3.018,5.753,-13.055,44.534,-487.344,-81.099,9.537,0.086,-9.451,66.031,14.595,2.183,0,0
0,73.497,5.018,9.209,-117.531,209.439,15,5,10,0,1,5.109,0.117,-17.1,15.191,16.58,5.847,13.108,1.231,-10.167,53.008,228.229,22.473,3.348,6.1,-13.319,53.374,-111.725,-10.427,8.665,2.623,-10.095,70.214,9.359,4.718,0,0
0,75.354,4.727,8.176,-103.283,185.715,15,5,10,0,1,7.683,-0.074,-17.026,9.786,46.458,10.885,9.721,0.527,-11.601,46.214,227.176,16.153,3.492,4.613,-13.838,60.412,-428.962,-40.55,7.621,2.678,-11.815,50.275,7.405,-0.58,0,0
0,77.079,4.397,7.359,-81.654,172.463,15,5,10,0,1,4.972,0.424,-16.188,-7.023,65.908,10.153,10.543,-0.05,-9.683,42.122,224.702,5.664,5.221,4.228,-18.308,498.656,-439.954,-158.534,7.346,2.074,-8.847,34.947,-2.565,-2.351,0,0
0,78.562,4.03,6.766,-59.315,148.339,15,5,10,0,1,3.255,0.465,-16.068,-14.397,92.672,11.466,11.089,0.529,-10.996,37.405,217.45,-3.191,3.696,3.709,-18.724,136.473,-175.832,-36.702,11.249,0.953,-9.29,18.458,-2.779,-4.443,0,0
0,79.749,3.625,6.297,-46.864,118.653,15,5,10,0,1,3.114,-3.961,-15.39,-28.748,109.206,6.565,11.704,2.182,-8.926,25.847,213.802,-2.489,5.255,5.531,-18.087,-467.802,450.672,-63.267,9.178,0.103,-8.354,17.389,-10.58,-5.756,0,0
0,80.426,3.181,6.067,-23.083,67.703,15,5,10,0,1,4.699,1.777,-17.536,-21.908,149.573,13.16,8.663,-1.399,-11.578,27.16,197.405,-15.328,3.281,6.24,-22.973,263.557,-478.794,-97.954,11.8,3.023,-6.498,14.092,-15.481,-4.168,0,0
0,80.664,2.7,5.858,-20.886,23.827,15,5,10,0,1,0.034,-3.157,-15.711,-15.893,166.275,12.565,9.518,-1.071,-10.818,34.107,178.534,-13.939,3.875,9.775,-21.21,442.611,84.992,-220.824,10.864,2.385,-7.245,10.855,-17.786,-8.824,0,0
0,80.551,2.182,5.656,-20.199,-11.318,15,5,10,0,1,-0.342,4.067,-20.053,-24.076,185.939,5.084,10.442,-0.187,-10.703,33.282,166.26,-17.969,4.254,6.833,-11.606,42.336,-249.908,-43.115,11.388,2.239,-6.629,14.824,-21.084,-6.611,0,0
0,80.286,1.625,5.374,-28.187,-26.436,15,5,10,0,1,-1.377,1.619,-20.061,-11.863,208,-0.397,10.859,-0.544,-10.825,29.939,161.008,-18.489,7.247,4.874,-9.856,29.527,-58.366,-2.412,7.022,0.807,-11.029,20.412,-31.084,-7.71,0,0
0,79.704,1.03,5.268,-10.563,-58.228,15,5,10,0,1,2.611,-3.681,-17.783,22.824,234.046,-1.069,6.165,-1.736,-12.662,36.977,146.183,-8.718,5.142,4.874,-10.414,23.954,-98.702,-18.504,8.632,2.704,-9.41,19.344,-44.763,-4.992,0,0
0,78.657,0.398,5.33,6.191,-104.714,15,5,10,0,1,-0.342,-1.38,-18.308,23.893,232.977,-0.092,5.58,-2.333,-12.595,48.473,133.115,-6.214,3.578,8.797,-14.847,30.244,-105.969,-36.275,10.608,4.364,-7.961,4.214,-34.122,-6.244,0,0
0,77.321,0,5.33,-0,-133.61,15,5,10,0,1,0.213,-2.076,-18.537,40.962,264.794,-19.053,5.125,-2.16,-12.833,58.305,116.519,-0.595,3.296,8.331,-17.239,42.458,-120.137,-46.962,9.594,3.164,-8.45,-6.779,-38.55,-7.908,0,0
0,75.743,0,5.308,-2.186,-157.837,15,5,10,0,1,0.913,-2.074,-19.38,40.916,274.779,-26.718,5.513,-1.705,-12.26,69.863,103.099,-0.992,2.635,8.165,-13.137,10.489,-56.137,-11.74,9.377,1.427,-8.883,-9.481,-38.916,-7.359,0,0
0,73.992,0,5.286,-2.209,-175.106,15,5,10,0,1,1.696,-2.328,-18.94,46.931,284.977,-31.374,5.267,-3.894,-11.755,76.504,90.748,-2.046,3.137,7.331,-12.337,3.618,-56.87,-11.42,9.609,0.901,-8.871,-1.771,-46.931,-5.313,0,0
0,72.032,0,5.286,-0,-195.935,15,5,10,0,1,1.071,0.369,-19.711,42.427,295.481,-38.244,4.737,-3.712,-12.162,89.863,78.809,-2.504,3.015,6.455,-12.964,3.008,-119.924,-21.374,10.198,1.849,-8.692,1.252,-48.901,-4.672,0,0
0,69.952,0,5.275,-1.087,-207.974,15,5,10,0,1,2.247,-0.412,-20.305,33.313,300.519,-45.557,4.488,-2.587,-13.407,99.679,63.71,-5.008,3.513,5.525,-12.768,7.679,-59.71,-9.863,9.764,1.641,-9.592,2.275,-52.29,-4.641,0,0
0,67.711,0,5.271,-0.401,-224.122,15,5,10,0,1,1.358,-3.181,-19.445,24.168,296.87,-50.046,4.761,-0.733,-11.446,114.534,53.817,-7.069,3.53,10.52,-15.692,32.29,-236.168,-42.992,10.047,1.521,-8.821,4.763,-54.763,-3.603,0,0
0,65.419,0,5.271,-0,-229.26,15,5,10,0,0,3.554,-5.08,-19.378,26.397,302.214,-48.977,3.803,-1.106,-12.701,120.473,43.374,-14.122,3.468,5.127,-15.539,51.221,-118.031,-23.359,10.296,0.86,-8.205,9.893,-54.076,-2.427,0,0
0,63.009,0,5.271,-0,-240.921,15,5,10,0,0,6.265,-3.779,-20.695,25.756,304.947,-48.412,3.856,-0.707,-12.641,118.718,33.206,-24.687,3.399,5.482,-12.765,34.168,-59.405,-11.969,10.318,0.68,-8.857,17.771,-56.137,-1.42,0,0
0,60.614,0,5.271,-0,-239.525,15,5,10,0,0,-3.217,-0.342,-26.384,22.763,289.45,-44.229,7.832,0.642,-8.735,108.992,26.489,-35.069,3.37,5.856,-13.58,36.855,-60.198,-11.969,10.423,1.08,-9.475,21.206,-57.863,-0.809,0,0
0,58.109,0,5.271,-0,-250.477,15,5,10,0,0,5.81,-4.031,-22.432,26,288.916,-43.359,4.44,1.753,-9.808,84.092,13.42,-29.603,4.282,5.406,-14.095,39.267,-60.443,-12.092,10.928,0.999,-10.131,22.901,-62.763,-3.16,0,0
0,55.509,0,5.275,0.401,-260.01,15,5,10,0,0,2.929,-3.777,-24.434,12.489,277.511,-38.366,3.734,1.492,-9.635,67.756,0.595,-33.481,4.586,5.213,-19.141,91.282,-119.649,-47.817,11.913,0.8,-8.404,26.015,-62.611,0.26,0,0
0,52.909,0,5.29,1.488,-260.045,15,5,10,0,0,-0.108,-4.11,-26.424,-2.84,256.29,-32.626,6.385,2.738,-5.691,57.954,-15.16,-36.519,5.94,3.772,-13.206,53.786,-60.947,-17.206,11.134,0.331,-9.242,29.45,-60.748,1.588,0,0
0,50.191,0,5.293,0.309,-271.763,15,5,10,0,0,3.449,-4.426,-25.737,-8.351,241.893,-18.489,4.084,1.911,-6.498,45.664,-35.603,-38.336,4.922,5.971,-14.375,56.87,109.206,-36.031,12.236,-0.845,-9.305,42.168,-63.588,4.55,0,0
0,47.547,0,5.323,2.964,-264.405,15,5,10,0,0,5.224,-6.323,-24.415,-19.71,217.71,-9.634,3.856,3.181,-5.482,36.687,-48.046,-34.779,5.971,6.55,-13.836,54.687,-62.244,-12.015,11.788,-0.505,-10.035,53.344,-65.542,10.443,0,0
0,44.922,0,5.498,17.532,-262.562,15,5,10,0,0,0.671,-4.78,-27.409,-38.031,184.626,0.641,7.875,2.373,-1.602,22.26,-60.519,-41.237,8.945,5.798,-9.894,55.008,-87.466,-6.84,11.973,0.105,-9.561,58.427,-82.26,17.038,0,0
0,42.45,0,5.85,35.179,-247.159,15,5,10,0,0,3.331,-5.437,-26.175,-46.626,160.794,10.214,6.129,3.408,-3.147,9.344,-74.855,-34.687,3.913,6.44,-15.307,65.466,-40.87,-5.649,12.471,1.15,-10.703,48.443,-69.069,13.313,0,0
0,40.124,0,6.297,44.735,-232.59,15,5,10,0,0,3.475,-6.421,-25.746,-64.351,122.809,19.084,5.794,3.288,-3.183,-0.672,-87.16,-23.344,3.911,7.142,-15.266,55.802,-41.878,-3.42,9.614,2.726,-11.151,25.863,-82.244,14.397,0,0
0,38.055,0,6.791,49.37,-206.887,15,5,10,0,0,9.499,-6.867,-18.638,-67.573,97.191,16.443,11.585,3.018,-0.261,-21.588,-83.878,-20.26,2.888,7.348,-16.502,47.893,-152.748,-10.626,14.416,-0.113,-11.805,9.679,-76.412,12.29,0,0
0,36.283,0,7.253,46.154,-177.201,15,5,10,0,0,2.999,-3.53,-31.499,-85.038,61.649,20.137,10.26,-0.52,0.987,-14.641,-81.252,-13.634,6.16,4.028,-15.175,41.817,-57.603,-0.947,13.862,-3.411,-13.714,10.382,-87.573,12.366,0,0
0,35.056,0,7.835,58.262,-122.75,15,5,10,0,0,-5.039,-3.331,-38.49,-100.58,-19.878,18.641,7.676,2.347,1.31,-22.443,-87.664,-2.229,6.057,5.046,-12.437,39.985,-41.008,2.122,12.868,-1.471,-8.026,21.695,-98.84,16.962,0,0
0,34.595,0,8.494,65.918,-46.108,15,5,10,1,0,-0.307,-5.832,-34.637,-95.008,-97.802,4.366,12.076,-0.584,0.85,-30.58,-85.756,12.641,2.666,6.481,-13.103,43.802,-179.74,-3.908,14.399,-1.334,-6.469,16.504,-88.977,20.519,1,0
0,34.748,0,8.963,46.864,15.358,5,5,10,1,0,6.368,-2.603,-24.506,-59.756,-134.29,-7.145,12.71,-4.297,-3.468,-26.214,-90.382,25.191,4.783,4.397,-11.314,43.191,357.13,10.748,13.594,-4,-10.272,23.771,-89.069,22.626,0,0
0.659,35.382,0,9.465,50.194,63.355,5,5,10,1,0,7.549,-10.835,-3.906,-17.206,-139.649,-13.359,11.168,-4.749,-8.141,-18.763,-76.702,45.573,6.572,5.02,-9.894,43.038,-29.069,20.702,13,-2.587,-7.611,32.275,-100.977,25.481,0,0
1.279,36.103,0,10.036,57.072,72.144,5,5,10,1,0,13.01,-15.872,4.289,57.496,-87.176,-6.87,11.063,-6.804,-12.162,-4.977,-50.718,73.313,8.124,6.566,-15.453,367.252,-204.214,454.351,15.041,0.975,-3.609,30.26,-109.634,28.901,0,0
1.862,36.693,0,10.695,65.918,58.949,5,5,10,1,0,5.37,-2.457,-5.595,76.672,-64.672,-2.397,16.71,-7.575,-6.893,41.237,-27.649,91.908,12.428,7.269,-8.816,41.954,11.45,66.382,13.688,-0.091,-6.89,46.351,-123.221,29.115,0,0
2.405,37.334,0,11.684,98.934,64.098,5,15,10,1,0,2.546,-5.226,-16.667,71.969,-65.756,-0.107,15.536,-5.832,-10.136,66.29,-33.191,89.282,12.241,6.732,-10.021,31.618,15.084,51.847,16.614,2.481,-4.357,40.656,-129.176,25.252,0,0
2.911,37.942,0,12.995,131.047,60.803,5,15,10,1,0,9.805,-14.023,-14.828,77.71,-61.313,-10.824,2.141,-0.345,-9.398,130.595,-45.985,102.076,4.158,14.217,-7.161,29.008,176.489,71.389,15.057,6.002,-4.632,20,-145.053,14.855,0,0
3.378,38.513,0,14.651,165.585,57.175,5,15,10,1,0,7.357,5.03,-26.846,56.794,-93.176,-9.115,4.002,-3.193,-4.17,131.679,-71.618,69.466,11.913,6.328,-7.214,-4.153,110.84,21.252,15.268,2.227,-4.723,-8.412,-148.84,8.366,0,0
3.807,38.689,0,16.544,189.309,17.521,5,15,10,1,0,9.362,-2.242,-19.699,62.733,-90.565,-5.267,9.463,2.505,-6.071,115.679,-87.481,39.282,13.122,5.19,-4.165,-19.267,76.473,5.542,13.558,1.114,-2.287,-21.099,-156.092,5.786,0,0
4.198,38.396,0,18.832,228.848,-29.263,5,15,10,1,0,13.283,-2.062,-14.322,62.427,-62.595,6.748,11.022,2.934,-9.69,64.183,-98.977,19.206,10.936,5.142,-4.642,-24.198,104.458,-1.023,17.546,-0.307,-3.267,-26.641,-153.008,9.282,0,0
4.55,37.437,0,21.48,264.805,-95.925,5,15,10,1,0,12.298,0.539,-15.28,50.84,-32.412,17.954,12.892,2.223,-12.418,16.198,-120.748,17.802,9.206,4.107,-5.281,-19.832,132.885,6.931,15.999,2.065,-3.226,-31.847,-152.351,8.641,0,0
4.865,35.855,0,24.45,296.952,-158.215,5,15,10,1,0,10.059,6.771,-17.872,-4.901,-13.282,24.855,15.139,5.868,-10.799,-13.527,-144.443,14.443,7.183,8.462,-7.726,-19.191,154.275,6.244,18.351,2.357,-6.57,-35.176,-162.26,8.534,0,0
5.14,33.979,0,27.625,317.494,-187.523,5,15,10,1,0,11.676,0.122,-16.835,-69.634,9.359,26.84,12.251,4.924,-13.719,-45.221,-163.084,11.634,7.961,9.259,-7.674,-58.901,347.176,23.328,16.128,-0.113,-12.047,-46.733,-173.389,8.763,0,0
5.378,31.727,0,31.093,346.837,-225.197,5,15,10,1,0,11.144,3.315,-16.109,-105.542,23.573,40.58,11.178,4.474,-13.64,-69.908,-177.45,1.603,9.144,11.12,-11.829,-47.084,377.405,8.122,15.208,6.057,-13.795,-60.656,-192.687,10.031,0,0
5.577,29.112,0,34.88,378.709,-261.498,5,15,10,1,0,12.025,-1.296,-12.686,-138.275,55.969,39.053,9.865,4.503,-12.995,-70.718,-190.702,2.092,9.793,2.19,-18.006,-155.115,404.748,-21.374,16.614,7.736,-13.987,-88.046,-210.168,10.168,0,0
5.738,25.963,0,39.062,418.168,-314.908,5,15,10,1,0,4.776,4.917,-11.482,-177.053,40.733,45.817,10.6,-0.68,-9.745,-69.817,-204.351,-5.664,10.141,7.204,-17.304,-107.786,221.466,-23.756,17.182,6.625,-12.993,-116.672,-200.275,6.595,0,0
5.86,22.667,0,43.467,440.553,-329.648,5,15,10,1,0,5.64,3.978,-16.451,-191.496,38.641,40.489,6.062,-0.311,-8.256,-73.298,-212.397,-3.527,2.227,6.93,-41.836,12.229,-189.817,227.42,14.08,2.407,-15.067,-136.351,-198.534,9.389,0,0
5.945,19.452,0,47.998,453.05,-321.488,5,15,10,1,0,5.025,2.91,-15.057,-190.58,32.046,40.351,9.729,2.682,-7.01,-72.412,-201.206,-4.733,7.607,5.586,-27.619,-261.13,-19.618,-265.527,13.316,0.568,-13.882,-144.458,-174.748,9.588,0,0
5.991,16.805,0,52.443,444.558,-264.748,5,15,10,1,0,3.648,-4.472,-17.814,-132.275,11.023,34.885,13.937,1.839,-7.887,-94.702,-181.847,-4.244,5.604,3.47,-20.523,-125.954,498.122,-320.122,16.075,1.13,-12.866,-136.061,-150.992,13.42,0,0
5.998,14.702,0,56.863,441.983,-210.217,5,15,10,1,0,7.405,-12.797,-14.528,-69.542,10.427,32.901,13.882,-0.247,-9.343,-87.099,-153.832,7.634,3.784,-1.238,-19.306,-109.466,258.153,-107.603,9.776,3.482,-17.067,-123.252,-146.061,1.771,0,0
5.968,13.105,0,61.082,421.887,-159.703,5,15,10,1,0,5.798,-6.399,-13.692,-43.191,-4.565,32.229,13.429,-0.153,-9.578,-98.595,-140.015,20.702,6.122,2.704,-17.706,-82.321,255.145,-85.618,10.823,1.19,-18.121,-134.321,-120.656,-7.267,0,0
5.899,11.744,0,64.931,384.911,-136.174,5,15,10,1,0,9.036,-6.378,-13.029,-20.061,4.565,30.855,10.416,-5.3,-11.465,-86.565,-138.153,33.374,4.783,5.444,-19.596,-57.374,238.977,-134.168,11.609,2.17,-12.588,-115.206,-93.328,-4.382,0,0
5.791,10.432,0,68.11,317.86,-131.184,5,15,10,1,0,7.393,-4.038,-12.212,-18.26,2.855,27.71,9.903,-5.906,-9.582,-68.29,-141.557,37.954,6.531,4.148,-14.933,-57.221,431.618,-109.008,9.951,-0.898,-10.768,-88.321,-61.511,-5.664,0,0
5.646,9.084,0,70.592,248.246,-134.732,5,15,10,1,0,7.633,-3.42,-12.495,-20.901,3.237,27.084,8.205,-5.228,-9.532,-56.824,-145.969,35.313,5.327,3.408,-15.695,-28.55,193.603,-40.412,11.496,-8.586,-14.607,-52.611,-6.58,1.618,0,0
5.462,7.638,0,72.409,181.687,-144.654,5,15,10,1,0,6.582,-6.936,-13.733,-25.344,8.611,24.458,7.829,-2.263,-8.316,-44.198,-148.321,30.489,6.285,10.894,-17.321,-51.664,352.412,-45.863,8.929,-6.529,-12.861,-12.748,32.885,12.198,0,0
5.24,6.225,0,73.669,125.954,-141.323,5,15,10,1,0,4.725,-3.336,-13.575,-44.687,-1.374,19.405,10.979,-2.259,-6.57,-51.649,-140.595,22.122,3.365,3.212,-16.801,-24.458,170.275,-12.977,7.499,-0.433,-11.477,12.779,70.29,16.611,0,0
4.979,4.873,0,74.475,80.612,-135.189,5,15,10,1,0,6.471,-7.604,-12.291,-37.969,1.924,15.496,9.592,-1.909,-8.457,-60.382,-134.534,20.366,4.541,5.548,-17.977,-76.275,320,9.405,8.306,-2.563,-14.301,37.878,98.412,14.885,0,0
4.681,3.562,0,75.061,58.582,-131.047,5,15,10,1,0,3.655,-3.358,-14.135,-33.924,-1.084,14.779,10.821,-1.595,-8.519,-61.634,-129.267,15.939,2.826,5.907,-20.233,-68.275,323.725,54.84,8.802,0.113,-14.557,47.725,115.099,13.053,0,0
4.344,2.379,0,75.372,31.117,-118.344,5,15,10,1,0,6.354,-5.106,-13.24,-32.29,-1.695,9.664,11.407,-2.759,-9.151,-70.87,-122.977,13.511,2.908,4.016,-14.023,-24.336,160.916,21.893,8.339,7.068,-8.83,32.718,130.366,10.351,0,0
3.968,1.343,0,75.555,18.311,-103.592,5,15,10,1,0,6.421,-7.42,-12.392,-13.878,-1.282,10.244,10.093,-3.276,-10.073,-67.374,-119.878,12.366,3.552,5.521,-14.571,-6.565,316.214,36.122,7.973,3.061,-10.548,35.069,145.023,10.198,0,0
3.555,0.314,0,75.537,-1.808,-102.894,5,15,10,1,0,5.755,-4.107,-13.771,4.336,-1.847,11.237,9.211,-2.371,-10.557,-52.748,-122.031,11.878,3.09,6.065,-19.783,3.42,-398.901,78.656,4.443,-4.859,-17.249,45.405,162.137,16.733,0,0
3.103,-0.621,0,75.504,-3.319,-93.453,5,15,10,1,0,4.431,-2.8,-13.956,4,-8.26,9.282,10.476,-1.638,-11.448,-38.855,-121.023,9.542,2.699,3.737,-20.305,36.397,300.092,26.565,7.274,-0.383,-12.739,42.733,174.641,26.031,0,0
2.612,-1.441,0,75.504,-0,-82.031,5,15,10,1,0,7.714,-5.312,-12.986,11.771,-8.198,8.321,11.166,-2.833,-11.786,-27.908,-114.427,7.069,1.6,1.679,-16.768,19.298,292.061,26.26,-3.89,-3.652,-15.441,46.916,180.58,27.954,0,0
2.084,-2.161,0,75.339,-16.48,-72.064,5,15,10,1,0,11.321,-4.591,-13.314,27.954,-9.42,9.542,10.897,-2.591,-12.401,-14.122,-109.481,5.557,1.099,4.906,-24.343,47.695,-437.511,-18.198,12.806,4.656,-10.308,11.969,216.779,31.969,0,0
1.517,-2.876,0,74.79,-54.909,-71.434,5,15,10,1,0,8.21,-2.352,-14.037,33.115,-15.954,10.275,11.781,-0.742,-11.616,-0.229,-104.672,3.954,1.947,5.577,-23.347,69.802,-423.817,0.427,7.796,-4.11,-17.46,6.351,239.389,34.107,0,0
0.912,-3.444,0,73.991,-79.88,-56.809,5,15,10,1,0,8.608,-4.577,-11.211,28.58,-23.435,6.321,11.53,0.695,-11.4,2.931,-96.977,3.954,0.048,8.262,-36.788,6.718,216.412,-168.061,7.904,-0.992,-16.59,-6.687,251.527,43.053,0,0
0.268,-3.769,0,72.885,-110.562,-32.524,5,15,10,1,0,3.389,-3.537,-12.947,26.687,-36.305,6.855,13.062,0.659,-9.192,4.244,-81.053,2.855,-0.637,6.773,-15.414,-15.695,128.504,-7.511,6.603,-0.266,-16.595,-11.496,259.893,51.679,0,0
0,-3.843,0,71.577,-130.795,-7.404,5,15,10,0,0,5.319,-4.634,-11.415,32.473,-41.985,6.031,13.175,-1.296,-9.439,3.008,-68.092,4.29,-1.202,6.917,-15.141,-28.031,231.008,-18.87,8.79,1.926,-16.727,-15.389,267.359,57.023,0,0
0,-3.854,0,70.014,-156.361,-1.076,5,15,10,0,0,8.409,-5.906,-10.366,45.084,-32.779,8.321,8.598,-3.161,-10.73,8.275,-70.763,6.015,-3.53,5.025,-15.824,-46.382,191.13,-120.183,9.125,3.243,-15.412,-31.771,276.275,57.557,0,0
0,-3.913,0,68.241,-177.246,-5.882,5,15,10,0,0,11.465,-1.552,-9.987,22.137,-35.603,8.397,7.643,-3.008,-9.417,14.87,-75.786,6.031,-5.494,0.473,-36.529,-369.588,-311.954,-99.908,5.717,0.046,-18.08,-23.359,278.336,56.779,0,0
0,-4.154,0,66.249,-199.208,-24.124,5,15,10,0,0,9.896,-6.967,-7.904,20.092,-29.542,7.45,6.241,-1.868,-9.764,18.748,-83.115,8.092,-5.456,3.232,-36.826,-462.168,-406.977,-37.863,5.552,-1.471,-18.59,-24.366,287.557,56.656,0,0
0,-4.637,0,64.111,-213.833,-48.34,5,15,10,0,0,4.709,-3.26,-10.066,0.29,-35.344,6.489,9.726,0.781,-7.245,13.542,-85.985,8.397,-4.745,5.748,-16.205,-58.87,72.733,-0.504,4.541,0.077,-18.082,-14.031,280.427,58.229,0,0
0,-5.267,0,61.818,-229.306,-62.954,5,15,10,0,0,8.143,-4.079,-10.368,-18.794,-30.473,3.756,10.459,0.936,-7.506,0.122,-88.977,8.672,-3.233,4.675,-14.658,-83.313,49.74,0.718,9.036,0.448,-18.576,-13.756,285.008,54.641,0,0
0,-5.908,0,59.434,-238.358,-64.144,5,15,10,0,0,7.017,-4.476,-10.507,-32.534,-34.183,1.389,11.235,0.254,-7.872,-17.237,-85.374,15.42,-3.339,4.206,-15.74,-91.924,41.359,-2.687,10.418,2.627,-17.505,-11.649,286.794,49.267,0,0
0,-6.435,0,56.948,-248.623,-52.677,5,15,10,0,0,4.979,-4.677,-12.171,-41.176,-43.42,-0.779,13.573,-1.54,-8.167,-31.557,-75.588,17.527,1.336,2.961,-13.163,-183.176,72.061,26.015,9.185,3.183,-17.682,-12.702,274.748,43.359,0,0
0,-6.776,0,54.402,-254.551,-34.103,5,15,10,0,0,6.184,-5.803,-12.476,-37.649,-50.321,-2.168,13.127,-2.68,-10.318,-38.534,-67.237,18.748,-1.202,6.827,-14.72,346.748,218.626,242.565,7.707,2.39,-19.809,-14.733,268.733,35.145,0,0
0,-6.805,0,51.769,-263.352,-2.918,5,15,10,0,0,5.755,-6.378,-12.739,-24.153,-61.405,-3.145,13.273,-3.233,-11.223,-34.962,-53.16,18.611,-0.465,1.558,-11.06,-118.351,43.115,17.588,7.619,-0.261,-21.126,-16.534,257.878,30.107,0,0
0,-6.666,0,49.177,-259.209,13.95,5,15,10,0,0,6.735,-5.691,-11.235,-13.786,-68,-3.802,10.344,-2.328,-11.654,-27.496,-46.076,19.405,-0.465,1.558,-11.06,-110.473,39.328,15.328,7.513,-1.854,-23.378,2.931,247.725,25.603,0,0
0,-6.673,0,46.693,-248.337,-0.755,5,15,10,0,0,-0.184,-4.014,-15.247,-1.496,-66.702,-4.901,11.8,0.786,-9.796,-18.26,-55.053,15.985,-0.436,-0.774,-7.678,1.313,8.275,50.992,6.287,2.611,-20.233,22.244,216.641,26.855,0,0
0,-6.527,0,44.402,-229.191,14.671,5,15,10,0,0,6.622,1.068,-14.66,-25.267,-68.504,-7.221,14.562,1.509,-10.406,-27.969,-48.183,13.71,-0.115,0.915,-2.448,63.74,-4.031,139.481,7.228,0.74,-21.481,47.664,192.794,19.359,0,0
0,-6.139,0,42.321,-208.088,38.75,5,15,10,0,0,4.644,-4.706,-12.952,-28.626,-77.74,-10.779,14.907,2.438,-9.647,-41.817,-34.702,20.885,-0.639,3.303,-5.856,66.168,-8.794,0.122,8.344,2.824,-21.253,62.824,164.351,13.237,0,0
0,-5.623,0,40.512,-180.874,51.67,5,15,10,0,0,9.647,-3.657,-11.762,-25.542,-81.557,-11.496,12.308,1.214,-10.723,-57.023,-31.16,27.282,-0.941,3.303,-6.835,66.55,-77.924,194.931,3.616,2.675,-22.508,83.771,126.641,5.191,0,0
0,-5.124,0,39.014,-149.769,49.839,5,15,10,0,0,10.275,-4.589,-10.976,-24.824,-80.489,-11.435,10.358,0.805,-11.422,-62.305,-37.588,21.817,0.275,3.638,-5.492,71.557,-58.107,30.046,1.758,3.82,-23.44,95.313,87.71,-5.13,0,0
0,-4.66,0,37.783,-123.081,46.44,5,15,10,0,0,8.342,-3.549,-12.782,-27.832,-77.374,-13.863,9.848,-0.024,-11.479,-62.305,-39.084,13.466,2.438,5.025,-5.964,77.817,-177.221,55.206,7.954,1.403,-21.455,100.718,65.389,0.489,0,0
0,-4.161,0,36.872,-91.152,49.839,5,15,10,0,0,10.145,-5.013,-11.625,-31.878,-79.649,-17.832,10.184,-0.723,-11.269,-64.275,-35.832,8.977,1.233,8.402,-7.425,75.13,-94.351,3.908,9.99,4.826,-22.247,99.939,42.656,-0.168,0,0
0,-3.741,0,36.242,-62.954,42.069,5,15,10,0,0,9.913,-5.935,-11.743,-25.863,-76.153,-19.405,10.313,-1.693,-11.884,-60.672,-41.511,7.389,2.742,6.519,-6.107,51.557,-195.908,12.153,6.014,3.664,-30.378,90.015,-11.924,-1.13,0,0
0,-3.418,0,36.179,-6.294,32.261,5,15,10,0,0,12.181,-1.315,-12.916,-32.275,-70.321,-20.916,11.151,-2.012,-12.519,-58.84,-47.237,3.756,1.868,0.651,2.165,271.374,188.565,-107.969,2.989,6.076,-30.378,58.015,-76.977,1.252,0,0
0,-3.129,0,36.59,41.016,28.931,5,15,10,0,0,5.899,-1.844,-13.513,-43.008,-74.382,-22.656,13.592,-0.613,-10.016,-58.427,-47.954,0.443,-0.752,21.244,-8.042,12.076,490.855,-367.878,5.774,7.192,-23.569,-6.885,-132.901,2.595,0,0
0,-2.832,0,37.183,59.372,29.652,5,15,10,0,0,5.628,-3.137,-11.92,-54.015,-84.092,-26.595,16.109,1.092,-7.302,-63.13,-37.969,3.023,-0.283,8.743,-15.73,-47.374,-328.137,-151.389,8.749,4.721,-9.776,-59.435,-141.221,0.489,0,0
0,-2.455,0,37.813,63,37.743,5,15,10,0,0,13.743,-2.424,-10.423,-58.84,-81.298,-28.687,12.959,0.192,-9.099,-71.053,-31.939,1.328,0.599,6.755,-24.635,-149.786,-375.405,-234.687,14.883,3.399,1.971,-95.252,-111.985,5.939,0,0
0,-1.931,0,38.337,52.322,52.391,5,15,10,0,1,8.969,-3.995,-10.864,-62.122,-87.802,-29.573,13.884,-0.58,-8.478,-77.359,-21.756,-4.962,8.533,8.633,-22.456,-245.237,-309.756,-291.786,19.39,3.901,8.438,-105.817,-70.733,8.504,0,1
0,-1.239,0,38.417,8.057,69.145,5,5,10,0,1,12.377,-3.195,-9.003,-64.305,-90.55,-32.137,13.494,-2.232,-9.099,-78.092,-11.344,-6.733,9.044,0.08,-22.791,-185.924,-56.718,-36.153,11.594,-5.645,-7.587,-104.336,-36.473,4.015,0,0
0,-0.448,0.655,38.413,-0.366,79.125,15,5,10,0,1,11.041,-3.171,-10.651,-62.504,-94.382,-32.885,16.291,-3.157,-8.701,-67.053,-3.588,-11.481,4.122,1.171,-11.396,-185.206,-183.466,363.115,12.54,-5.173,-11.704,-79.695,-61.328,-4.58,0,0
0,0.5,1.273,38.703,28.965,94.826,15,5,10,0,1,13.333,-4.311,-8.579,-60.092,-103.74,-36.519,16.89,-2.67,-7.396,-52.565,9.496,-11.832,4.662,-11.649,16.918,-315.618,-344.687,22.473,9.096,-4.069,-21.675,-55.511,-102.382,-8.351,0,0
0,1.639,1.852,39.472,76.847,113.938,15,5,10,0,1,9.805,-5.327,-7.089,-54.718,-111.42,-35.45,17.611,-1.174,-6.692,-39.863,24.244,-13.573,1.964,-3.978,-4.546,-115.664,-47.771,-111.786,7.516,2.029,-16.928,-36.473,-129.725,-14.29,0,0
0,2.958,2.394,40.516,104.416,131.813,15,5,10,0,1,8.014,-3.918,-8.021,-43.237,-113.191,-35.023,16.629,-0.273,-5.818,-29.481,34.504,-13.13,0.206,0.551,-5.647,-79.679,-261.328,-243.481,11.127,7.132,-13.094,-70.611,-110.412,-18.275,0,0
0,4.529,2.897,41.354,83.862,157.128,15,5,10,0,1,9.987,-2.805,-6.368,-41.924,-121.496,-36.733,17.321,0.886,-4.864,-23.878,53.481,-12.656,3.07,6.928,-13.393,29.42,316.809,29.557,13.458,-1.643,-14.042,-74.87,-79.237,-16.702,0,0
0,6.47,3.363,41.567,21.229,194.069,15,5,10,0,1,13.422,-6.004,-4.182,-33.924,-126.641,-42.702,14.943,2.213,-5.362,-20.779,73.725,-12.916,3.102,3.147,-16.164,34,-113.359,-98.779,12.332,-10.126,-15.757,-33.435,-59.496,-10.168,0,0
0,8.82,3.791,40.94,-62.634,235.085,15,5,10,0,1,8.167,-5.022,-6.232,-32.382,-138.519,-37.863,13.278,-0.896,-6,-20.794,97.023,-13.435,4.331,-6.262,-44.547,225.435,-67.191,-282.87,8.581,-10.191,-19.026,-7.588,-41.115,-14.641,0,0
0,8.82,3.791,40.94,-62.634,235.085,15,5,10,0,1,8.167,-5.022,-6.232,-32.382,-138.519,-37.863,13.278,-0.896,-6,-20.794,97.023,-13.435,4.331,-6.262,-44.547,225.435,-67.191,-282.87,8.581,-10.191,-19.026,-7.588,-41.115,-14.641,0,0
0,14.472,4.534,37.942,-182.694,299.595,15,5,10,0,1,10.615,-4.431,-14.111,-1.649,-158.87,-38.137,14.701,0.055,-4.445,-29.206,149.74,-18.656,0.254,2.749,-20.24,12.565,297.756,-3.603,13.757,-5.415,-14.99,67.099,25.45,-17.71,0,0
0,17.881,4.848,35.447,-249.459,340.886,15,5,10,0,1,13.395,-6.91,-12.186,10.26,-177.496,-36.824,13.613,-2.714,-8.203,-31.588,169.939,-15.313,0.805,4.418,-26.269,95.221,224.244,25.282,11.918,-8.155,-17.27,85.679,56.809,-8.046,0,0
0,21.598,5.124,32.324,-312.321,371.728,15,5,10,0,1,14.511,-7.487,-16.092,29.206,-191.374,-31.344,10.967,-3.252,-10.078,-10.076,186.504,-9.084,2.017,2.572,-13.316,54.687,-207.221,30.626,4.979,-7.662,-13.517,104.947,65.954,-6.809,0,0
0,25.684,5.363,28.749,-357.445,408.646,15,5,10,0,1,9.59,-3.355,-21.057,48.809,-213.008,-30.321,10.061,-6.007,-10.332,21.527,202.397,-0.855,-1.262,2.589,-12.483,56.84,-214.779,15.237,0.489,-10.011,-9.436,136.779,50.824,-8.947,0,0
0,30.222,5.564,25.047,-370.274,453.736,15,5,10,0,1,8.368,-6.397,-19.311,70.382,-231.023,-37.13,10.967,-5.861,-12.445,45.634,209.863,15.191,-5.81,1.795,-30.551,194.412,246.229,210.198,11.233,-1.214,-11.115,158.504,51.511,-17.725,0,0
0,34.91,5.727,21.414,-363.225,468.797,15,5,10,0,1,6.663,-7.372,-19.661,98.473,-237.939,-40.763,13.089,-6.22,-12.112,54.382,218.214,30.504,4.371,-0.941,-11.961,56.229,-212.321,31.008,6.177,-4.388,-16.051,165.679,21.679,-15.023,0,0
0,39.824,5.852,18.426,-298.852,491.456,15,5,10,0,1,11.194,-4.38,-22.082,120.305,-232.458,-45.298,12.516,-1.451,-13.714,81.725,222.626,60.305,1.536,-3.445,-11.87,-448.672,228.641,-168.55,7.825,3.03,-15.002,156.763,4.122,-8.214,0,0
0,44.76,5.939,16.313,-211.281,493.608,15,5,10,0,1,10.526,-4.819,-22.199,125.786,-226.366,-37.053,10.926,3.382,-17.62,73.878,222.153,75.176,10.416,0.558,-11.566,84.656,406.656,59.969,8.174,10.895,-12.533,102.763,-6.427,-12.076,0,0
0,49.547,5.988,14.844,-146.862,478.719,15,5,10,0,1,4.757,-8.852,-22.487,163.969,-229.847,-39.359,8.088,-3.26,-20.365,82.229,216.641,112.718,1.791,5.021,-10.888,181.908,-291.878,24.153,11.027,9.685,-9.156,38.504,-5.786,-19.359,0,0
0,54.124,5.999,13.621,-122.36,457.684,15,5,10,0,1,11.834,-5.988,-17.52,192.366,-180.473,-24.763,14.964,1.669,-13.661,80.198,210.794,103.511,5.465,0.873,-21.747,177.939,494.702,-53.435,9.19,2.711,-9.973,10.84,-1.603,-19.588,0,0
0,58.095,5.973,12.526,-109.44,397.042,15,5,10,0,1,9.805,-2.86,-13.975,168.748,-151.359,-24.885,12.95,2.639,-15.951,76.641,218.992,100.794,1.973,4.25,-19.984,121.359,496.595,-89.771,10.306,2.536,-8.519,12.702,0.26,-16.702,0,0
0,61.354,5.908,11.318,-120.85,325.883,15,5,10,0,1,11.487,0.029,-14.31,136.626,-113.832,-22.031,14.085,-0.079,-12.789,51.893,210.519,88.153,1.6,20.409,-27.581,169.328,457.389,-271.389,10.109,2.215,-9.513,16.061,5.481,-14.519,0,0
0,64.206,5.806,9.937,-138.119,285.256,15,5,10,0,1,4.745,6.61,-16.569,84.504,-81.695,-16.84,14.902,-2.555,-9.834,43.817,198.534,60.504,0.395,8.675,-14.943,35.908,-139.45,-15.908,9.741,-0.486,-10.38,35.115,9.893,-9.954,0,0
0,66.569,5.666,8.582,-135.475,236.287,15,5,10,0,1,5.487,4.397,-16.49,43.557,-47.359,-12.656,13.635,-1.691,-10.131,51.45,181.267,40.473,1.605,7.035,-28.74,242.046,-50.824,-235.481,10.914,3.633,-7.281,48.443,7.298,-4.397,0,0
0,68.532,5.488,7.275,-130.68,196.278,15,5,10,0,1,8.292,1.011,-14.569,19.16,-11.954,-4.748,11.247,-1.451,-11.295,55.618,170.565,15.405,5.068,6.314,-15.467,63.557,-496.137,-112.122,10.172,1.959,-7.992,56.534,6.031,-1.924,0,0
0,70.165,5.272,6.139,-113.594,163.319,15,5,10,0,1,5.65,-0.048,-15.263,-5.679,12.534,0.55,13.422,0.168,-11.264,53.069,170.214,-4.168,5.552,4.612,-20.291,379.328,192.962,-292.641,8.241,2.678,-8.418,56.229,4.168,0.214,0,0
0,71.534,5.018,5.155,-98.454,136.929,15,5,10,0,1,5.156,-0.577,-17.16,-24.153,40.168,4.137,12.533,-0.354,-11.324,48.244,175.405,-18.382,4.148,1.714,-35.37,420.244,374.947,-170.504,8.131,3.99,-8.61,43.084,1.038,-2.046,0,0
0,72.652,4.727,4.33,-82.432,111.729,15,5,10,0,1,3.37,-0.996,-18.82,-38.87,54.748,5.847,11.946,0.031,-11.712,47.038,178.061,-24.092,1.866,5.513,-13.898,61.221,-96.382,-51.664,10.476,2.285,-8.404,32.366,-3.206,-3.542,0,0
0,73.578,4.397,3.572,-75.84,92.64,15,5,10,0,1,1.744,-1.988,-18.238,-42.55,69.481,9.573,10.519,0.357,-11.64,42.977,176.275,-27.664,4.448,6.468,-15.189,124.992,-176.962,-14.718,11.192,0.273,-9.633,22.901,-3.176,-4.519,0,0
0,74.384,4.03,2.975,-59.681,80.567,15,5,10,0,1,0.218,-0.96,-19.632,-45.221,84.855,9.313,11.053,0.333,-8.802,38.718,170.198,-26.519,6.079,6.244,-11.015,62.061,-152.916,2.351,9.08,2.601,-7.037,22.092,-15.863,-1.557,0,0
0,75.046,3.625,2.569,-40.661,66.273,15,5,10,0,1,0.057,-1.255,-17.524,-40.626,101.145,10.321,9.381,1.435,-10.315,31.023,164.992,-25.588,6.759,3.921,-11.772,65.985,-70.901,7.45,6.792,-0.378,-11.661,26.305,-15.542,-5.252,0,0
0,75.548,3.181,2.4,-16.834,50.205,15,5,10,0,1,2.093,-1.478,-17.62,-33.084,120.443,8.885,9.405,-0.314,-10.552,23.008,159.985,-24.87,8.598,11.319,-8.747,119.405,-242.321,72.672,6.095,2.522,-7.652,22.122,-29.603,-1.954,0,0
0,75.9,2.7,2.4,-0,35.145,15,5,10,0,1,2.625,-0.987,-16.418,-24.763,140.153,7.878,9.781,-0.429,-10.849,18.504,155.939,-19.496,3.741,11.768,-23.193,-491.252,-423.588,-16,10.634,2.199,-6.914,16.305,-23.695,-0.718,0,0
0,76.065,2.182,2.415,1.488,16.48,15,5,10,0,1,2.915,-1.226,-16.358,-15.45,160.931,2.748,10.176,-1.581,-11.369,19.664,153.557,-17.542,3.911,7.767,-12.971,54.229,-47.847,-2.366,10.26,2.908,-8.004,9.374,-28.809,-0.748,0,0
0,75.999,1.625,2.456,4.051,-6.592,15,5,10,0,1,-0.285,1.748,-19.675,-14.122,174.595,-5.359,12.83,-0.793,-10.689,22.061,152.351,-17.191,3.473,8.871,-13.999,47.069,-48.321,-5.008,9.788,2.56,-8.965,8.015,-31.435,0.061,0,0
0,75.754,1.03,2.577,12.108,-24.513,15,5,10,0,1,6.189,-6.107,-15.031,16.092,199.664,-9.557,7.12,-1.533,-14.351,28.656,147.176,-4.687,7.559,7.911,-10.373,31.313,-52.519,2.015,5.628,2.203,-11.613,7.466,-46.229,-0.29,0,0
0,75.277,0.398,2.862,28.53,-47.63,15,5,10,0,1,0.944,-3.717,-17.52,31.466,210.565,-12.443,6.826,-0.572,-12.327,44.137,146.198,0.672,8.577,6.826,-10.905,8.534,-79.908,3.389,4.749,4.579,-11.096,-1.237,-56.137,0.931,0,0
0,74.549,0,3.349,48.74,-72.865,15,5,10,0,1,2.943,-2.4,-19.378,47.344,227.191,-18.061,5.746,-2.311,-13.204,58.137,133.084,6.87,2.393,9.846,-13.807,17.603,-34.947,-10.901,11.975,4.977,-5.48,-19.954,-54.137,-0.656,0,0
0,73.585,0,3.73,38.075,-96.348,15,5,10,0,1,0.39,-1.605,-19.917,50.336,234.275,-25.344,5.786,-1.909,-12.088,71.45,119.893,11.481,0.848,9.678,-15.489,-1.069,-61.756,-18.382,9.638,1.983,-8.55,-31.603,-48.58,-1.45,0,0
0,72.424,0,3.924,19.386,-116.089,15,5,10,0,1,0.479,-3.082,-19.239,52.137,241.588,-30.794,5.585,-0.728,-10.928,80.962,106.565,15.45,-0.74,7.408,-15.429,-11.618,-104.229,-25.557,14.282,0.814,-7.199,-26.641,-43.908,-0.519,0,0
0,71.095,0,3.942,1.82,-132.923,15,5,10,0,0,2.845,-2.836,-19.103,50.58,252.168,-33.389,4.986,-1.859,-11.242,87.221,92.275,11.695,1.859,4.753,-17.158,-37.481,-222.916,-19.542,7.659,-1.801,-10.416,-2.122,-54.26,1.252,0,0
0,69.583,0,4.034,9.19,-151.211,15,5,10,0,0,0.915,-0.81,-20.274,44.382,254.641,-35.145,6.059,-1.293,-11.134,91.023,78.183,7.725,1.415,5.281,-13.553,-7.679,-50.84,-3.573,10.217,0.608,-6.97,11.405,-54.595,5.145,0,0
0,67.894,0,4.074,3.994,-168.881,15,5,10,0,0,3.111,-2.237,-18.916,30.427,259.45,-38.336,6.632,-1.224,-11.13,95.511,66.015,3.695,3.626,3.667,-12.607,1.481,-52.107,0.214,9.456,1.269,-8.773,14.534,-50.168,6.733,0,0
0,66.019,0,4.06,-1.431,-187.477,15,5,10,0,0,3.571,-1.966,-20.291,20.534,267.466,-38.55,6.045,-1.53,-11.067,101.313,52.611,-4.366,2.12,5.286,-14.157,14.031,-98.687,3.542,10.009,0.089,-10.045,20.992,-50.626,7.237,0,0
0,64.027,0,4.056,-0.401,-199.185,15,5,10,0,0,1.801,-2.081,-20.909,10.794,264.458,-38.855,7.702,-0.898,-9.053,106.55,44.824,-13.603,3.231,4.776,-13.656,21.908,-47.542,1.389,9.872,0.627,-9.939,22.901,-53.328,6.84,0,0
0,61.866,0,4.063,0.71,-216.145,15,5,10,0,0,7.741,-4.206,-19.644,13.924,269.817,-34.137,5.346,-0.019,-10.397,102.26,34.534,-20.718,1.94,5.334,-15.455,26.58,-97.466,2.687,10.864,0.374,-8.723,23.908,-53.344,6.672,0,0
0,59.651,0,4.066,0.366,-221.547,15,5,10,0,0,6.409,-2.666,-22.144,12.244,268.672,-30.031,3.3,1.497,-10.873,90.275,24.427,-31.053,3.458,5.006,-14.543,31.145,-48.305,0.947,10.152,-0.333,-9.472,28.885,-55.817,8.397,0,0
0,57.362,0,4.085,1.877,-228.837,15,5,10,0,0,-3.3,-1.073,-26.494,11.969,256.626,-26.977,5.444,3.161,-8.007,73.053,16.183,-42.687,3.073,5.844,-14.461,31.16,-207.313,-119.695,10.643,1.665,-9.748,29.924,-56.595,9.115,0,0
0,55.102,0,4.104,1.831,-226.01,15,5,10,0,0,-0.115,-4.589,-24.3,11.237,241.13,-23.496,5.861,2.975,-7.367,48.244,8.351,-39.924,3.957,5.544,-14.262,29.115,-213.084,-15.206,10.497,1.509,-10.028,27.588,-59.038,7.756,0,0
0,52.843,0,4.151,4.761,-225.884,15,5,10,0,0,0.496,-5.355,-24.863,0.183,218.458,-19.847,6.138,3.547,-5.501,29.802,-1.328,-31.405,3.964,5.227,-17.661,57.939,-232.321,-44.58,8.409,-0.132,-11.132,30.137,-64.763,6.947,0,0
0,50.701,0,4.437,28.553,-214.257,15,5,10,0,0,1.26,-4.699,-24.827,-6.336,199.664,-11.588,4.998,1.612,-5.619,17.756,-14.702,-29.863,1.169,6.9,-15.51,31.252,-51.359,-11.542,9.705,0.211,-9.211,35.145,-75.557,6.015,0,0
0,48.671,0,4.939,50.205,-202.927,15,5,10,0,0,-0.891,-4.172,-25.418,-22.687,168.794,-5.588,5.379,1.018,-5.382,9.115,-29.191,-23.985,3.545,7.916,-11.829,32.366,-423.405,-36.244,10.591,2.148,-7.544,24.916,-89.634,6.229,0,0
0,46.819,0,5.429,49.038,-185.269,15,5,10,0,0,1.794,-5.415,-24.446,-29.359,147.13,0.794,4.136,0.843,-5.298,8.473,-41.939,-21.344,4.275,8.418,-12.689,29.099,-46.916,-8.366,12.914,-0.845,-10.643,20.427,-79.405,7.557,0,0
0,45.097,0,5.894,46.463,-172.142,15,5,10,0,0,0.865,-5.36,-25.624,-46.901,112.656,6.855,4.977,1.818,-5.173,8.611,-52.504,-17.282,5.43,7.329,-11.683,26.885,-84.183,6.687,10.809,-1.981,-12.607,22.595,-86.046,10.977,0,0
0,43.567,0,6.473,57.896,-153.019,15,5,10,0,0,0.819,-6.567,-25.184,-50.229,87.878,18.214,5.312,1.894,-4.553,4.84,-63.115,-16.443,5.018,5.893,-16.751,57.695,-125.252,7.573,11.137,2.072,-7.99,18.046,-95.908,15.099,0,0
0,42.168,0,7.022,54.978,-139.893,15,5,10,0,0,0.757,-3.966,-26.53,-53.115,60.168,27.176,5.621,2.484,-5.585,-4.672,-73.649,-9.985,2.73,7.22,-22.154,54.153,-68.672,17.863,13.019,1.904,-9.537,6.458,-83.328,16.046,0,0
0,40.911,0,7.498,47.573,-125.679,15,5,10,0,0,12.332,-3.329,-20.913,-54.87,51.924,20,13.027,0.941,-2.479,-19.008,-71.573,-7.954,6.273,5.394,-14.77,18.321,-32.046,13.282,10.38,-1.135,-13.802,11.496,-95.206,16.305,0,0
0,39.715,0,8.165,66.673,-119.683,15,5,10,0,0,12.332,-3.329,-20.913,-55.145,52.519,21.16,13.637,-1.562,-4.359,-10.244,-69.603,0.107,7.233,4.395,-15.108,17.74,-24.916,25.252,12.212,1.174,-9.767,11.939,-105.176,16.031,0,0
0,38.733,0,8.871,70.622,-98.156,15,5,10,0,0,-0.532,-9.729,-27.725,-47.298,-19.618,7.649,13.082,-1.813,-1.502,-1.924,-65.374,7.847,7.14,4.207,-20.228,47.985,-111.878,17.832,12.255,-0.23,-11.041,9.237,-101.221,15.053,0,0
0,38.246,0,9.64,76.904,-48.695,15,5,10,1,0,1.214,-1.327,-33.981,-37.847,-77.328,-8.824,8.114,-2.203,-4.809,11.924,-81.771,25.099,6.155,3.616,-13.58,20.473,-120.183,29.557,15.172,-2.486,-9.803,15.313,-103.786,16.84,1,0
0,38.374,0,10.384,74.364,12.76,5,5,10,1,0,10.746,-11.031,-10.208,-9.237,-107.511,-13.634,5.585,-1.7,-6.069,23.389,-82.656,39.267,7.243,9.193,-11.649,63.557,-110.473,43.969,12.471,-2.738,-9.02,18.885,-103.832,21.588,0,0
0.655,38.656,0,11.127,74.33,28.256,5,5,10,1,0,14.818,-10.318,-2.929,16.534,-102.229,-9.908,10.15,-2.127,-7.293,25.16,-69.557,51.832,5.264,12.752,-10.749,74.183,-52.031,72.55,14.449,-1.662,-6.433,23.313,-107.954,28.061,0,0
1.273,39.044,0,11.805,67.772,38.761,5,15,10,1,0,10.054,-3.794,-5.331,36.183,-75.481,-0.87,12.698,-4.414,-7.556,40.84,-51.466,58.962,7.568,5.979,-10.083,78.519,-68.397,110.962,12.294,-3.396,-9.432,33.756,-113.863,31.969,0,0
1.852,39.549,0,12.621,81.654,50.549,5,15,10,1,0,8.016,-4.019,-6.373,45.023,-67.649,-0.947,13.41,-3.094,-6.864,55.084,-35.038,80.992,1.198,14.202,-6.443,69.74,3.176,115.847,14.653,0.96,-4.462,35.786,-130.58,34.458,0,0
2.394,40.103,0,13.691,106.945,55.321,5,15,10,1,0,7.24,-7.348,-13.8,59.618,-66.122,-3.45,7.688,-1.918,-7.856,66.076,-34.473,91.863,0.977,16.248,-5.231,74.931,73.221,105.527,15.678,3.382,-4.579,17.649,-135.282,31.969,0,0
2.897,40.52,0,14.968,127.762,41.76,5,15,10,1,0,2.045,-1.784,-25.878,71.924,-72.092,-4.672,7.29,-0.187,-8.229,75.832,-50.244,89.557,12.514,7.753,-6.483,-2.931,34.702,23.832,14.684,5.59,-3.561,-8.443,-147.13,22.336,0,0
3.363,40.824,0,16.537,156.807,30.396,5,15,10,1,0,6.787,1.118,-26.877,58,-66.962,-8.183,9.384,-0.889,-8.524,85.679,-72.916,63.023,9.077,6.026,12.473,-191.878,477.802,150.107,12.593,2.759,-6.239,-19.237,-162.031,18.061,0,0
3.791,40.843,0,18.667,213.055,1.854,5,15,10,1,0,9.614,0.419,-21.704,54.427,-59.847,-2.107,10.641,0.606,-10.675,78.321,-85.893,42.076,14.82,4.04,-3.176,-45.985,186.351,17.924,16.253,5.506,-1.882,-40.046,-174.885,17.389,0,0
4.181,40.37,0,21.381,271.431,-47.299,5,15,10,1,0,9.432,0.398,-16.528,45.924,-42.534,7.664,10.639,3.003,-11.542,59.42,-98.382,25.344,9.738,8.704,-6.598,-45.863,235.053,12.061,16.688,4.831,-2.433,-54.809,-177.924,14.702,0,0
4.534,39.359,0,24.395,301.369,-101.074,5,15,10,1,0,7.837,3.161,-16.732,14.076,-26.183,17.191,14.375,3.406,-9.06,28.015,-116.58,18.977,10.49,9.391,-5.604,-50.626,140.061,-1.481,19.208,3.741,-0.992,-82.687,-178.397,12.87,0,0
4.848,37.946,0,27.599,320.412,-141.323,5,15,10,1,0,13.007,-4.234,-13.28,-17.817,-0.931,25.695,12.916,0.884,-10.126,-2.427,-138.076,15.786,8.888,10.823,-6.565,-62.489,160.458,-2.55,18.686,2.987,-3.911,-90.443,-167.573,15.374,0,0
5.124,35.872,0,30.961,336.171,-207.333,5,15,10,1,0,3.494,8.471,-23.124,-36.794,22.275,39.328,10.311,4.028,-12.715,-23.359,-159.847,5.511,8.711,12.246,-9.106,-81.42,178.931,0.214,17.326,1.976,-10.184,-86.397,-169.832,19.725,0,0
5.363,33.39,0,34.535,357.457,-248.269,5,15,10,1,0,9.015,0.393,-15.23,-93.328,39.603,34.015,15.802,4.062,-13.503,-41.252,-173.527,-0.672,9.326,6.511,-13.604,-214.687,383.191,-5.74,14.042,8.241,-11.939,-95.618,-186.779,20.611,0,0
5.564,30.592,0,38.395,385.941,-279.751,5,15,10,1,0,15.462,3.799,-15.754,-135.389,57.847,41.13,10.895,3.808,-12.174,-68.031,-185.252,-2.855,10.299,22.716,-18.346,-268.336,412.321,-31.878,13.824,9.039,-14.507,-118.87,-203.435,24.198,0,0
5.727,27.556,0,42.493,409.814,-303.635,5,15,10,1,0,2.84,6.1,-15.017,-156.595,51.634,54.824,8.969,3.236,-8.589,-82.626,-191.954,-8.015,7.643,8.251,-16.926,-152.718,370.489,-62.015,13.58,8.835,-13.091,-148.565,-205.878,21.786,0,0
5.852,24.286,0,46.738,424.485,-326.97,5,15,10,1,0,5.386,2.472,-17.735,-179.481,48.962,50.153,6.558,1.997,-8.979,-97.252,-198.092,-10.092,1.188,4.583,-41.616,-309.725,-287.786,248.183,14.236,3.851,-13.747,-177.725,-189.939,24.458,0,0
5.939,21.162,0,50.997,425.893,-312.436,5,15,10,1,0,0.759,-6.182,-16.926,-176.489,31.878,43.481,7.93,1.116,-9.192,-99.817,-195.206,-6.901,7.47,5.202,-18.228,-155.878,241.115,-151.389,16.787,-3.087,-13.714,-185.618,-166.763,27.847,0,0
5.988,18.412,0,55.248,425.115,-274.956,5,15,10,1,0,7.437,-7.523,-15.402,-151.038,29.435,38.122,9.194,3.161,-10.5,-105.496,-178.046,0.443,6.328,5.61,-26.872,-279.389,-58.534,-331.237,13.084,1.95,-15.896,-160,-143.679,32.702,0,0
5.999,16.186,0,59.416,416.76,-222.645,5,15,10,1,0,5.784,-4.34,-17.326,-109.053,14.748,37.771,13.242,-2.072,-8.062,-127.939,-161.298,6.183,6.253,1.227,-24.238,-277.496,495.496,-335.389,11.242,2.424,-21.035,-134.336,-141.908,18.84,0,0
5.973,14.281,0,63.507,409.104,-190.43,5,15,10,1,0,2.517,-7.516,-17.275,-45.16,15.893,35.542,12.71,-5.532,-8.744,-111.542,-149.634,18.824,7.25,2.103,-16.691,-101.099,480.84,-285.985,10.5,7.449,-18.09,-133.695,-132.382,3.71,0,0
5.908,12.685,0,67.264,375.699,-159.691,5,15,10,1,0,7.108,-6.979,-13.989,-38.763,14.351,29.893,11.75,-5.916,-10.672,-104.504,-144.748,28.107,5.976,4.397,-16.729,-56.397,228.534,-96.458,17.254,-2.117,-14.011,-113.176,-118.214,2.198,0,0
5.806,11.161,0,70.409,314.587,-152.355,5,15,10,1,0,8.433,-9.575,-14.794,-11.756,25.771,29.344,7.851,-7.724,-11.664,-78.305,-150.641,36.84,7.53,6.846,-20.487,-113.557,417.603,-116.916,11.654,-2.591,-12.217,-102.198,-69.313,5.725,0,0
5.666,9.656,0,72.877,246.792,-150.524,5,15,10,1,0,4.84,-4.323,-14.658,-19.405,16.336,24.672,9.594,-7.925,-10.148,-59.832,-152.916,37.145,9.293,3.868,-12.65,-51.542,375.74,-165.069,13.896,-5.578,-8.43,-71.847,-11.496,17.252,0,0
5.488,8.121,0,74.712,183.483,-153.477,5,15,10,1,0,10.706,-6.73,-12.924,-17.802,25.573,18.809,7.317,-4.44,-10.476,-44.015,-152.626,35.893,7.825,4.663,-13.901,-49.374,188.107,-22.519,12.816,-8.421,-10.313,-21.191,48.427,27.008,0,0
5.272,6.562,0,75.976,126.343,-155.926,5,15,10,1,0,5.722,-2.208,-13.891,-17.053,23.053,18.076,8.306,-2.383,-9.18,-37.405,-152.763,26.595,4.246,2.937,-20.506,-109.496,-312.443,-99.664,9.81,-7.314,-11.913,22.046,86.779,32.122,0,0
5.018,4.972,0,76.888,91.21,-158.959,5,15,10,1,0,7.662,-4.723,-13.316,-20.427,22.061,16.137,7.736,-1.976,-9.755,-39.267,-150.244,17.557,2.436,3.609,-14.887,-45.267,174.092,1.359,8.72,-3.042,-12.248,55.267,111.45,29.756,0,0
4.727,3.327,0,77.455,56.728,-164.486,5,15,10,1,0,5.224,-3.018,-13.707,-15.206,20.534,15.405,9.391,0.014,-8.332,-40.031,-148.336,15.725,2.682,-0.663,-15.235,-30.183,171.847,9.176,6.708,-0.726,-14.284,66.534,130.992,24.198,0,0
4.397,1.691,0,77.88,42.492,-163.617,5,15,10,1,0,9.458,-1.42,-12.938,-24.58,23.496,13.878,9.194,0.501,-11.178,-53.405,-151.038,9.832,2.918,-2.439,-30.628,-115.053,-267.725,260.397,7.266,-1.401,-16.629,66.763,151.771,17.756,0,0
4.03,0.006,0,78.169,28.942,-168.48,5,15,10,1,0,4.548,-3.748,-14.447,-7.924,23.42,18.718,8.886,-0.299,-10.49,-53.389,-153.817,4.672,1.473,2.65,-21.067,25.527,-319.511,220.824,9.468,4.414,-11.24,45.664,170.931,14.336,0,0
3.625,-1.631,0,78.097,-7.278,-163.742,5,15,10,1,0,7.31,-2.479,-10.967,-14.718,18.87,15.298,10.787,-0.22,-11.386,-55.924,-150.153,3.557,3.226,2.153,-15.287,5.863,-346.87,114.321,8.122,-5.477,-18.866,45.786,195.374,19.282,0,0
3.181,-3.315,0,78.056,-4.028,-168.4,5,15,10,1,0,5.571,-5.578,-12.993,-5.573,26.015,19.45,7.654,-0.12,-11.463,-42.763,-153.573,0.779,1.849,7.208,-34.038,242.443,-380.336,105.282,4.814,-1.677,-14.547,41.74,203.344,28.504,0,0
2.7,-4.942,0,77.785,-27.18,-162.644,5,15,10,1,0,7.528,-4.677,-9.867,-5.985,18.168,16.58,11.637,-1.835,-9.645,-36.504,-148.076,-0.55,0.022,6.65,-22.571,57.344,307.053,8.977,5.233,0.819,-13.235,6.611,229.618,27.328,0,0
2.182,-6.527,0,77.056,-72.83,-158.512,5,15,10,1,0,5.834,-4.052,-12.107,-13.618,17.634,18.321,11.783,-1.102,-11.304,-27.695,-142,-2.565,-0.278,4.032,9.312,140.244,317.053,-62.534,8.232,1.665,-12.576,-13.893,259.008,30.092,0,0
1.625,-7.963,0,75.869,-118.675,-143.612,5,15,10,1,0,4.747,-3.056,-11.321,-14.412,9.328,18.641,13.046,-0.026,-11.498,-24.29,-129.42,-2.672,-0.125,4.075,-33.846,49.588,120.672,5.618,6.447,-1.562,-15.565,-15.374,275.206,36.977,0,0
1.03,-9.117,0,74.368,-150.135,-115.368,5,15,10,1,0,4.012,-4.761,-10.143,-16.794,-2.458,14.351,15.719,-0.877,-8.555,-24.565,-106.855,-0.427,-0.79,6.171,-21.033,-16.061,465.099,5.618,7.81,-1.602,-15.798,-12.824,288.382,47.221,0,0
0.398,-9.826,0,72.599,-176.903,-70.988,5,15,10,1,0,3.137,-3.684,-11.18,-19.038,-16.031,11.863,18.178,-0.958,-8.327,-29.71,-80.168,3.45,-2.761,4.311,-16.89,-25.16,189.313,-345.893,6.495,-3.303,-17.682,-10.214,297.374,50.336,0,0
0,-9.933,0,70.585,-201.394,-10.62,5,15,10,1,0,3.07,-6.965,-8.224,-16.824,-37.221,4.412,20.173,-1.042,-4.994,-38.855,-43.206,8.977,-3.799,6.728,-16.643,-42.748,176.611,6.26,7.815,0.457,-14.935,-11.71,306.656,56.321,0,0
0,-9.735,0,68.34,-224.488,19.787,5,15,10,1,0,9.365,-10.96,-5.736,12.427,-28.076,4.183,9.647,-5.075,-6.596,-33.893,-37.267,13.603,-4.589,6.837,-25.593,-87.664,146.931,14.718,3.88,-2.912,-19.23,-0.824,309.893,58.137,0,0
0,-9.559,0,65.876,-246.46,17.532,5,15,10,1,0,6.567,-3.995,-7.923,9.435,-38.885,2.351,7.334,-5.741,-4.833,-5.74,-46.275,16.031,-5.116,6.543,-18.078,-59.969,123.023,21.038,5.331,-1.384,-19.958,-6.58,317.985,60.412,0,0
0,-9.64,0,63.324,-255.192,-8.034,5,15,10,1,0,8.476,-5.063,-9.415,0.519,-42,-1.328,6.673,-3.734,-5.307,11.847,-65.45,11.237,-3.547,6.385,-17.036,-61.878,61.573,11.771,9.053,3.65,-16.806,-6.656,310.137,62.916,0,0
0,-9.611,0,60.687,-263.695,2.872,5,15,10,1,0,6.917,-5.228,-9.274,-5.389,-54.55,-5.008,8.936,-2.544,-7.049,18.107,-70.992,9.16,-1.973,6.673,-15.077,-87.527,45.924,25.405,8.653,1.497,-22.008,-3.45,303.221,60.214,0,0
0,-9.629,0,58.042,-264.428,-1.808,5,15,10,1,0,5.027,-5.477,-10.6,-1.557,-64.244,-5.756,13.177,-1.454,-7.314,17.115,-68.427,10.885,-2.048,3.815,-15.46,-100.427,79.145,54.84,8.754,-1.612,-24.276,-11.817,300.397,54.885,0,0
0,-9.625,0,55.399,-264.382,0.401,5,15,10,1,0,6.378,-4.898,-11.479,5.969,-65.893,-5.221,12.181,-0.678,-9.293,9.359,-64.855,15.313,-3.415,4.451,-19.266,-193.405,156.336,181.008,4.606,1.401,-22.805,-16.122,284.198,50.84,0,0
0,-9.614,0,52.802,-259.621,1.122,5,15,10,0,0,7.101,-6.838,-8.445,8.977,-73.908,-5.725,11.522,-1.004,-8.917,3.847,-56.046,21.786,-3.928,2.732,-17.527,-145.649,71.542,39.267,9.451,1.494,-23.517,-17.038,271.863,46.824,0,0
0,-9.515,0,50.278,-252.4,9.853,5,15,10,0,0,7.147,-2.323,-12.787,0.809,-70.916,-1.893,11.235,0.254,-10.476,-0.305,-59.374,20.198,-2.316,2.984,-9.647,-84.763,106.87,115.176,4.962,2.558,-22.992,-8.412,240.87,44.687,0,0
0,-9.178,0,47.899,-237.957,33.714,5,15,10,0,0,7.999,-3.957,-10.399,-17.771,-86.748,-4,10.428,0.754,-11.556,-16.458,-44.794,23.435,-2.433,4.852,-4.292,-15.878,43.42,131.237,5.825,1.542,-24.381,7.511,213.038,41.328,0,0
0,-8.673,0,45.731,-216.832,50.526,5,15,10,0,0,7.197,-6.098,-12.955,-9.313,-91.786,-4.366,10.085,0.465,-10.916,-26.214,-38,27.359,-2.014,2.613,-5.137,7.13,-5.099,60.458,4.951,5.676,-20.188,18.321,171.069,36.351,0,0
0,-8.084,0,43.87,-186.058,58.903,5,15,10,0,0,6.028,-2.723,-13.237,-4.763,-92.87,-1.695,12.234,-0.156,-11.259,-38.198,-32.458,28.595,-1.88,2.544,-5.815,38.076,-18.305,29.084,5.71,2.05,-24.97,42.763,140.962,28.244,0,0
0,-7.421,0,42.303,-156.681,66.342,5,15,10,0,0,8.739,-2.8,-12.016,-12.214,-97.527,-7.099,11.685,-1.327,-10.871,-41.511,-31.786,30.305,-1.875,3.145,-5.949,43.466,-30.336,24.046,2.4,4.783,-23.675,54.58,100.351,18.824,0,0
0,-6.681,0,40.988,-131.493,73.975,5,15,10,0,0,9.513,-3.351,-12.859,-18.458,-97.71,-12.534,11.939,-2.239,-10.986,-44.458,-29.267,28.26,1.717,3.257,0.771,188.321,-179.237,397.924,10.653,-0.232,-25.121,68.901,70.168,14.107,0,0
0,-5.934,0,39.984,-100.399,74.673,5,15,10,0,0,9.935,-4.464,-13.113,-17.267,-97.191,-15.435,11.697,-2.134,-11.987,-45.069,-29.298,24.092,0.845,4.84,-7.659,46.626,-52.977,29.893,9.321,2.409,-24.961,78.168,32.748,9.344,0,0
0,-5.242,0,39.307,-67.749,69.191,5,15,10,0,0,10.294,-3.056,-13.683,-18.58,-92.962,-15.282,10.449,-1.53,-12.691,-49.893,-31.13,19.542,0.299,4.594,-5.128,23.16,-213.496,-409.527,3.319,7.329,-28.465,79.725,-22.962,-1.115,0,0
0,-4.557,0,39.153,-15.335,68.55,5,15,10,0,0,10.682,-3.676,-13.597,-24.504,-95.206,-16.519,11.611,0.046,-11.527,-56.87,-28.931,16.672,2.165,6.194,2.05,48.595,-120.061,15.328,1.535,7.633,-30.101,73.511,-92.779,-6.336,0,0
0,-3.846,0,39.534,38.097,71.034,5,15,10,0,0,10.509,-3.087,-12.528,-33.16,-95.099,-18.046,10.631,-0.381,-11.223,-69.74,-29.969,15.344,-0.304,7.142,-7.774,11.282,-137.298,-25.252,5.293,5.532,-27.018,38.366,-140.977,-11.389,0,0
0,-3.253,0,40.285,75.085,59.303,5,15,10,0,0,8.809,-2.112,-12.811,-43.985,-93.893,-19.802,13.118,0.711,-10.706,-80.656,-31.969,14.244,0.105,3.919,-14.169,8.779,-317.145,-120.427,10.701,5.973,-10.205,-0.962,-151.802,-8.382,0,0
0,-2.653,0,41.12,83.462,60.024,5,15,10,0,0,9.776,-0.072,-12.095,-60.305,-93.542,-24.015,12.749,1.473,-10.277,-91.924,-32.443,12.076,4.934,6.985,-24.788,-27.557,-343.649,-186.382,19.455,5.719,2.802,-39.099,-101.084,2.779,0,0
0,-2.129,0,41.728,60.78,52.448,5,15,10,0,1,9.903,-2.201,-10.718,-73.221,-91.832,-27.206,13.532,-1.492,-9.633,-100,-31.954,3.481,2.179,6.99,-28.261,-93.298,-302.183,-255.878,22.633,2.321,7.542,-62.702,-56.046,6.718,0,1
0,-1.62,0,41.783,5.55,50.835,5,5,10,0,1,11.398,-1.782,-10.375,-86.336,-94.412,-30.366,16.461,-0.869,-7.638,-99.771,-27.084,-1.924,9.444,7.574,-13.637,-176.382,-122.855,-121.008,12.169,-5.518,-4.33,-65.725,-41.389,2.183,0,0
0,-1.085,0.662,41.786,0.286,53.524,5,5,10,0,1,10.648,-3.995,-10.267,-89.145,-96.122,-31.267,14.756,-1.494,-7.542,-94.473,-25.435,-8.397,5.82,2.019,-8.615,-116.733,-49.313,-74.015,7.501,-4.244,-13.889,-35.74,-67.084,-0.931,0,0
0,-0.455,1.286,41.867,8.102,62.977,5,5,10,0,1,10.744,-4.857,-8.83,-89.298,-102.901,-33.588,15.901,-1.171,-7.695,-87.511,-18.229,-11.328,2.472,-1.54,-6.44,-115.496,-116.412,-252.397,9.484,1.427,-20.042,-53.053,-80.931,-12.015,0,0
0,0.35,1.871,42.226,35.9,80.521,5,5,10,0,1,9.199,-4.505,-7.887,-88.458,-113.74,-33.542,18.516,-0.788,-5.664,-80.351,-6.656,-13.206,-1.559,2.625,-2.031,-188.29,-257.42,-233.405,7.123,-0.438,-19.124,-36.809,-106.305,-18.29,0,0
0,1.435,2.417,42.845,61.867,108.467,15,5,10,0,1,8.217,-4.074,-9.549,-81.115,-120.733,-35.908,18.952,-0.987,-6.055,-71.496,14.977,-13.298,-0.041,1.38,-8.435,-48.229,-152.382,-121.221,7.671,5.331,-13.819,-49.817,-106.351,-16.412,0,0
0,2.855,2.925,43.318,47.287,142.033,15,5,10,0,1,10.382,-5.971,-8.629,-59.664,-124.107,-36.443,16.633,-2.445,-6.55,-62.519,32.733,-11.481,1.7,4.594,-11.704,-8.229,-359.344,-491.847,19.328,7.278,-8.004,-77.298,-74.336,-12.107,0,0
0,4.588,3.394,43.2,-11.742,173.264,15,5,10,0,1,11.11,-4.515,-7.712,-41.435,-132.504,-36.122,15.963,-1.03,-6.845,-46.962,54.595,-8.183,5.813,3.217,-11.98,0.733,-121.664,-104.427,9.427,-9.796,-18.839,-39.832,-60.489,-10.489,0,0
0,6.631,3.824,42.735,-46.497,204.3,15,5,10,0,1,13.917,-3.578,-7.463,-21.267,-136.412,-36.794,13.474,1.375,-6.814,-35.359,72.565,-7.145,2.697,1.705,-16.897,-3.405,-498.519,-130.015,13.333,-5.195,-15.455,-19.863,-39.038,-12.733,0,0
0,9.121,4.215,41.776,-95.959,249.047,15,5,10,0,1,9.762,-5.858,-8.874,-15.42,-153.176,-34.702,14.952,0.201,-5.624,-23.298,101.313,-13.282,3.487,1.865,-22.815,-12.443,444.321,-77.313,8.445,-5.305,-17.017,1.695,-29.695,-23.374,0,0
0,11.878,4.567,40.486,-128.929,275.734,15,5,10,0,1,11.259,-7.968,-8.67,-4.336,-167.802,-32.748,18.02,4.601,-2.797,-26.794,127.527,-9.511,3.866,4.648,-21.804,7.588,390.947,-237.191,20.906,1.459,-9.285,14.534,-0.55,-17.405,0,0
0,15.083,4.881,38.597,-188.942,320.481,15,5,10,0,1,9.882,-3.717,-13.273,-8.046,-172.748,-25.924,16.483,-0.709,-4.907,-27.847,157.13,-18.595,3.051,3.149,-16.576,3.344,-336.626,-21.618,16.887,-4.737,-12.339,37.374,27.618,-14,0,0
0,18.646,5.156,36.179,-241.745,356.255,15,5,10,0,1,12.191,-4.153,-16.214,-12.565,-181.573,-22.489,18.025,-4.237,-7.125,-28.412,183.634,-15.588,-0.292,7.399,-42.536,179.267,-449.221,8.061,12.852,-6.16,-12.876,51.725,53.649,-12.824,0,0
0,22.686,5.393,33.261,-291.825,404.012,15,5,10,0,1,9.214,-2.23,-20.159,-0.427,-198.443,-24.901,15.747,-5.906,-9.978,-22.702,207.313,-9.832,-1.267,1.473,-18.997,32.412,-185.374,8.748,12.071,0.069,-10.169,77.023,58.626,-7.084,0,0
0,27.113,5.59,30.119,-314.21,442.658,15,5,10,0,1,10.437,-5.013,-19.965,9.908,-217.023,-34.565,12.95,-5.425,-10.205,-4.947,224.443,2.061,-2.673,8.526,-14.43,26.611,-381.557,22.656,9.206,-4.182,-9.535,116.489,38.947,-21.756,0,0
0,31.884,5.749,26.845,-327.37,477.174,15,5,10,0,1,8.806,-12.77,-15.623,48.84,-224.87,-41.969,16.413,-7.075,-10.785,16.26,236.458,21.008,-0.79,3.549,-15.223,36.992,-404.641,11.908,7.801,-1.799,-16.027,129.588,30.321,-24.397,0,0
0,36.766,5.869,23.699,-314.622,488.183,15,5,10,0,1,11.276,-7.36,-17.761,66.855,-225.237,-39.359,11.139,-4.414,-12.361,55.45,236.229,42.015,5.976,2.526,-16.2,82.656,443.115,285.802,7.092,-2.33,-15.896,143.084,12.748,-18.336,0,0
0,41.751,5.95,21.103,-259.655,498.448,15,5,10,0,1,14.634,-8.148,-24.317,84.901,-219.099,-37.084,11.374,-2.558,-14.389,50.427,243.115,56.916,6.28,3.044,-13.029,51.679,-337.954,22.809,8.665,5.03,-14.813,111.786,1.389,-14.931,0,0
0,46.662,5.993,19.169,-193.348,491.09,15,5,10,0,1,6.694,-15.824,-28.244,123.481,-236.29,-38.779,12.116,-9.805,-16.169,73.313,242.489,99.267,8.493,6.669,-17.512,112.412,-308.031,142.534,8.914,9.664,-12.171,57.679,1.053,-19.435,0,0
0,51.507,5.997,17.777,-139.172,484.509,15,5,10,0,1,13.295,-9.111,-17.627,164.275,-202.84,-34.84,19.448,-3.573,-10.849,73.038,231.847,105.374,7.999,7.783,-22.274,461.893,13.664,-287.756,10.44,5.729,-10.454,24.137,-1.13,-19.573,0,0
0,55.97,5.962,16.716,-106.167,446.378,15,5,10,0,1,5.053,-5.559,-18.348,173.069,-184.84,-35.969,33.676,-2.977,-8.663,82.366,246.901,92.321,2.474,3.057,-24.755,115.466,-253.328,-35.359,11.041,5.293,-9.63,-7.221,15.679,-21.389,0,0
0,59.768,5.888,15.518,-119.751,379.773,15,5,10,0,1,8.897,-2.606,-16.121,182.794,-127.527,-35.466,26.726,-3.25,-11.079,83.771,242.58,106.565,3.643,8.748,-17.934,76.321,495.13,-90.504,10.603,-0.551,-9.331,-1.557,17.725,-17.45,0,0
0,62.929,5.776,14.204,-131.459,316.052,15,5,10,0,1,11.573,3.202,-16.758,161.71,-75.664,-32.672,17.481,-2.975,-13.189,95.145,231.466,92.565,0.738,9.036,-16.356,32.992,-270.153,-36.244,13.379,0.642,-8.227,18.321,31.374,-8.351,0,0
0,65.58,5.625,12.64,-156.372,265.103,15,5,10,0,1,7.884,2.098,-14.487,136.397,-40.183,-30.687,12.768,-1.071,-12.08,97.557,217.237,81.664,2.158,7.847,-16.454,46.458,433.45,-125.435,10.804,0.263,-9.082,44.702,29.969,-7.557,0,0
0,67.847,5.435,10.933,-170.643,226.742,15,5,10,0,1,6.629,2.632,-15.369,100.718,-14.656,-26.305,13.261,0.889,-10.169,93.099,211.527,59.13,2.876,4.563,-12.102,23.802,436.137,-100.519,8.792,-1.914,-10.758,69.359,26.885,-3.496,0,0
0,69.857,5.207,9.296,-163.754,201.004,15,5,10,0,1,4.148,1.909,-16.478,71.634,11.588,-16.534,12.387,1.298,-11.36,83.771,204.748,38.977,5.92,2.615,-11.156,41.557,-134.473,-9.756,7.032,-1.138,-11.319,94.84,17.954,1.527,0,0
0,71.604,4.939,7.894,-140.19,174.706,15,5,10,0,1,5.231,1.106,-17.019,38.046,36.107,-6.29,12.677,2.824,-11.07,69.359,201.313,19.969,5.087,2.62,-11.908,57.374,-125.542,-6.122,6.457,2.021,-10.852,84.26,11.939,-0.855,0,0
0,73.142,4.633,6.762,-113.228,153.775,15,5,10,0,1,3.188,1.918,-18.485,6.351,59.176,1.618,13.043,0.872,-10.449,52.244,201.573,2.214,3.799,4.246,-12.713,66.824,-435.802,-42.931,9.408,2.807,-9.036,64.779,8.046,-1.496,0,0
0,74.417,4.288,5.858,-90.409,127.487,15,5,10,0,1,2.431,2.34,-19.433,-21.527,78.733,3.756,13.642,-0.017,-10.737,41.206,199.649,-10.641,4.622,8.865,-20.549,-292.183,432.107,-202.26,9.58,4.388,-8.016,37.374,1.664,-4.992,0,0
0,75.428,3.905,5.041,-81.654,101.086,15,5,10,0,1,2.603,0.75,-18.432,-35.908,100.718,6.061,12.33,-0.814,-10.715,35.634,192.748,-18.427,3.954,5.989,-15.769,173.969,-365.939,-37.13,11.314,1.748,-9.767,19.511,5.908,-8.397,0,0
0,76.134,3.483,4.407,-63.378,70.622,15,5,10,0,1,3.88,0.656,-17.29,-45.267,125.634,9.115,10.622,-1.296,-11.716,35.679,183.359,-24.366,4.136,8.299,-12.04,67.527,-313.298,-7.206,10.639,2.52,-7.089,16.214,-3.817,-6.748,0,0
0,76.552,3.022,3.913,-49.439,41.782,15,5,10,0,1,3.513,3.71,-18.195,-58.565,144.55,9.756,9.597,-1.214,-11.166,35.847,171.725,-31.206,3.664,5.93,-13.422,72.26,-146.031,-16.489,9.87,3.226,-7.681,12.153,-5.573,-7.359,0,0
0,76.628,2.522,3.518,-39.517,7.656,15,5,10,0,1,1.964,-0.022,-16.645,-59.252,168.275,12.168,8.536,0.223,-11.601,35.847,160.046,-36.626,4.158,14.546,-20.607,445.527,-122.382,31.023,6.119,2.663,-7.595,12.733,-15.435,-7.298,0,0
0,76.471,1.983,3.261,-25.692,-15.77,15,5,10,0,1,2.282,0.474,-16.835,-62.336,186.748,6,6.931,5.909,-14.899,21.557,149.252,-34.626,7.86,8.496,-11.343,388.137,-465.847,-17.221,8.306,4.294,-7.992,14.198,-24.214,-4.076,0,0
0,76.291,1.406,3.177,-8.366,-17.933,15,5,10,0,1,2.972,-3.799,-14.102,-45.74,206.656,7.008,4.127,1.667,-14.598,17.725,156.321,-36.458,2.668,19.65,-18.49,77.237,-120.992,-8.611,9.094,3.341,-8.49,4.107,-20.55,-3.588,0,0
0,75.754,0.79,3.151,-2.586,-53.764,15,5,10,0,1,2.486,-2.979,-16.095,-23.756,222.122,5.954,7.278,-1.763,-13.968,22.458,146.87,-30.397,4.222,8.647,-17.326,47.924,-120.321,-56.55,7.916,1.926,-9.434,2.137,-33.893,-4.305,0,0
0,74.94,0.136,3.414,26.31,-81.333,15,5,10,0,1,-0.342,-3.169,-18.303,3.466,238.427,-0.916,7.446,-2.812,-11.822,28.275,138.26,-17.267,4.766,9.309,-13.139,22.916,-118.244,-22.473,13.019,6.237,-3.554,-11.252,-45.924,-2.397,0,0
0,73.849,0,3.668,25.314,-109.108,15,5,10,0,1,1.712,-3.353,-19.524,25.008,252.565,-10.076,5.635,-1.847,-12.521,41.374,124.427,-6.595,0.589,11.248,-22.01,-7.832,-101.511,-109.802,10.924,4.282,-7.602,-34.214,-34.229,-5.863,0,0
0,72.56,0,3.613,-5.505,-128.952,15,5,10,0,1,2.273,-2.421,-20.873,46.382,263.282,-16.076,5.377,-2.354,-12.085,54.137,112.489,-3.985,2.314,6.498,-13.575,-26.061,-60.534,-10.565,6.273,-1.528,-12.485,-30.702,-36.458,-5.496,0,0
0,71.113,0,3.587,-2.575,-144.665,15,5,10,0,1,2.134,-4.055,-18.65,62.824,268.626,-22.962,4.713,-2.067,-12.423,62.046,101.252,3.847,0.225,12.556,-19.543,-55.832,-123.802,-25.588,8.761,-1.178,-8.646,-15.618,-49.237,-3.221,0,0
0,69.432,0,3.587,-0,-168.103,15,5,10,0,1,1.341,-1.993,-18.59,65.924,275.939,-29.908,4.321,-4.261,-11.343,77.618,86.412,5.313,2.376,5.236,-13.362,-24.687,-54.641,-12.824,9.13,0.637,-8.699,-1.756,-49.74,-0.901,0,0
0,67.605,0,3.587,-0,-182.705,15,5,10,0,1,0.596,-1.722,-17.836,53.603,275.099,-38.046,3.578,-2.726,-12.286,90.916,69.985,9.038,2.311,5.147,-13.496,-24.214,-54.595,-6.229,9.987,0.546,-8.433,2.504,-48.473,0.305,0,0
0,65.624,0,3.587,-0,-198.132,15,5,10,0,1,2.282,-2.783,-17.845,45.695,279.71,-41.344,3.458,-2.431,-11.748,106.855,56.397,1.588,3.257,4.275,-12.823,-3.191,-51.023,-3.863,10.033,0.728,-8.838,5.603,-48.351,1.618,0,0
0,63.537,0,3.587,-0,-208.683,15,5,10,0,1,4.574,-3.339,-18.597,37.664,281.145,-42.84,3.672,-2.33,-11.913,117.405,44.977,-6.107,2.965,4.6,-17.148,5.664,-204.107,-29.069,10.076,0.656,-9.393,6.183,-49.924,2,0,0
0,61.358,0,3.587,-0,-217.896,15,5,10,0,1,4.512,-1.049,-21.929,33.313,283.588,-41.985,3.437,-0.81,-12.203,123.542,34.198,-16.931,2.874,4.778,-14.052,0.931,-116.107,-14.718,10.095,0.639,-9.987,6.718,-51.679,0.916,0,0
0,59.062,0,3.587,-0,-229.626,15,5,10,0,1,3.578,-4.28,-22.233,32.183,275.771,-43.42,4.773,0.611,-10.27,120.824,29.16,-24.565,2.838,4.907,-14.452,19.313,-55.496,-5.191,9.963,0.405,-9.729,9.389,-53.603,-0.137,0,0
0,56.714,0,3.587,-0,-234.776,15,5,10,0,0,2.92,-4.203,-23.205,28.885,266.855,-41.725,6.479,1.566,-7.741,111.023,21.954,-30.626,3.121,4.934,-14.188,15.191,-224.504,-59.481,10.073,0.366,-9.472,11.893,-54.962,1.008,0,0
0,54.286,0,3.587,-0,-242.821,15,5,10,0,0,5.408,-3.205,-23.028,23.267,261.802,-36.092,5.698,2.548,-8.021,95.695,11.847,-36.656,3.351,5.147,-14.289,25.511,-249.664,-40.427,10.32,0.429,-9.52,13.466,-55.405,0.473,0,0
0,51.88,0,3.587,-0,-240.555,15,5,10,0,0,4.859,-3.152,-23.375,6.84,241.481,-30.214,4.455,2.9,-7.415,69.679,0.076,-41.45,4.151,6.316,-14.131,31.557,-134.489,-52.885,9.858,0.165,-9.683,16.29,-60.794,1.771,0,0
0,49.5,0,3.587,-0,-238.015,15,5,10,0,0,4.119,-3.633,-25.368,-2.824,223.893,-21.496,5.027,3.777,-5.35,50.473,-13.649,-43.053,3.624,5.382,-12.955,21.908,-137.573,-28.824,10.308,0.829,-8.78,17.42,-61.023,0.947,0,0
0,47.251,0,3.587,-0,-224.911,15,5,10,0,0,5.506,-5.425,-24.096,-16.87,199.908,-12.26,5.125,3.346,-5.3,34.031,-22.611,-41.542,3.53,4.456,-16.248,75.466,-140.29,-43.786,10.402,0.244,-8.83,21.267,-65.252,-1.023,0,0
0,45.141,0,3.591,0.423,-210.926,15,5,10,0,0,1.83,-4.266,-26.506,-34.336,169.756,-4.321,5.844,3.015,-2.601,14.611,-32.397,-36.977,4.318,5.851,-12.933,40.351,-132.779,-59.237,11.235,0.85,-8.071,30.779,-67.267,3.206,0,0
0,43.274,0,3.62,2.861,-186.779,15,5,10,0,0,3.094,-6.404,-24.707,-42.55,140.26,4.534,5.992,3.992,-2.462,-4.168,-39.115,-30.794,4.462,5.87,-13.632,42.992,-61.679,-8.504,11.901,1.286,-8.761,27.374,-66.901,6.198,0,0
0,41.585,0,3.646,2.586,-168.846,15,5,10,0,0,1.99,-6.402,-25.411,-47.802,108.427,14.443,5.403,3.856,-5.271,-23.405,-49.389,-21.664,4.555,5.916,-14.432,46.611,-145.145,-3.176,11.194,0.757,-10.677,30.336,-71.145,7.084,0,0
0,40.132,0,3.818,17.212,-145.363,15,5,10,0,0,1.358,-6.222,-24.882,-54.076,77.573,25.71,6.15,2.127,-4.055,-28.824,-59.649,-12.916,4.632,11.785,-19.055,92.748,-220.595,-6.351,6.05,-0.484,-12.9,41.023,-96.153,8.244,0,0
0,38.854,0,4.283,46.532,-127.751,15,5,10,0,0,0.223,-5.82,-24.487,-62.733,44.779,35.893,5.247,3.046,-4.342,-35.802,-69.802,-5.176,7.053,7.276,-14.408,55.328,324.336,12.275,10.399,3.308,-7.489,33.954,-91.71,7.969,0,0
0,37.821,0,4.909,62.565,-103.329,15,5,10,0,0,7.492,-5.997,-19.764,-63.969,28.29,31.832,9.829,1.128,-2.821,-52.779,-66.015,-1.344,7.113,7.499,-13.302,57.176,-86.962,-480.366,12.54,1.645,-8.818,27.13,-98.626,11.435,0,0
0,36.942,0,5.598,68.928,-87.879,15,5,10,0,0,3.949,-2.445,-27.133,-72.137,-3.649,24.092,11.989,-2.548,-2.785,-44.977,-68.214,5.099,5.868,6.71,-26.019,446.519,-385.466,23.45,12.883,0.953,-9.288,21.725,-93.557,14.687,0,0
0,36.297,0,6.308,71.022,-64.453,15,5,10,0,0,1.42,-4.184,-29.825,-51.893,-32.702,12.702,10.308,-5.523,-4.069,-41.053,-71.908,16.305,6.246,6.081,-12.744,53.16,-21.481,2.855,12.263,-0.433,-10.191,28.962,-100.382,15.908,0,0
0,35.972,0,7.088,77.969,-32.559,15,5,10,1,0,3.48,-1.597,-25.16,-27.527,-83.481,-8.26,10.823,-4.263,-5.204,-9.16,-85.924,33.893,5.288,7.11,-16.65,98.733,-105.527,0,13.517,-0.381,-9.257,29.053,-96.412,18.26,1,0
0,35.979,0,7.849,76.149,0.732,5,5,10,1,0,9.549,-3.691,-8.615,-12.718,-86.702,-18.977,10.323,-4.175,-6.1,11.618,-82.366,37.069,6.596,6.138,-12.976,47.603,-21.771,8.824,14.485,-0.577,-8.931,35.252,-103.237,22.443,0,0
0.662,35.994,0,8.64,79.102,1.431,5,5,10,1,0,12.016,-7.008,-5.59,14.137,-62.26,-14.87,14.801,-4.119,-6.895,33.679,-70.198,36.214,5.152,6.222,-14.902,43.725,-23.267,11.374,15.486,1.882,-7.027,25.786,-100.015,24.275,0,0
1.286,36.027,0,9.384,74.352,3.307,5,15,10,1,0,12.792,-5.762,-6.184,26.977,-57.069,-0.672,14.667,-1.528,-5.492,62.656,-50.916,46.351,8.545,6.447,-12.351,37.053,-15.13,14.672,15.628,-0.117,-8.196,26.137,-113.282,24.534,0,0
1.871,36.381,0,10.19,80.612,35.477,5,15,10,1,0,9.537,-3.758,-11.834,18.718,-67.847,0.504,9.86,-2.678,-4.905,83.115,-32.351,64.809,8.277,13.741,-17.618,230.702,-163.664,-407.939,16.205,-1.001,-5.676,21.664,-109.45,26.107,0,0
2.417,36.971,0,11.087,89.733,58.994,5,15,10,1,0,2.086,-6.299,-18.626,41.328,-87.099,6.229,6.076,-0.175,-5.413,91.817,-36.733,76.84,2.472,8.756,-8.316,143.145,120.427,331.481,14.555,-0.017,-5.681,25.237,-125.466,26,0,0
2.925,37.58,0,12.218,113.079,60.825,5,15,10,1,0,6.328,-4.385,-21.067,78.076,-93.16,-0.504,3.959,-2.745,-6.811,86.366,-54.794,77.13,2.534,12.272,-5.643,45.191,182.718,156.336,12.301,1.847,-6.61,18.153,-134.275,23.099,0,0
3.394,37.876,0,13.676,145.798,29.675,5,15,10,1,0,7.173,-1.475,-19.531,91.374,-81.099,-2.947,4.881,-4.311,-11.137,79.817,-75.038,68.382,8.591,6.922,-6.989,-44.458,334.901,212.763,15.874,3.281,-3.049,-9.802,-140.763,18.092,0,0
3.824,37.708,0,15.317,164.063,-16.88,5,15,10,1,0,5.877,5.298,-22.46,76.305,-64.489,-10.641,13.091,-0.093,-8.914,75.939,-89.176,47.832,10.485,14.298,-3.616,-47.939,118.29,33.344,15.908,0.807,-3.454,-26.611,-146.931,13.817,0,0
4.215,37.283,0,17.224,190.773,-42.446,5,15,10,1,0,12.246,-2.805,-13.34,59.359,-52.595,-3.344,13.201,6.586,-10.109,52.214,-96.611,37.695,0.398,12.689,-4.675,-71.878,167.023,12.763,17.065,0.271,-2.852,-26.366,-152.855,14.947,0,0
4.567,36.488,0,19.583,235.863,-79.468,5,15,10,1,0,10.387,-0.208,-15.639,35.42,-32.565,16.58,12.327,3.257,-10.143,18.672,-111.13,28.382,11.115,8.031,-4.998,-60.122,226.595,22.412,13.594,4.838,-1.581,-31.252,-161.435,17.74,0,0
4.881,35.243,0,22.267,268.422,-124.558,5,15,10,1,0,6.936,2.041,-17.412,-4.366,-11.695,27.344,13.8,1.411,-12.15,4.26,-138.153,22.107,10.871,9.139,-6.431,-44.718,137.985,10.565,18.54,5.288,-2.34,-43.954,-153.466,15.71,0,0
5.156,33.543,0,25.197,293.015,-169.934,5,15,10,1,0,6.366,1.641,-16.928,-46.595,4.244,32.626,11.314,0.182,-11.683,-9.16,-153.771,19.45,8.45,7.551,-8.016,-53.496,161.496,8.779,16.176,2.56,-7.408,-57.802,-147.435,14.076,0,0
5.393,31.372,0,28.339,314.141,-217.129,5,15,10,1,0,9.475,4.275,-18.7,-82.855,28.718,32.87,12.049,1.621,-12.047,-41.603,-168.916,12.504,8.172,9.64,-9.218,-63.176,364.183,19.176,15.22,2.361,-11.616,-64.55,-161.45,17.527,0,0
5.59,28.732,0,31.811,347.214,-264.016,5,15,10,1,0,4.649,0.448,-13.937,-97.878,52.122,37.145,8.694,3.382,-12.691,-47.954,-186.565,13.176,7.571,8.974,-11.97,-80.061,199.267,1.954,13.271,3.54,-16.921,-77.008,-180.855,19.893,0,0
5.749,25.684,0,35.656,384.545,-304.768,5,15,10,1,0,10.114,0.424,-9.223,-146.412,48.962,44.275,9.81,6.205,-10.459,-59.084,-199.695,8.87,7.365,8.13,-19.476,-202.229,423.832,-23.359,13.822,4.22,-17.749,-106.55,-197.695,16.733,0,0
5.869,22.539,0,39.86,420.4,-314.507,5,15,10,1,0,1.614,4.953,-14.181,-178.947,32.076,43.252,9.662,2.642,-6.577,-76.29,-200.504,2.885,8.09,9.204,-16.509,-120.061,-428.351,-127.389,11.8,14.219,-11.889,-144.153,-211.359,10.229,0,0
5.95,19.635,0,44.233,437.234,-290.463,5,15,10,1,0,8.529,-0.005,-17.014,-170.885,29.099,36.611,10.73,4.895,-7.274,-95.466,-189.145,3.008,4.44,8.762,-29.713,-265.282,-67.618,-227.176,18.777,3.408,-11.786,-163.588,-192.824,13.069,0,0
5.993,17.167,0,48.635,440.221,-246.747,5,15,10,1,0,8.133,-4.175,-15.836,-130.061,19.878,37.328,11.661,6.797,-7.884,-113.847,-172.779,3.16,7.164,5.069,-28.865,-278.962,-12.534,-301.435,15.017,-0.821,-12.957,-168.366,-171.985,20.794,0,0
5.997,15.086,0,53.066,443.093,-208.077,5,15,10,1,0,9.144,-5.71,-13.946,-93.511,15.817,38.046,10.821,2.948,-10.768,-123.939,-155.374,10.412,8.038,2.281,-26.594,-271.634,-485.725,-172.427,11.17,1.209,-15.259,-145.771,-150.031,21.267,0,0
5.962,13.3,0,57.511,444.535,-178.666,5,15,10,1,0,3.355,-2.163,-15.663,-70.351,8.733,39.771,9.786,-1.439,-10.881,-133.71,-152.687,16.443,6.445,0.453,-18.02,-117.527,263.939,-88.656,13.649,5.406,-18.272,-130.595,-151.71,11.389,0,0
5.888,11.593,0,61.885,437.325,-170.712,5,15,10,1,0,8.598,-5.453,-13.194,-53.496,20.153,37.16,8.78,-5.015,-12.44,-119.679,-154.733,27.282,5.861,1.32,-17.043,-84.718,265.985,-101.13,10.193,1.7,-18.106,-141.924,-131.649,-1.481,0,0
5.776,9.857,0,65.997,411.244,-173.55,5,15,10,1,0,5.959,-1.655,-16.334,-51.008,18.229,36.977,7.583,-6.795,-11.288,-104.137,-165.481,28.809,9.288,1.114,-12.574,-64.305,-491.252,-276.702,9.396,-0.309,-13.939,-118.229,-118.931,-3.16,0,0
5.625,8.074,0,69.578,358.075,-178.322,5,15,10,1,0,13.153,-7.643,-12.943,-48.595,23.573,28.443,6.677,-6.143,-11.728,-78.687,-168.153,31.023,7.449,3.449,-13.757,-45.16,482.763,-112.794,14.923,-4.385,-12.227,-101.771,-59.45,-4.366,0,0
5.435,6.254,0,72.42,284.237,-181.996,5,15,10,1,0,5.813,-3.949,-15.216,-44.275,16.183,29.252,7.738,-5.801,-9.393,-62.366,-165.618,22.473,7.029,3.343,-14.907,-22.412,445.298,-94.779,11.087,-6.117,-11.211,-53.618,-10.168,1.649,0,0
5.207,4.46,0,74.591,217.129,-179.432,5,15,10,1,0,6.97,-6.534,-12.073,-44.779,19.389,22.901,7.616,-4.713,-10.478,-49.557,-158.809,17.359,6.689,4.812,-14.911,-12.458,412.382,-111.878,8.644,-7.554,-11.041,-3.71,35.481,10.489,0,0
4.939,2.661,0,76.074,148.293,-179.89,5,15,10,1,0,4.131,-1.542,-14.248,-45.527,14.168,21.099,10.552,-4.488,-7.796,-37.725,-152.26,9.053,5.008,4.656,-15.362,-20.489,189.298,-2.321,9.853,-5.81,-12.497,37.328,86.275,14.748,0,0
4.633,1.05,0,76.99,91.599,-161.087,5,15,10,1,0,10.871,-8.181,-11.144,-39.496,18.855,12.992,10.981,-2.874,-9.911,-38.046,-141.634,7.939,3.537,2.532,-16.394,-20.855,180.031,14.702,10.05,-1.554,-10.938,57.008,108.977,11.74,0,0
4.288,-0.452,0,77.492,50.171,-150.135,5,15,10,1,0,8.727,-6.093,-11.975,-15.908,15.176,13.771,12.988,-1.94,-9.733,-32.275,-131.573,9.985,2.151,1.217,-15.4,-14.626,174.015,49.649,5.983,-1.13,-16.166,84.931,137.649,6.305,0,0
3.905,-1.708,0,77.833,34.069,-125.622,5,15,10,1,0,7.293,-5.791,-11.769,-7.313,8.641,11.817,11.961,-1.899,-10.263,-39.634,-122.489,8.504,2.771,2.999,-14.71,-0.763,172.092,5.954,6.026,-1.209,-18.252,87.847,153.176,3.71,0,0
3.483,-2.817,0,77.968,13.573,-110.928,5,15,10,1,0,6.914,-6.392,-12.114,-5.298,8.626,11.878,9.472,-2.239,-10.327,-25.099,-118.656,7.985,2.52,2.819,-15.445,13.588,166.214,30.58,4.318,1.571,-15.659,60.458,174.366,1.252,0,0
3.022,-3.766,0,77.854,-11.41,-94.929,5,15,10,1,0,5.427,-2.249,-11.791,16.855,-3.832,12.214,11.151,-0.671,-10.102,-19.924,-111.542,5.939,2.51,2.441,-15.431,29.557,160.275,54.015,0.517,-6.562,-19.895,63.542,185.435,8.443,0,0
2.522,-4.564,0,77.8,-5.459,-79.788,5,15,10,1,0,8.071,-3.104,-12.751,18.947,-6.702,11.771,12.389,-0.766,-9.563,-17.863,-106.397,4.29,1.267,4.941,-16.423,39.069,159.969,10.809,6.802,2.802,-11.609,41.863,202.29,18.244,0,0
1.983,-5.253,0,77.488,-31.174,-68.871,5,15,10,1,0,6.725,-1.763,-12.986,23.267,-9.863,12.977,11.772,-1.011,-10.871,-12.153,-99.13,2.626,3.588,6.126,-15.213,33.893,153.527,6.916,5.798,1.818,-11.987,14.656,224.916,19.573,0,0
1.406,-5.813,0,76.77,-71.777,-56.042,5,15,10,1,0,8.011,-4.699,-10.32,20.046,-18.489,9.206,11.067,1.657,-10.936,-10.366,-88.947,4.153,0.321,5.901,-17.97,21.588,125.756,-1.221,7.645,-1.217,-15.235,-3.42,253.45,23.405,0,0
0.79,-6.106,0,75.712,-105.835,-29.263,5,15,10,1,0,3.427,-2.912,-12.277,11.649,-30.55,8.443,15.196,0.901,-8.943,-11.832,-69.588,2.641,-0.45,6.979,-16.732,6.229,263.588,-12.885,6.359,-1.332,-15.891,-3.237,265.374,35.298,0,0
0.136,-6.073,0,74.401,-131.115,3.296,5,15,10,1,0,6.031,-5.037,-9.844,12.489,-38,4.305,14.751,-0.994,-8.912,-16.595,-50.626,8.26,-0.608,7.228,-15.479,-9.038,118.977,-11.389,6.883,0.069,-16.37,-5.481,273.527,44.931,0,0
0,-5.806,0,72.848,-155.262,26.722,5,15,10,1,0,8.035,-5.947,-9.024,21.954,-36.885,4.336,10.538,-3.375,-8.771,-13.985,-44.305,11.74,-2.972,5.164,-17.096,-25.893,106.412,-3.573,6.275,-0.836,-17.62,-14.427,282.168,48.855,0,0
0,-5.634,0,71.068,-177.967,17.189,5,15,10,1,0,6.318,-5.743,-9.947,27.466,-37.282,4.122,6.313,-4.711,-8.447,2.87,-54.382,14.977,-2.146,6.062,-16.001,-40.489,388.931,-21.13,6.938,0.287,-17.647,-16.412,289.359,55.267,0,0
0,-5.571,0,69.058,-201.062,6.26,5,15,10,1,0,-2.122,0.024,-13.288,4.611,-52.977,3.649,10.282,-4.572,-6.653,20.885,-63.847,9.511,-3.051,4.454,17.417,-411.603,-326.351,21.496,5.204,-0.968,-18.267,-26.336,296.107,57.328,0,0
0,-5.626,0,66.821,-223.687,-5.505,5,15,10,1,0,7.037,-6.105,-9.245,-1.618,-45.511,-2.397,11.096,-2.692,-6.938,21.206,-68.229,11.603,-3.662,6.555,-16.65,-64.458,73.969,-6.58,5.2,1.42,-16.375,-23.527,293.374,60.977,0,0
0,-5.872,0,64.444,-237.671,-24.571,5,15,10,1,0,5.274,-2.747,-13.917,-0.916,-39.664,1.725,11.252,-1.049,-7.563,16.458,-75.664,9.45,-4.342,5.463,-16.542,-82.748,119.252,-10.198,3.997,-2.589,-19.8,-16.611,294.031,63.664,0,0
0,-6.142,0,61.972,-247.239,-27.031,5,15,10,1,0,1.938,-3.08,-13.163,-16.641,-50.504,-2.977,12.433,1.056,-6.778,7.756,-71.725,13.206,-4.426,6.137,-22.183,-201.069,97.252,4.55,5.111,-2.043,-20.401,-21.267,294.046,63.389,0,0
0,-6.348,0,59.474,-249.745,-20.519,5,15,10,0,0,2.532,-2.745,-13.85,-27.359,-54.198,-4.901,14.756,2.005,-6.668,-12.885,-64.489,15.985,-3.593,4.919,-15.429,-121.618,73.71,3.603,7.312,0.388,-19.244,-15.847,286.458,62.763,0,0
0,-6.472,0,56.991,-248.326,-12.486,5,15,10,0,0,8.636,-4.505,-11.384,-26.718,-45.282,-3.863,7.837,-0.347,-10.909,-34.107,-63.328,17.847,-1.667,0.598,-18.097,138.382,256.733,223.023,7.628,3.772,-18.305,-18.763,269.267,61.405,0,0
0,-6.524,0,54.501,-248.978,-5.127,5,15,10,0,0,5.722,-2.704,-12.035,-35.374,-53.649,-6.244,9.64,-0.486,-10.289,-41.221,-56.321,17.053,-1.724,1.504,-11.295,-104.031,53.649,6.779,5.554,1.83,-19.158,-22.565,255.252,58.427,0,0
0,-6.494,0,52.029,-247.204,2.964,5,15,10,0,0,6.692,-4.888,-13.031,-36.763,-52.183,-5.481,8.73,-1.847,-11.558,-42.977,-55.084,12.687,-2.294,1.794,-9.721,-74.809,32.214,28.702,5.729,-0.35,-21.876,-25.939,244.137,56.519,0,0
0,-6.494,0,49.613,-241.665,0,5,15,10,0,0,5.413,-4.675,-12.974,-33.573,-63.511,-7.542,10.042,-2.208,-10.337,-40.641,-50.687,14.137,-3.64,2.764,-7.942,-330.504,22.718,378.626,7.705,-1.494,-22.075,-21.511,223.969,53.618,0,0
0,-6.483,0,47.361,-225.209,1.099,5,15,10,0,0,6.519,-4.79,-13.46,-25.344,-63.618,-5.221,9.525,-1.878,-10.787,-33.435,-57.389,12.901,-3.64,3.075,-6.936,-304.733,15.145,198.718,5.485,-0.283,-21.601,-3.817,194.122,51.313,0,0
0,-6.472,0,45.272,-208.809,1.064,5,15,10,0,0,6.62,-4.383,-13.35,-19.649,-66.626,-3.13,9.994,-1.202,-11.326,-30.565,-59.496,13.893,-2.132,2.182,-7.298,5.359,-15.145,4.733,6.596,-0.01,-21.299,15.328,163.053,47.725,0,0
0,-6.443,0,43.398,-187.432,2.964,5,15,10,0,0,7.341,-3.976,-12.519,-17.252,-68.015,-3.282,10.842,-0.046,-11.417,-30.076,-58.458,15.771,-1.449,1.679,-7.774,12.107,-56.672,139.725,6.373,2.663,-20.415,29.176,132.198,40.534,0,0
0,-6.366,0,41.728,-167.05,7.633,5,15,10,0,0,6.934,-2.788,-14.181,-19.939,-71.313,-3.115,12.047,1.018,-11.477,-39.832,-54.336,16.458,-0.972,1.547,-7.992,15.115,-30.046,68.916,5.396,2.742,-21.912,37.893,105.298,31.908,0,0
0,-6.007,0,40.362,-136.551,35.946,5,15,10,0,0,8.725,-2.517,-12.021,-26.58,-77.985,-4.672,11.379,-1.55,-12.102,-53.145,-39.069,17.847,-0.733,2.951,-3.588,32.656,-70.107,40.672,5.36,4.804,-19.455,47.527,70.107,20.672,0,0
0,-5.56,0,39.292,-107.002,44.655,5,15,10,0,0,8.308,-7.19,-10.967,-15.863,-84.336,-9.649,10.608,-2.014,-10.931,-56.58,-36.244,24.672,0.163,5.006,-1.777,39.618,-166.962,126.046,2.714,4,-21.57,53.71,33.45,8.153,0,0
0,-5.124,0,38.539,-75.359,43.625,5,15,10,0,0,7.24,-3.159,-12.629,-22.611,-84.916,-10.947,10.95,-1.523,-10.794,-54.779,-39.908,21.695,-3.24,2.802,-6.72,48.504,-187.908,5.13,5.013,7.164,-19.62,44.107,3.954,-8.458,0,0
0,-4.693,0,38.08,-45.811,43.144,5,15,10,0,0,7.278,-2.081,-13.347,-30.84,-85.634,-13.313,11.989,-1.971,-11.019,-49.679,-42.412,16.718,5.37,8.421,2.017,51.405,-187.603,88.794,4.766,1.183,-21.529,58.595,-35.115,-3.481,0,0
0,-4.179,0,38.004,-7.656,51.327,5,15,10,0,0,10.394,-4.625,-11.951,-33.282,-86.458,-18.641,11.681,-1.578,-11.431,-50.519,-41.466,16.565,3.377,3.66,-1.351,154.855,260.885,139.481,8.969,4.859,-20.576,51.847,-54.275,-2.763,0,0
0,-3.722,0,38.197,19.341,45.731,5,15,10,0,0,9.01,-5.042,-13.034,-25.756,-85.252,-20,10.869,-1.291,-11.886,-48.885,-45.786,14.076,4.325,6.617,-5.121,1.466,-45.863,8.489,3.502,5.731,-24.621,44.87,-100.046,-2.336,0,0
0,-3.246,0,38.732,53.455,47.653,5,15,10,0,0,8.96,-3.619,-13.831,-26.443,-89.344,-20.519,11.594,-0.577,-11.441,-48.305,-45.756,9.084,2.778,4.167,-5.212,33.206,-367.893,-118.229,10.279,6.141,-18.054,-1.924,-122.489,-5.802,0,0
0,-2.733,0,39.505,77.271,51.258,5,15,10,0,0,10.267,-2.254,-13.882,-27.74,-89.954,-24.137,11.055,0.067,-11.467,-51.954,-45.405,4.198,4.419,7.92,-8.227,-0.977,-47.374,-44.885,13.949,5.731,-5.037,-27.573,-128.107,-4.26,0,0
0,-2.194,0,40.325,82.043,53.856,5,15,10,0,0,9.266,-2.687,-13.386,-25.466,-91.359,-27.16,12.207,-1.789,-11.625,-54.534,-42.534,-4.397,6.347,23.36,-11.64,-87.71,-353.481,469.496,19.081,3.343,1.727,-55.756,-79.74,-6.107,0,0
0,-1.69,0,40.956,63.057,50.491,5,15,10,0,1,9.25,-0.558,-12.866,-26.58,-92.351,-31.008,14.909,-1.363,-11.019,-52.366,-39.145,-10.885,8.15,7.748,-8.232,-57.603,-73.725,-177.649,14.71,1.13,1.648,-46.443,-71.267,-12,0,1
0,-1.188,0,41.391,43.545,50.194,15,5,10,0,1,10.605,1.095,-13.158,-32.672,-86.58,-32.947,14.562,-2.053,-11.846,-49.084,-36.092,-18.397,4.309,5.046,-10.402,-63.924,-140.962,-251.359,9.35,-4.68,-9.568,-34.031,-66.55,-16.076,0,0
0,-0.682,0.659,41.695,30.407,50.526,15,5,10,0,1,10.445,-1.938,-11.388,-35.634,-89.893,-35.221,15.948,-1.114,-10.828,-41.42,-28.443,-22.87,-2.357,3.565,-21.062,-145.939,-179.557,-346.504,8.871,-5.259,-18.233,-29.298,-60.962,-24.565,0,0
0,-0.114,1.279,42.27,57.518,56.797,15,5,10,0,1,10.754,-3.102,-11.326,-34.916,-92.855,-37.359,16.14,-0.319,-9.151,-36.046,-21.679,-25.496,-0.441,0.781,-6.922,-154.366,-193.176,-349.496,5.853,-1.303,-19.1,-16.656,-106.321,-22.214,0,0
0,0.566,1.862,43.222,95.135,68.035,15,5,10,0,1,10.138,-1.42,-9.867,-36.626,-97.115,-38.168,17.117,-0.4,-9.508,-31.832,-11.405,-26.336,-1.523,0.522,-9.135,-107.069,-241.053,-372.763,6.194,0.01,-17.203,-17.053,-122.626,-24.153,0,0
0,1.464,2.405,44.343,112.129,89.756,15,5,10,0,1,10.1,-3.868,-8.074,-40,-105.13,-40.885,17.917,-0.568,-7.786,-28.763,4.198,-23.206,-0.766,4.303,-10.921,-22.855,-292.901,344.183,9.278,1.138,-14.09,-36.718,-112.092,-22.519,0,0
0,2.555,2.911,45.313,97.012,109.165,15,5,10,0,1,11.968,-4.328,-7.777,-32.504,-102.656,-39.145,16.475,-1.214,-7.482,-26.763,15.115,-19.603,-0.68,1.692,-12.013,-14.672,-145.481,-339.053,11.74,0.287,-14.011,-49.466,-89.756,-18.611,0,0
0,3.844,3.378,45.658,34.458,128.849,15,5,10,0,1,11.4,-4.103,-7.02,-29.023,-108.122,-40.275,17.438,0.474,-5.837,-23.145,29.664,-14.55,-0.381,6.947,-29.89,51.832,-425.908,73.282,20.525,-1.76,-16.499,-59.954,-48.015,-22.565,0,0
0,5.334,3.807,45.361,-29.652,149.048,15,5,10,0,1,8.962,-4.747,-4.23,-31.786,-115.527,-41.145,16.674,0.038,-3.248,-22.763,45.496,-10.87,3.248,9.035,-17.417,-3.008,-226.092,-112.366,21.996,-1.174,-11.539,-19.206,-47.878,-18.992,0,0
0,7.132,4.198,44.581,-78.003,179.821,15,5,10,0,1,7.745,-3.027,-6.914,-36.29,-120.244,-39.374,16.509,0.141,-3.078,-24.214,65.328,-14.885,4.395,8.826,-10.95,-17.71,-129.481,-10.015,11.951,3.02,-11.271,6.534,-41.237,-26.473,0,0
0,9.234,4.55,43.332,-124.935,210.205,15,5,10,0,1,7.518,-6.273,-8.553,-33.115,-129.649,-42.855,16.116,0.886,-2.436,-19.145,90.489,-15.634,5.794,2.588,-16.324,-25.389,402.672,-28.336,15.81,7.231,-7.839,9.924,-8.107,-22.748,0,0
0,11.695,4.865,41.347,-198.441,246.071,15,5,10,0,1,10.162,-7.243,-12.782,-28.779,-141.725,-40.855,17.781,0.067,-0.335,-25.557,121.939,-21.16,3.051,6.558,-19.39,1.099,-173.802,2.015,10.258,-5.944,-17.251,40.29,30.153,-18.458,0,0
0,14.508,5.14,38.809,-253.808,281.285,15,5,10,0,1,9.223,-7.506,-11.237,-28.275,-142.641,-40.275,14.516,-2.144,-3.729,-33.786,147.573,-25.359,3.097,6.117,-14.77,9.649,-187.924,10.855,13.288,-1.245,-12.176,46.122,48.504,-9.099,0,0
0,17.796,5.378,35.678,-313.157,328.835,15,5,10,0,1,12.48,-9.333,-14.123,-2.901,-173.45,-34.061,14.059,-2.582,-9.18,-32.733,170.931,-20.55,-0.139,1.013,-18.123,32.168,-203.511,13.878,15.002,-9.235,-17.46,71.771,69.557,-8.107,0,0
0,21.517,5.577,32.25,-342.763,372.105,15,5,10,0,1,11.185,-8.536,-15.52,26.504,-197.771,-30.198,11.293,-2.393,-10.126,-13.313,192.809,-8.366,-3.157,0.059,-31.025,76.87,149.618,198.229,8.229,-16.983,-16.753,121.313,57.328,-16.84,0,0
0,25.842,5.738,28.782,-346.768,432.484,15,5,10,0,1,10.648,-2.716,-20.137,44.336,-216.336,-28.901,9.683,-4.917,-10.78,12.015,213.038,1.771,-4.263,4.085,-39.671,312.153,282.748,69.985,12.308,0.148,-11.633,126.321,39.817,-18.29,0,0
0,30.552,5.86,25.282,-350.064,470.983,15,5,10,0,1,8.512,-7.484,-19.433,58.656,-236.84,-34.137,11.934,-4.826,-11.149,28.916,225.145,19.115,0.299,2.74,-14.332,33.084,-430.26,23.969,10.2,-2.12,-14.988,129.45,28.992,-17.496,0,0
0,35.667,5.945,22.198,-308.362,511.518,15,5,10,0,1,10.445,-9.954,-19.531,83.191,-244.885,-39.389,15.886,-3.569,-12.045,36.916,239.344,42.198,5.98,3.239,-13.182,57.145,-385.008,27.298,8.83,5.528,-14.495,121.328,8.366,-10.244,0,0
0,40.824,5.991,19.873,-232.544,515.683,15,5,10,0,1,6.929,-6.203,-20.286,97.679,-255.847,-36.901,12.193,-2.469,-13.652,60.366,241.053,65.481,8.002,2.612,-15.96,74.031,316.702,0,7.686,8.459,-13.69,78.092,1.893,-16.107,0,0
0,46.182,5.998,18.213,-165.917,535.791,15,5,10,0,1,11.187,-9.154,-22.276,125.206,-235.313,-31.145,15.793,1.248,-13.762,52.565,248.244,77.084,7.786,4.758,-14.614,65.634,448.656,-30.351,9.645,7.501,-10.49,19.771,-6.626,-20.26,0,0
0,51.269,5.968,17.027,-118.687,508.668,15,5,10,0,1,12.67,-8.78,-20.319,181.771,-200.931,-19.115,12.215,-0.278,-19.22,37.985,238.962,96.458,3.76,8.766,-15.474,46.855,-262.733,-87.45,11.506,5.985,-8.711,-23.267,3.374,-22.885,0,0
0,55.827,5.899,15.877,-114.945,455.865,15,5,10,0,1,10.576,-1.257,-16.641,188.122,-164.198,-16.198,12.583,-2.239,-17.929,57.664,243.74,94.031,2.151,8.059,-14.782,29.481,-256.565,-49.221,10.864,0.745,-8.483,-30.641,5.13,-24.183,0,0
0,59.559,5.791,14.628,-124.935,373.158,15,5,10,0,1,12.08,0.441,-12.686,166.015,-124.031,-21.313,16.181,1.176,-15.117,63.115,237.267,107.344,1.698,7.923,-13.711,5.725,453.603,-157.435,10.615,-1.902,-8.9,-8.87,8.779,-20.626,0,0
0,62.686,5.646,13.215,-141.278,312.745,15,5,10,0,1,8.886,4.191,-14.198,129.191,-72.412,-18.427,12.883,-0.695,-12.538,63.191,223.405,84.504,2.685,4.062,-12.277,10.794,443.771,-52.763,9.935,-3.794,-9.867,33.969,10.076,-16.168,0,0
0,65.258,5.462,11.797,-141.781,257.126,15,5,10,0,1,9.683,2.247,-13.757,85.389,-40.489,-13.359,12.236,-0.34,-13.403,62.824,205.802,67.725,2.603,2.929,-12.524,35.435,-270.458,-23.42,10.208,-1.372,-8.337,64.626,10.763,-11.557,0,0
0,67.499,5.24,10.329,-146.839,224.122,15,5,10,0,1,6.208,2.112,-15.668,40.198,-17.817,-4.183,14.126,1.145,-10.603,57.802,201.084,43.664,4.625,3.456,-12.294,62.183,-264.412,-15.878,9.405,-2.043,-9.434,85.695,11.618,-5.374,0,0
0,69.345,4.979,9.011,-131.825,184.582,15,5,10,0,1,6.759,0.575,-15.031,38.763,-14.962,-3.237,13.149,-0.014,-10.72,50.382,193.817,22.626,5.81,4.383,-11.463,68.26,-500.046,-96.733,8.852,2.606,-8.684,94.534,4.885,-1.053,0,0
0,70.916,4.681,7.843,-116.776,157.128,15,5,10,0,1,4.385,-0.278,-16.677,-3.893,37.023,15.023,13.168,0.568,-10.998,44.794,191.191,7.359,5.13,0.416,-16.526,-354.473,71.313,-164.885,7.154,3.478,-10.634,79.969,-0.718,-1.878,0,0
0,72.198,4.344,6.934,-90.843,128.163,15,5,10,0,1,2.814,0.24,-18.324,-20.382,59.252,18.748,11.788,-0.103,-11.008,42.611,187.893,-2.076,2.778,6.89,-14.571,97.053,-437.511,-99.42,10.876,5.111,-9.197,54.733,2.412,-3.084,0,0
0,73.274,3.968,6.176,-75.852,107.655,15,5,10,0,1,2.544,-0.314,-18.878,-34.84,74.977,20.122,11.108,-0.462,-10.876,40.107,185.725,-7.863,5.549,8.13,-13.958,186.489,-372.534,-52.336,6.026,3.81,-8.842,36.321,-6.611,-7.542,0,0
0,74.156,3.555,5.623,-55.287,88.2,15,5,10,0,1,2.381,-1.181,-18.322,-35.969,91.084,21.664,10.337,-0.877,-10.124,39.328,181.557,-10.656,4.78,7.694,-14.159,316.672,-335.405,-174.901,10.43,3.389,-8.057,24.87,-12.672,-4.794,0,0
0,74.83,3.103,5.242,-38.075,67.394,15,5,10,0,1,2.579,-0.958,-17.321,-32.504,110.351,23.725,8.754,0.254,-10.835,37.191,174.473,-13.985,3.861,14.508,-21.526,-401.008,-207.16,-94.779,8.495,1.087,-9.81,25.13,-16.382,-5.679,0,0
0,75.31,2.612,5.107,-13.538,47.985,15,5,10,0,1,2.749,0.129,-16.82,-28.901,131.557,22.122,10.732,-1.432,-10.89,34.992,168.916,-20.198,3.152,8.38,-13.163,64.565,-242.641,-31.573,10.481,4.069,-6.476,13.817,-21.863,-3.832,0,0
0,75.639,2.084,5.041,-6.569,32.948,15,5,10,0,1,3.573,0.043,-16.147,-25.832,156.092,17.695,10.471,-0.769,-10.794,33.924,164.595,-18,4.421,8.692,-12.667,48.061,-56.351,-9.13,8.32,3.348,-8.89,4.809,-25.542,-4.931,0,0
0,75.695,1.517,5.048,0.732,5.55,15,5,10,0,1,8.486,-0.85,-15.553,-22.977,179.282,9.313,10.83,-1.983,-12.66,31.74,164.519,-17.267,2.282,9.112,-16.377,67.618,-205.573,-5.008,9.578,0.63,-8.5,-2.168,-33.435,-4.901,0,0
0,75.478,0.912,5.11,6.191,-21.652,15,5,10,0,1,1.717,3.329,-20.928,-9.725,193.023,6.504,11.065,-0.395,-11.266,32.29,160.107,-14.733,4.148,12.994,-24.86,172.565,203.71,-114.809,7.832,0.328,-11.017,6.718,-38.87,-3.282,0,0
0,75.123,0.268,5.498,38.784,-35.5,15,5,10,0,1,-0.884,-0.311,-19.962,15.511,204.626,1.664,12.586,-1.432,-9.956,31.74,162.519,-6.519,6.364,7.21,-11.846,13.053,-214.977,-14.656,8.019,4.333,-6.641,3.466,-65.13,-2.351,0,0
0,74.523,0,6.129,63.057,-60.036,15,5,10,0,1,1.636,-2.292,-18.317,40.351,223.374,-6.29,9.398,-2.268,-11.987,39.557,153.634,3.053,3.933,10.639,-12.636,7.221,-49.359,-19.023,10.718,6.965,-6.026,-21.481,-60.977,-4.427,0,0
0,73.71,0,6.747,61.867,-81.299,15,5,10,0,0,-0.192,-0.91,-19.479,52.794,238.092,-14.198,7.554,-2.987,-11.676,53.405,142.092,7.634,2.402,6.774,-19.27,-17.664,-62.977,-24.58,9.321,0.568,-10.124,-37.557,-57.359,-9.435,0,0
0,72.692,0,7.037,28.908,-101.807,15,5,10,0,0,1.351,0.273,-20.147,53.893,249.298,-23.023,6.907,-3.111,-11.508,66.168,128.397,9.313,2.117,8.441,-10.782,-55.282,-70.092,-14.504,9.381,7.008,-1.688,-50.641,-63.802,-3.298,0,0
0,71.505,0,7.128,9.19,-118.675,15,5,10,0,0,2.534,-2.496,-18.379,51.588,255.588,-31.634,5.846,-2.728,-11.46,74.397,114.427,11.664,2.117,8.441,-10.782,-50.427,-68.565,-23.084,2.211,-3.585,-14.969,-19.328,-63.267,-5.786,0,0
0,70.147,0,7.216,8.732,-135.83,15,5,10,0,0,2.85,-0.953,-19.016,45.435,262.916,-37.695,5.829,-2.208,-11.494,84.901,102.565,5.664,0.287,4.953,-15.184,-26.198,-56.55,-1.282,8.658,-0.151,-10.284,4.015,-53.374,-1.603,0,0
0,68.612,0,7.213,-0.286,-153.454,15,5,10,0,0,4.503,1.617,-21.687,35.328,274.076,-44.198,4.783,-1.957,-12.21,98.763,87.878,-1.053,2.084,3.842,-14.258,-15.924,-106.885,-14.351,10.552,0.69,-9.743,11.939,-56.748,1.115,0,0
0,66.946,0,7.208,-0.446,-166.649,15,5,10,0,0,3.193,-1.502,-20.257,31.756,273.679,-50.382,3.918,-1.032,-12.5,105.878,76.015,-2.153,3.094,4.486,-14.495,0.809,-217.481,-17.099,10.081,2.278,-11.273,11.023,-55.115,0.702,0,0
0,65.114,0,7.208,-0,-183.152,15,5,10,0,0,4.998,-1.004,-20.655,29.573,280.962,-51.237,3.82,-2.33,-12.476,115.618,62.809,-8.611,3.193,4.706,-14.792,14.672,-56.031,-6.305,10.169,1.506,-11.738,6.031,-55.786,-1.038,0,0
0,63.181,0,7.213,0.446,-193.348,15,5,10,0,0,5.31,-1.835,-21.847,27.481,280.733,-52.901,3.557,-0.39,-12.84,122.382,52.366,-15.969,3.317,4.859,-15.311,24.794,-57.924,-7.084,10.787,0.22,-10.986,8.947,-55.573,-1.145,0,0
0,61.105,0,7.227,1.442,-207.585,15,5,10,0,0,3.621,0.953,-25.143,26.183,278.763,-50.595,3.434,0.376,-11.089,121.664,38.168,-25.374,3.257,4.815,-20.923,51.191,-116.565,-14.626,10.54,-0.141,-11.489,16.076,-56.84,-0.031,0,0
0,58.962,0,7.253,2.529,-214.291,15,5,10,0,0,1.55,-2.769,-23.375,29.802,267.13,-48.336,3.954,3.588,-9.47,107.893,28.427,-27.893,3.796,4.47,-21.038,127.863,6.336,-122.382,9.853,0.232,-11.812,24.656,-59.206,0.29,0,0
0,56.71,0,7.436,18.333,-225.163,15,5,10,0,0,2.256,-3.523,-23.541,28.015,253.542,-44.702,5.197,5.116,-7.367,86.55,17.542,-29.847,6,4.371,-12.775,44.305,-48.107,-29.099,12.536,1.969,-7.334,27.588,-75.237,2.885,0,0
0,54.488,0,7.788,35.179,-222.29,15,5,10,0,0,4.658,-5.403,-23.248,26.046,246.916,-37.45,3.08,4.416,-8.32,66.962,3.74,-31.817,2.994,7.631,-14.464,52.321,-52.031,-15.603,12.667,1.583,-8.129,24.931,-66.718,0.885,0,0
0,52.242,0,8.139,35.099,-224.545,15,5,10,0,0,2.699,-3.494,-25.337,8.885,223.282,-29.374,3.375,2.896,-7.607,51.603,-10.168,-29.725,1.059,4.685,-14.784,56.351,-60.534,-28.137,12.057,-0.084,-10.466,22.061,-61.908,1.985,0,0
0,50.074,0,8.33,19.112,-216.797,15,5,10,0,0,1.882,-4.596,-25.555,0.046,201.008,-20.534,4.127,2.932,-5.897,42.076,-23.969,-29.344,3.696,6.617,-13.695,43.771,-123.313,-30.931,13.491,-0.172,-10.131,24.916,-64.153,6.672,0,0
0,47.969,0,8.337,0.71,-210.537,15,5,10,0,0,2.943,-5.537,-24.113,-15.664,170.229,-11.176,4.364,2.934,-4.673,32.824,-35.069,-25.389,3.616,7.494,-14.485,38.489,-135.557,-5.069,11.314,-1.267,-11.635,32.931,-56.962,8.58,0,0
0,46.024,0,8.351,1.408,-194.481,15,5,10,0,0,3.351,-4.388,-24.712,-30.58,147.008,-0.153,5.212,2.486,-4.61,24.137,-46.794,-29.496,4.591,5.28,-17.421,72.656,-127.573,8.031,12.267,-0.774,-9.57,39.298,-63.206,12.198,0,0
0,44.204,0,8.351,-0,-182.03,15,5,10,0,0,4.452,-5.147,-23.579,-47.481,118.718,8.565,6.44,3.209,-4.757,14.229,-55.527,-23.878,4.874,5.638,-13.965,38.321,-58.718,8.55,11.879,-0.477,-8.823,41.649,-63.725,15.008,0,0
0,42.556,0,8.351,-0,-164.772,15,5,10,0,0,2.821,-6.033,-24.772,-53.328,94.672,16.473,6.165,4.292,-5.705,-0.931,-62,-20.122,4.721,6.411,-14.447,34.122,-55.695,21.374,11.522,0.515,-9.336,38.031,-64.214,16.641,0,0
0,41.062,0,8.351,-0,-149.403,15,5,10,0,0,8.605,-6.189,-21.737,-63.344,65.573,13.115,12.26,1.753,-0.314,-9.008,-62.947,-15.405,5.137,6.324,-19.85,58.641,-120.153,-474.87,11.836,1.394,-11.575,23.16,-66.947,15.603,0,0
0,39.652,0,8.377,2.563,-140.98,15,5,10,0,0,-22.355,-6.287,-25.164,-52.26,36.443,29.237,4.61,-0.218,-2.922,-26.443,-66.595,11.221,5.384,6.211,-29.909,189.053,131.42,224,12.73,0.453,-11.36,12.901,-72.351,14.977,0,0
0,38.363,0,8.417,4.086,-128.918,15,5,10,0,0,17.177,3.803,-28.565,-49.313,27.664,23.969,0.992,5.928,-5.75,-4.702,-89.023,24.672,6.716,5.137,-13.807,16.351,-115.786,30.229,13.146,-0.548,-10.751,10.458,-75.802,17.13,0,0
0,37.667,0,8.582,16.445,-69.569,15,5,10,0,0,-1.93,-1.363,-37.089,-63.481,-49.069,12.885,2.17,-0.534,-6.615,-14.58,-87.145,26.427,2.706,9.163,-8.704,60.26,-93.649,3.969,9.357,-0.541,-10.55,19.527,-98.733,20.336,0,0
0,37.605,0,9.029,44.712,-6.226,15,5,10,1,0,-0.91,-2.187,-27.028,-66.122,-118.809,-3.511,11.755,-0.807,-3.837,-10.824,-79.344,40.153,8.426,5.395,-12.473,79.313,-149.069,28.58,14.722,0.014,-8.193,20.534,-93.328,18.763,1,0
0,37.946,0,9.666,63.675,34.069,5,5,10,1,0,11.125,-10.893,-7.786,-29.557,-113.145,-12.443,16.286,-1.736,-5.473,-18.901,-67.099,39.664,7.647,6.1,-10.797,46.122,-1.924,25.802,13.278,2.041,-6.807,6.718,-102.84,19.313,0,0
0.655,38.458,0,10.296,62.977,51.224,5,15,10,1,0,15.081,-9.171,-2.917,13.023,-87.878,-9.786,12.782,-3.746,-5.961,0.779,-42.092,52.229,9.053,1.139,-14.351,360.779,-245.74,122.26,13.292,0.388,-5.456,3.756,-102.519,20.504,0,0
1.273,39.055,0,10.962,66.662,59.715,5,15,10,1,0,12.452,-5.276,-5.736,34.168,-69.71,1.466,14.643,-4.227,-5.41,11.466,-21.802,61.405,1.964,5.844,-2.165,320.84,-255.267,295.573,14.902,-1.897,-4.177,25.435,-114.794,21.771,0,0
1.852,39.893,0,11.775,81.299,83.84,5,15,10,1,0,7.506,-2.517,-12.461,31.13,-78.183,0.198,10.732,-2.967,-5.595,31.649,-10.26,75.511,2.726,2.778,-3.066,268.687,-11.481,286.779,15.975,-0.113,-2.912,36.885,-114.733,21.954,0,0
2.394,40.897,0,12.786,101.12,100.353,5,15,10,1,0,3.619,-6.232,-22.331,49.069,-91.908,-3.603,3.319,-3.571,-5.121,43.664,-24.321,83.313,2.936,4.378,1.293,198.351,344.916,250.382,15.34,2.582,-2.091,29.939,-125.557,16.427,0,0
2.897,41.831,0,13.991,120.449,93.361,5,15,10,1,0,3.221,-4.541,-22.449,67.969,-104.702,-5.588,4.551,-5.173,-5.738,52.168,-50.366,78.473,9.683,6.299,-7.568,3.389,71.573,47.511,16.281,0.407,-0.927,11.618,-117.832,12.916,0,0
3.363,42.366,0,15.357,136.643,53.536,5,15,10,1,0,8.524,-6.74,-20.65,83.511,-93.313,-5.634,10.023,-5.468,-8.646,62.611,-72.626,61.588,9.393,6.328,-3.147,5.527,117.71,22.351,14.234,-0.608,-0.972,7.695,-123.435,14.137,0,0
3.791,42.274,0,17.082,172.451,-9.19,5,15,10,1,0,7.295,3.858,-22.123,84.244,-73.832,-3.527,11.29,0.661,-12.011,66.305,-95.145,49.099,9.616,7.482,-6.141,2.137,60.565,11.557,14.818,0.915,-1.054,9.069,-131.603,16.672,0,0
4.181,41.798,0,19.305,222.29,-47.642,5,15,10,1,0,9.927,1.851,-15.989,60.351,-51.557,4.58,11.743,1.305,-12.042,53.053,-110.366,33.13,8.732,6.076,-7.341,-11.603,233.282,25.527,13.68,-0.407,-9.606,6.611,-138.565,18.183,0,0
4.534,40.751,0,22.04,273.526,-104.668,5,15,10,1,0,9.717,-1.344,-14.382,38.992,-26.977,20.382,13.793,3.073,-10.675,30.992,-127.405,27.588,2.601,11.851,10.136,-120.672,-32.977,146.565,11.51,7.678,-10.129,-14.137,-165.603,14.275,0,0
4.848,39.143,0,25.142,310.181,-160.767,5,15,10,1,0,9.168,6.756,-17.548,-10.992,-4.26,31.069,14.643,2.673,-11.087,12.702,-150.962,14.26,8.854,11.048,-10.337,-20.885,172.122,11.969,16.047,5.173,-12.009,-42.87,-173.069,10.519,0,0
5.124,37.129,0,28.584,344.25,-201.462,5,15,10,1,0,10.363,3.236,-17.814,-66.992,9.832,35.099,13.764,3.933,-12.567,-1.191,-165.099,0.718,8.521,12.531,-12.885,-48.198,190.534,6.916,15.271,3.866,-15.199,-67.176,-194.382,8.519,0,0
5.363,34.664,0,32.401,381.638,-246.472,5,15,10,1,0,7.595,5.267,-17.797,-95.786,31.389,41.298,13.024,2.376,-10.21,-36.733,-174.702,-10.794,9.326,12.844,-14.756,-87.084,197.023,-14.107,14.116,6.73,-14.576,-98.672,-210.153,9.115,0,0
5.564,31.775,0,36.623,422.185,-288.93,5,15,10,1,0,4.38,3.854,-16.799,-124.779,43.145,45.664,11.915,3.99,-11.63,-59.511,-190.382,-16.87,6.51,15.019,-17.445,-130.458,222.397,-58.229,15.697,9.242,-10.023,-131.069,-215.328,10.244,0,0
5.727,28.603,0,41.094,447.156,-317.162,5,15,10,1,0,0.237,0.951,-12.619,-153.16,56.702,55.176,5.111,3.985,-10.229,-72.702,-195.344,-9.496,4.984,10.696,-21.194,-154.168,229.328,-52.779,14.104,3.427,-16.334,-157.298,-197.023,13.038,0,0
5.852,25.238,0,45.69,459.607,-336.48,5,15,10,1,0,8.373,-1.672,-14.308,-180.168,53.832,55.389,4.589,3.731,-9.906,-88.916,-201.466,-7.908,8.466,4.843,-20.571,-179.023,482.427,-157.16,15.654,6.761,-11.81,-177.344,-190.779,16.137,0,0
5.939,22.005,0,50.276,458.543,-323.365,5,15,10,1,0,9.216,-4.433,-14.705,-177.191,40.137,50.382,8.071,2.692,-10.574,-95.221,-194.641,-5.817,7.475,3.228,-18.205,-179.634,-494.153,-193.099,14.186,5.293,-10.679,-171.924,-181.16,12.504,0,0
5.988,19.123,0,54.897,462.159,-288.197,5,15,10,1,0,-1.363,-2.148,-17.5,-162.809,10.198,42.473,12.037,0.8,-6.026,-100.916,-184.641,-4.214,8.763,-0.158,-17.781,-135.634,-379.008,-395.725,13.522,5.238,-15.85,-157.832,-166.076,11.924,0,0
5.999,16.965,0,59.331,443.425,-215.733,5,15,10,1,0,6.582,-8.177,-16.03,-119.298,14.977,35.374,13.824,1.308,-7.35,-123.893,-162.534,-0.565,6.888,2.826,-16.497,-113.863,264.458,-94.321,11.927,2.474,-19.256,-166.687,-145.863,-0.168,0,0
5.973,15.23,0,63.51,417.882,-173.55,5,15,10,1,0,9.204,-11.647,-12.581,-70.443,13.221,35.832,13.149,-2.479,-9.666,-121.71,-148.473,13.023,9.087,4.557,-16.871,-173.038,-487.435,-177.832,8.828,-0.872,-15.735,-145.328,-131.496,-3.252,0,0
5.908,13.71,0,67.092,358.178,-151.978,5,15,10,1,0,5.118,-4.091,-15.857,-49.038,9.786,35.374,10.605,-6.878,-10.294,-122.687,-148.183,28.519,7.837,2.782,-35.226,486.122,-283.405,-350.779,11.87,-5.667,-13.97,-135.664,-74.305,0.901,0,0
5.806,12.38,0,69.97,287.774,-132.958,5,15,10,1,0,8.193,-9.379,-11.812,-32.321,9.069,28.397,8.402,-7.597,-9.384,-100.305,-146.305,39.16,6.898,3.728,-20.406,-121.634,-25.908,-496.366,10.385,-6.316,-11.249,-96,-22.656,5.908,0,0
5.666,10.912,0,72.135,216.488,-146.817,5,15,10,1,0,5.099,-5.444,-14.832,-13.038,14.412,32.779,7.42,-7.341,-8.857,-75.45,-158.595,36.504,5.925,1.818,-14.679,-49.588,387.557,-75.969,11.918,-9.511,-11.716,-34.214,22.748,13.328,0,0
5.488,9.272,0,73.753,161.785,-164.063,5,15,10,1,0,7.784,-2.352,-12.246,-44.809,11.267,23.389,9.836,-3.463,-6.67,-61.847,-158.427,28.809,5.226,3.828,-18.839,-52.55,366.947,-83.176,11.812,-5.686,-10.258,12.748,64.183,18.977,0,0
5.272,7.612,0,74.851,109.886,-165.963,5,15,10,1,0,9.029,-9.017,-12.239,-50.336,19.298,22.107,8.038,-2.749,-7.592,-59.45,-153.985,14.916,4.436,1.969,-13.762,-27.45,176.229,0.092,9.302,-2.189,-11.908,46.626,94.977,16.397,0,0
5.018,5.961,0,75.522,67.051,-165.139,5,15,10,1,0,5.971,-3.645,-12.821,-56.198,11.695,19.267,10.514,-1.437,-7.566,-65.252,-147.389,11.237,2.821,2.232,-13.949,-25.252,170.198,15.16,7.563,-1.844,-14.883,57.893,120.565,9.786,0,0
4.727,4.327,0,75.869,34.756,-163.365,5,15,10,1,0,5.456,-6.704,-13.314,-49.496,16.626,18.87,10.615,-2.555,-8.83,-65.496,-143.405,8.947,1.83,1.684,-14.305,-12.305,165.573,26.137,6.011,-1.205,-16.257,66.962,135.924,7.603,0,0
4.397,2.822,0,76.067,19.775,-150.49,5,15,10,1,0,6.435,-1.504,-14.768,-41.267,11.542,17.099,9.97,-1.748,-9.853,-72.153,-138.733,9.618,1.509,2.158,-14.804,1.893,160.427,28.672,6.855,1.09,-13.996,54.351,153.893,4.336,0,0
4.03,1.515,0,76.123,5.55,-130.726,5,15,10,1,0,6.249,-6.768,-13.221,-30.992,7.557,14.076,10.129,-2.963,-11.005,-78.794,-133.481,11.069,2.017,2.179,-14.176,21.985,311.817,48.305,6.637,-1.341,-14.466,52.672,164.473,5.954,0,0
3.625,0.31,0,76.257,13.47,-120.507,5,15,10,1,0,5.911,-6.517,-13.747,-1.42,4.519,16.244,9.561,-2.27,-11.513,-69.649,-130.656,12.87,0.577,0.944,-16.36,37.74,149.74,30.015,12.684,-0.589,-12.162,49.328,175.267,8.824,0,0
3.181,-0.785,0,76.144,-11.353,-109.463,5,15,10,1,0,5.37,-4.268,-13.115,3.221,-0.107,14.458,9.635,-1.698,-12.155,-57.328,-125.893,12.534,-0.309,4.165,-16.938,40.153,299.695,13.435,4.883,-0.153,-13.683,49.344,185.206,13.191,0,0
2.7,-1.671,0,75.885,-25.921,-88.658,5,15,10,0,0,6.287,-4.287,-12.464,3.069,-7.282,11.618,10.72,-2.843,-10.552,-44.412,-118.473,10.58,2.793,12.446,-17.623,74.229,292.275,39.206,3.727,-0.299,-14.167,24.748,209.221,14.153,0,0
2.182,-2.473,0,75.265,-61.924,-80.2,5,15,10,0,0,9.568,-5.839,-12.339,21.282,-4.519,11.328,8.924,-1.674,-12.327,-30.427,-111.588,10.183,1.212,5.152,-15.527,28.824,140.244,13.466,8.955,-1.772,-15.259,17.985,237.481,20.687,0,0
1.625,-3.209,0,74.361,-90.466,-73.586,5,15,10,0,0,-0.067,-3.018,-13.422,21.725,-21.344,11.42,11.362,-0.97,-10.84,-18.504,-102.565,7.771,0.905,5.923,-15.747,17.863,134.015,8.824,7.437,-1.49,-14.662,19.359,248.26,30.321,0,0
1.03,-3.733,0,73.189,-117.142,-52.322,5,15,10,0,0,4.574,-2.685,-12.531,10.489,-24.015,6.443,11.542,-1.837,-10.564,-13.71,-91.328,7.206,-0.829,6.016,-15.639,5.42,121.191,7.969,6.989,-1.885,-16.444,15.221,261.985,37.802,0,0
0.398,-3.974,0,71.823,-136.666,-24.181,5,15,10,0,0,2.352,-5.391,-12.064,10.168,-39.191,1.847,15.398,0.419,-7.75,-12.763,-71.313,9.496,-1.648,5.638,-15.338,-3.191,110.168,6.519,5.101,0.376,-17.057,15.099,263.878,44.565,0,0
0,-3.864,0,70.226,-159.645,10.998,5,15,10,0,0,4.373,-5.719,-11.92,15.099,-44.473,-0.748,16.087,-1.298,-7.508,-16.534,-47.954,7.74,-2.282,5.597,-16.092,-12.763,201.954,11.45,6.665,2.144,-16.226,-3.863,274.137,48.397,0,0
0,-3.685,0,68.428,-179.833,17.921,5,15,10,0,0,7.255,-6.258,-11.257,34.305,-34.962,4.046,9.362,-3.909,-10.574,-11.053,-50.153,8.214,-2.991,5.786,-16.308,-21.206,91.359,3.359,5.99,-0.457,-18.243,-5.145,277.634,51.16,0,0
0,-3.579,0,66.447,-198.109,10.643,5,15,10,0,0,5.291,-3.252,-11.745,29.954,-41.893,4.397,6.464,-3.521,-9.87,7.725,-60.992,8.641,-4.555,12.872,-24.482,-79.145,161.893,0.305,7.508,-0.79,-17.69,-17.893,286.718,56.061,0,0
0,-3.656,0,64.356,-209.073,-7.771,5,15,10,0,0,-1.506,-0.17,-14.952,2.26,-53.802,2.794,11.319,-1.195,-7.374,14.168,-71.45,4.504,-4.531,7.205,-22.159,-115.908,137.954,1.038,3.339,-0.786,-18.959,-12.092,281.557,59.252,0,0
0,-3.682,0,62.13,-222.645,-2.563,5,15,10,0,0,7.513,-4.91,-9.616,-6.366,-50.168,-0.443,11.333,-0.089,-8.007,2.092,-71.115,11.053,-3.365,6.534,-16.466,-81.893,118.015,2.534,6.33,1.815,-17.093,-22.214,284.58,58.458,0,0
0,-3.876,0,59.852,-227.772,-19.386,5,15,10,0,0,11.613,-7.755,-6.984,0.321,-39.45,1.893,6.91,-0.398,-9.592,-8.26,-76.382,20.092,-2.491,5.716,-21.287,-190.351,106.061,-12.458,10.773,3.973,-15.386,-21.374,283.557,57.328,0,0
0,-4.319,0,57.486,-236.63,-44.334,5,15,10,0,0,4.287,1.818,-13.3,-27.435,-42.412,4.26,11.11,0.903,-6.737,-20.336,-80.794,14.702,-3.439,6.095,-14.638,-115.847,70.901,250.137,6.356,0.678,-21.167,-17.328,276.702,52.84,0,0
0,-4.7,0,55.084,-240.201,-38.052,5,15,10,0,0,7.932,-0.824,-11.539,-52,-44.137,0.382,11.714,0.031,-7.089,-42.076,-75.573,8.321,-0.824,3.854,-13.496,-120.55,63.206,29.069,8.399,0.838,-21.091,-25.954,274.748,52.321,0,0
0,-5.008,0,52.575,-250.878,-30.773,5,15,10,0,0,3.375,-6.943,-11.01,-46.427,-58.595,-6.061,13.886,1.348,-6.711,-54.427,-63.282,15.908,-1.686,5.601,-16.358,-173.74,65.038,69.191,6.687,1.039,-22.154,-30.351,265.863,46.901,0,0
0,-5.14,0,50.085,-249.024,-13.207,5,15,10,0,0,7.216,-4.1,-12.605,-45.695,-60.55,-5.878,12.327,-1.794,-8.708,-65.756,-55.038,14.015,-1.976,2.061,-10.481,-119.237,50.198,6.962,8.795,2.515,-20.247,-27.847,248.855,44.382,0,0
0,-5.066,0,47.642,-244.24,7.381,5,15,10,0,0,9.64,-6.002,-11.005,-32.366,-59.099,-7.74,9.103,-5.595,-12.076,-62.443,-56.611,11.954,-1.262,1.554,-8.378,-21.496,14.595,94.718,10.373,-1.964,-23.217,-0.275,232.427,36.58,0,0
0,-5.066,0,45.382,-225.998,0,5,15,10,0,0,7.092,-4.955,-12.466,-25.252,-67.435,-11.328,10.79,-3.734,-11.403,-47.939,-62.214,10.87,-1.195,0.877,-7.113,9.863,4.305,49.954,6.62,3.583,-20.868,16.885,201.511,31.969,0,0
0,-5.055,0,43.277,-210.492,1.041,5,15,10,0,0,10.742,-6.313,-10.169,-22.504,-67.359,-14.321,10.945,-3.193,-11.767,-32.214,-61.573,9.954,-0.618,1.411,-5.353,35.954,-6.107,49.282,8.636,2.577,-19.986,37.466,177.511,24.214,0,0
0,-5.015,0,41.354,-192.295,4.086,5,15,10,0,0,9.491,-4.1,-11.942,-20.626,-68.84,-14.885,11.125,-4.081,-12.095,-16.489,-64.763,7.588,-0.735,2.352,-0.484,219.832,-74.748,-77.191,6.376,3.178,-21.639,56.092,150.824,13.267,0,0
0,-4.975,0,39.615,-173.939,3.994,5,15,10,0,0,8.833,-4.093,-12.571,-20.076,-72.977,-17.649,12.241,-2.203,-11.733,-8.198,-62.977,4.107,-3.396,1.497,-6.641,69.313,-36.611,27.023,5.262,3.803,-23.098,77.527,113.42,0.534,0,0
0,-4.759,0,38.058,-155.674,21.595,5,15,10,0,0,3.832,-1.66,-16.562,-27.191,-87.603,-19.939,18.77,0.338,-8.129,-8.962,-44.29,-1.618,-1.442,2.405,-7.219,76.687,-49.893,8.076,9.99,-0.35,-25.581,85.71,82.565,-8.611,0,0
0,-4.22,0,36.912,-114.624,53.902,5,15,10,0,0,10.804,-3.83,-12.852,-17.16,-89.893,-23.359,16.255,-0.388,-11.633,-22.427,-27.527,2.885,1.71,4.167,12.272,-425.542,151.939,211.053,9.42,1.703,-21.838,109.557,43.13,-7.618,0,0
0,-3.503,0,36.176,-73.563,71.697,5,15,10,0,0,9.954,-4.251,-14.413,-4.198,-91.511,-23.374,12.655,-0.819,-12.708,-29.42,-25.053,3.618,3.243,5.777,-2.987,60.504,-53.847,9.359,4.345,2.548,-26.168,122.733,-11.832,-6.351,0,0
0,-2.693,0,35.96,-21.629,80.99,5,15,10,0,0,9.961,-1.329,-14.547,-3.008,-93.557,-25.13,12.708,-0.079,-11.534,-29.786,-25.817,4.473,4.56,6.1,-2.256,55.679,-47.588,10.473,2.371,4.551,-31.351,111.71,-73.359,1.023,0,0
0,-1.935,0,36.268,30.796,75.76,5,15,10,0,0,9.609,-0.254,-12.531,-8.107,-93.725,-26.244,10.94,-1.65,-11.527,-26.351,-31.756,1.557,-1.861,0.671,-3.238,388.137,7.557,-42.26,-2.144,9.319,-30.675,53.618,-133.45,-0.947,0,0
0,-1.272,0,37.022,75.359,66.353,5,15,10,0,0,10.988,-1.26,-11.999,-17.557,-90.107,-29.649,10.847,0.158,-11.302,-27.298,-36.244,0.58,-1.37,23.07,-14.935,44.718,-298.58,-94.84,8.641,6.534,-12.768,-16.244,-159.511,-5.038,0,0
0,-0.712,0,37.916,89.436,55.985,5,15,10,0,0,8.332,-2.481,-11.676,-23.206,-88.611,-28.87,10.052,1.039,-10.969,-28.305,-40.824,-2.947,0.311,9.342,-18.092,-32.626,321.939,327.084,15.103,3.851,3.217,-65.771,-132.672,1.374,0,0
0,-0.283,0,38.699,78.289,42.858,5,15,10,0,1,10.196,0.381,-11.954,-30.244,-84.55,-29.313,14.004,-0.146,-9.077,-39.435,-39.42,-11.756,6.867,5.007,-20.717,-131.374,-146.397,-110.931,18.217,4.927,11.922,-89.679,-90.366,3.237,0,1
0,0.171,0,38.981,28.244,45.445,5,5,10,0,1,12.919,-0.896,-9.769,-43.74,-86.382,-33.42,15.819,-0.177,-8.924,-48.763,-30.168,-15.832,5.367,9.036,-14.916,-121.145,-254,-256.977,13.489,-3.269,-3.018,-87.847,-58.122,-1.969,0,0
0,0.728,0.659,38.941,-4.028,55.664,5,5,10,0,1,11.118,-1.559,-9.501,-53.359,-92.26,-33.695,17.153,0.56,-8.071,-52.885,-19.328,-20.168,1.054,5.207,-13.805,-149.481,-226.458,461.924,6.632,-2.563,-16.691,-83.42,-65.267,-8.153,0,0
0,1.427,1.279,39.329,38.83,69.924,15,5,10,0,1,11.285,-3.274,-9.384,-56.321,-96.214,-33.252,16.114,-0.06,-7.504,-58.55,-8.214,-23.191,2.19,-5.365,14.016,-255.771,-311.954,479.267,6.325,-1.665,-19.268,-50.977,-118.885,-11.786,0,0
0,2.306,1.862,40.332,100.319,87.879,15,5,10,0,1,10.876,-2.84,-8.601,-53.954,-99.038,-32.153,14.313,-0.295,-6.567,-59.542,3.328,-20.748,0.159,-1.14,3.008,92.809,385.42,-29.802,9.647,5.588,-15.486,-65.74,-134.397,-21.878,0,0
0,3.408,2.405,41.548,121.559,110.207,15,5,10,0,1,9.187,-2.34,-6.845,-56.947,-107.878,-34.763,15.359,0.259,-5.715,-58.046,17.664,-17.237,0.158,2.845,-7.901,-57.847,-98.397,-272.427,10.421,3.319,-12.09,-77.176,-134.412,-24.794,0,0
0,4.785,2.911,42.562,101.441,137.684,15,5,10,0,1,9.592,-1.863,-7.64,-58.092,-107.74,-34.656,16.36,0.151,-5.156,-58.458,36.824,-16.733,1.981,3.64,-11.4,-12.702,-65.42,-126.351,10.746,-1.791,-12.071,-74.565,-108.702,-19.191,0,0
0,6.466,3.378,43.079,51.682,168.16,15,5,10,0,1,10.639,-7.446,-4.625,-53.328,-116.672,-41.466,15.685,1.631,-4.986,-57.282,59.328,-14.015,2.141,4.84,-15.283,2.122,-90.855,-112.641,15.014,-4.689,-13.316,-57.252,-76.351,-15.74,0,0
0,8.499,3.807,42.925,-15.404,203.213,15,5,10,0,1,12.488,-6.088,-9.036,-52.565,-123.45,-34.092,11.877,-0.831,-6.725,-56.229,82.198,-13.557,5.693,2.551,-11.98,-8.168,-229.817,-131.237,11.726,-7.954,-16.583,-5.557,-62.656,-13.618,0,0
0,10.806,4.198,42.493,-43.224,230.713,15,5,10,0,1,7.199,-5.705,-15.987,-28.351,-136.809,-30.855,13.472,-0.565,-3.039,-52.977,104.748,-26.183,3.509,1.059,-15.592,7.267,-114.137,-32.672,19.778,2.929,-8.874,27.069,-47.481,-16.656,0,0
0,13.585,4.55,41.632,-86.083,277.943,15,5,10,0,1,10.361,-11.338,-10.354,-27.191,-168.794,-37.13,17.314,0.357,-3.126,-53.817,140.794,-21.053,7.238,12.818,-8.066,32.565,-92.84,-64.489,8.268,3.703,-11.76,19.359,-31.664,-23.237,0,0
0,16.878,4.865,40.094,-153.786,329.259,15,5,10,0,1,9.183,-10.5,-12.507,-23.374,-191.603,-30.626,15.867,-4.282,-8.1,-44.733,168.046,-21.405,7.02,4.034,-18.705,20.366,-200.672,28.092,7.846,-3.782,-15.364,32.076,2.656,-11.42,0,0
0,20.62,5.14,38.055,-203.923,374.268,15,5,10,0,1,8.299,-12.957,-15.994,-1.008,-214.504,-25.42,20.413,-6.677,-6.862,-34.489,192.366,-12.519,1.159,3.292,-27.092,24.962,352.672,26.137,10.404,-6.038,-17.038,56.855,19.893,-8.626,0,0
0,24.887,5.378,35.616,-243.954,426.614,15,5,10,0,1,16.861,-14.626,-15.632,23.786,-225.603,-30.275,17.881,-5.537,-10.651,-11.359,207.008,5.282,0.038,2.741,-24.271,46.55,312.55,50.931,14.413,-3.66,-14.883,66.84,28.916,-10.916,0,0
0,29.479,5.577,32.987,-262.894,459.195,15,5,10,0,1,9.288,-2.651,-21.172,36.702,-236.168,-26.427,7.252,-4.862,-13.491,19.252,205.038,18.336,-1.648,2.899,-22.346,48.565,306.504,78.29,9.518,-4.541,-9.149,78.305,9.618,-19.725,0,0
0,34.298,5.738,30.335,-265.172,481.935,15,5,10,0,1,10.289,-5.765,-25.615,49.511,-255.664,-36.229,12.076,-5.406,-12.504,30.107,209.817,35.679,-0.254,10.867,-34.45,253.985,382.046,-400.122,9.937,-0.922,-12.959,100.885,1.817,-21.618,0,0
0,39.367,5.86,27.977,-235.795,506.871,15,5,10,0,1,14.816,-10.576,-21.924,75.832,-261.832,-37.481,15.649,-0.68,-12.399,44.336,215.924,61.618,3.554,5.457,-20.339,98.489,344.183,166.107,13.005,2.294,-11.427,106.351,-3.405,-17.145,0,0
0,44.439,5.945,25.82,-215.71,507.215,15,5,10,0,1,15.321,-12.737,-18.339,115.099,-244.244,-29.664,13.563,-2.036,-15.172,42.122,218.901,82.855,4.809,9.078,-19.323,88.351,351.389,32.244,10.972,6.067,-12.521,54.855,-3.374,-20.916,0,0
0,49.309,5.991,23.714,-210.606,487.061,15,5,10,0,1,13.656,-9.963,-19.373,167.053,-205.267,-18.321,14.899,-4.642,-17.393,45.313,211.634,93.649,6.502,4.747,-12.818,40.763,-156.076,3.802,8.541,0.137,-14.662,56.473,-7.603,-20.351,0,0
0,53.623,5.998,21.952,-176.171,431.329,15,5,10,0,1,21.45,6.783,-27.895,188.275,-135.924,-25.618,18.715,-11.673,-19.402,38.351,222.931,111.389,5.849,5.851,-12.337,40.733,-380.626,-1.191,10.653,3.116,-12.181,47.13,-7.496,-17.16,0,0
0,57.351,5.968,20.459,-149.346,372.803,15,5,10,0,1,12.409,0.742,-10.473,154.931,-139.573,-29.328,14.43,-3.473,-17.668,98.992,196.153,126.137,5.609,5.741,-14.126,50.076,-138.977,-8.885,9.693,3.171,-11.484,47.191,-4.427,-15.969,0,0
0,60.478,5.899,19.187,-127.144,312.756,15,5,10,0,1,10.605,0.445,-11.982,127.649,-88.473,-30.229,9.422,-1.092,-13.594,78.122,186.519,102.947,4.34,9.62,-19.093,105.786,-267.74,-10.321,10.198,2.318,-11.259,37.466,0.901,-16.336,0,0
0,63.137,5.791,17.943,-124.466,265.893,15,5,10,0,1,7.798,1.562,-16.435,83.298,-62.733,-24.504,13.594,-0.326,-11.573,90.504,182.122,73.908,3.387,5.997,-15.189,60.137,-130.916,-6.489,10.703,1.394,-9.769,36.198,5.924,-14.382,0,0
0,65.423,5.646,16.572,-137.02,228.539,15,5,10,0,1,6.768,0.948,-17.46,56.382,-34.702,-17.023,14.375,1.027,-10.344,82.504,181.74,55.618,2.694,6.146,-15.565,67.176,-137.573,-5.252,9.666,-0.35,-11.839,51.496,7.405,-12.748,0,0
0,67.374,5.462,15.155,-141.69,195.168,15,5,10,0,1,9.283,-0.987,-15.838,40.076,-3.527,-6.901,12.871,2.182,-13.441,73.649,182.458,35.756,2.781,6.088,-13.915,70.519,-134.427,-6.748,10.476,0.707,-10.612,67.679,5.176,-7.206,0,0
0,68.96,5.24,13.778,-137.73,158.604,15,5,10,0,1,4.96,-0.146,-16.506,29.466,25.679,-0.733,12.519,1.7,-12.612,64.931,184.779,23.344,5.188,5.976,-13.999,64.443,465.206,-75.237,10.004,1.684,-11.257,78.565,9.679,-3.557,0,0
0,70.293,4.979,12.563,-121.514,133.312,15,5,10,0,1,4.06,-0.041,-17.141,17.282,50.626,-0.443,11.731,0.292,-12.009,60.031,184.061,18.595,4.359,6.944,-44.03,-369.374,17.084,-231.573,10.136,5.961,-9.379,69.802,10.305,-2.031,0,0
0,71.373,4.681,11.417,-114.624,107.998,15,5,10,0,1,3.157,0.75,-18.19,5.084,66.351,-0.733,11.333,0.141,-11.633,58.718,181.42,13.527,4.019,4.698,-25.435,342.947,46.153,-94.779,9.753,3.375,-10.517,51.359,10.305,-4.443,0,0
0,72.27,4.344,10.34,-107.701,89.71,15,5,10,0,0,3.248,-0.302,-17.563,1.893,85.328,2.641,10.564,0.275,-10.991,58.687,178.153,9.847,5.506,5.544,-12.847,75.771,-442.58,-34.321,8.572,0.553,-10.366,53.13,5.099,-3.542,0,0
0,72.956,3.968,9.501,-83.897,68.527,15,5,10,0,0,2.965,-0.029,-16.868,1.496,102.794,6.901,9.573,0.956,-11.724,60.366,171.74,5.527,5.509,6.626,-14.691,168.565,-402.153,-33.221,6.445,3.612,-8.385,54.656,1.191,-2.153,0,0
0,73.472,3.555,8.85,-65.128,51.59,15,5,10,0,0,2.532,1.588,-16.928,-1.664,122.031,10.214,11.209,0.896,-11.304,56.656,167.603,-0.137,3.233,9.277,-24.573,347.71,267.466,-207.634,10.457,2.92,-8.783,41.664,8.031,-3.16,0,0
0,73.798,3.103,8.271,-57.839,32.627,15,5,10,0,0,1.377,1.238,-16.279,-4.779,139.649,8.153,8.84,1.631,-11.496,50.656,160.244,1.221,5.068,10.81,-18.126,-376.824,-329.542,-115.786,10.711,1.061,-10.258,34.275,2.489,-2.031,0,0
0,73.992,2.612,7.975,-29.652,19.363,15,5,10,0,0,3.013,1.284,-16.13,-1.649,164.824,4.595,9.166,0.156,-12.344,49.13,155.023,-6.626,6.014,7.204,-11.254,76.122,-80.366,-5.573,11,3.664,-6.687,32.565,-12.565,0.275,0,0
0,73.856,2.084,7.879,-9.522,-13.527,15,5,10,0,0,7.252,0.738,-16.432,7.099,189.618,-2.015,7.439,-0.007,-14.174,49.252,153.466,-8.763,4.924,6.932,-12.066,125.237,-108.718,-23.817,8.119,6.682,-8.402,15.023,-16.611,-1.45,0,0
0,73.563,1.517,7.89,1.019,-29.297,15,5,10,0,0,6.534,-2.764,-15.261,23.359,203.221,-8.55,4.85,-0.865,-14.528,50.824,149.359,-1.802,2.788,9.103,-12.449,58.382,-60.87,-8.214,8.914,1.904,-7.872,8.443,-23.405,-2.305,0,0
0,73.036,0.912,7.905,1.522,-52.757,15,5,10,0,0,5.552,0.319,-17.682,23.038,205.878,-7.664,6.186,-1.969,-12.411,61.45,144.672,0.198,2.857,8.805,-15.309,71.252,-179.863,-3.176,7.928,1.995,-9.271,7.45,-22.916,-1.756,0,0
0,72.293,0.268,8.059,15.381,-74.318,15,5,10,0,0,0.723,-1.677,-18.734,51.924,223.954,-21.252,5.566,-2.309,-12.267,71.939,135.847,8,8.723,6.555,-6.74,29.069,-23.511,5.221,3.885,-0.86,-12.55,20.565,-51.389,-1.725,0,0
0,71.399,0,8.561,50.194,-89.367,15,5,10,0,0,2.522,-2.395,-19.735,62.855,234.061,-28.962,6.225,-1.715,-11.568,83.649,127.542,11.344,0.328,4.762,-19.232,52.321,-51.496,-9.282,11.113,6.735,-4.613,-7.557,-37.603,-0.443,0,0
0,70.348,0,8.894,33.314,-105.114,15,5,10,0,0,2.536,-2.213,-18.911,71.405,242.031,-36,6.347,-2.57,-11.767,93.573,118.947,12.595,2.256,8.704,-12.548,4.901,-29.42,-12.168,8.342,1.863,-9.405,-21.817,-41.863,-3.374,0,0
0,69.158,0,9.098,20.439,-118.996,15,5,10,0,0,2.915,-1.471,-19.103,72.534,249.695,-43.099,5.566,-2.242,-12.057,103.802,107.695,14.443,3.77,6.421,-10.339,-7.298,-31.802,-19.328,8.871,-1.135,-9.798,-11.588,-50.427,-0.031,0,0
0,67.85,0,9.296,19.787,-130.783,15,5,10,0,0,4.278,-2.819,-18.595,66.809,254.321,-51.756,5.932,-2.759,-11.237,111.771,99.527,12.947,3.842,6.399,-10.5,-16.076,-76.046,-6.931,8.49,0.525,-9.058,-3.786,-49.145,3.374,0,0
0,66.434,0,9.406,11.021,-141.644,15,5,10,0,0,2.903,-1.693,-19.292,60.29,257.16,-57.038,6.323,-2.115,-10.399,119.863,90.687,8.702,-0.024,6.617,-15.843,-10.565,-49.649,-6.672,10.236,-0.632,-10.121,1.802,-38.718,3.496,0,0
0,64.895,0,9.395,-1.076,-153.82,15,5,10,0,0,2.479,0.074,-21.308,52.977,262.412,-60.076,6.953,-0.323,-11.319,127.802,81.267,-1.267,1.612,5.338,-13.848,-14.656,-50.244,-3.206,9.954,0.596,-10.485,11.435,-46.687,7.176,0,0
0,63.258,0,9.395,-0,-163.754,15,5,10,0,0,2.929,-0.8,-21.68,49.42,261.679,-61.679,6.155,-0.472,-11.848,125.573,69.832,-7.817,2.682,5.717,-13.874,-5.328,-113.756,-203.969,9.494,2.611,-10.785,14.275,-47.954,7.893,0,0
0,61.508,0,9.391,-0.446,-175.015,15,5,10,0,0,4.96,-2.158,-21.991,50.611,267.725,-62.107,4.723,1.336,-12.445,125.466,59.481,-15.389,2.429,5.664,-14.126,1.069,-53.466,-1.649,9.532,1.686,-11.599,11.053,-49.695,6.168,0,0
0,59.673,0,9.391,-0,-183.449,15,5,10,0,0,2.615,-1.638,-22.889,48.855,261.298,-59.053,5.262,1.83,-11.475,116.092,53.053,-25.466,2.203,5.677,-20.075,13.084,-238.183,-16,9.683,1.214,-12.116,10.779,-51.527,6.046,0,0
0,57.725,0,9.391,-0,-194.813,15,5,10,0,0,3.463,-0.73,-25.373,48.336,259.725,-56.183,4.888,2.112,-9.937,101.16,42.031,-32.55,2.014,5.362,-15.275,8.916,-60.718,-1.679,9.63,0.855,-12.133,10.183,-53.008,5.176,0,0
0,55.743,0,9.391,-0,-198.201,15,5,10,0,0,1.681,-2.127,-24.113,40.412,245.664,-52.748,3.782,2.726,-9.154,85.45,33.115,-34.183,2.347,10.008,-20.703,21.053,-259.618,171.847,9.834,-0.326,-12.057,11.328,-57.252,4.214,0,0
0,53.733,0,9.391,-0,-201.039,15,5,10,0,0,1.212,-0.683,-25.385,23.069,233.908,-48,5.056,3.878,-7.063,62.962,17.344,-38.824,3.343,4.56,-14.84,3.71,-134.641,-1.649,10.895,0.117,-11.096,11.695,-57.863,5.71,0,0
0,51.752,0,9.388,-0.309,-198.086,15,5,10,0,0,3.602,-4.234,-23.593,6.412,217.771,-40.733,4.325,3.13,-6.749,45.206,4.672,-37.786,3.645,4.917,-14.974,13.45,-274.214,-4.275,11.041,0.857,-11.403,11.618,-59.206,4.473,0,0
0,49.766,0,9.388,-0,-198.532,15,5,10,0,0,3.408,-4.97,-24.226,-6.183,198.305,-29.832,3.935,2.496,-6.064,36.672,-11.084,-37.557,3.684,4.907,-14.768,23.954,-283.618,-15.267,10.916,1.111,-11.261,9.267,-62.947,1.863,0,0
0,47.855,0,9.388,-0,-191.094,15,5,10,0,0,2.946,-3.775,-25.358,-8.733,196.55,-28.748,2.867,1.212,-5.628,34.26,-25.435,-36.336,4.098,5.079,-17.484,48.779,-145.573,-6.26,11.249,0.831,-9.743,9.74,-65.939,0.473,0,0
0,45.995,0,9.384,-0.401,-186.047,15,5,10,0,0,1.832,-4.093,-26.024,-34.427,149.145,-8.534,2.975,3.37,-5.801,24.809,-39.466,-34.412,4.369,5.978,-13.211,27.389,-74.244,-2.992,11.8,0.125,-9.039,13.099,-65.649,2.931,0,0
0,44.266,0,9.384,-0,-172.909,15,5,10,0,0,2.599,-5.556,-23.972,-42.305,124,3.588,3.772,2.848,-5.094,17.191,-49.42,-32.931,2.388,7.094,-11.51,27.16,-147.069,-11.542,12.116,-0.012,-8.519,22.214,-65.13,6.962,0,0
0,42.607,0,9.362,-2.14,-165.871,15,5,10,0,0,1.368,-5.283,-24.29,-49.588,98.733,16.443,5.171,2.467,-5.121,6.687,-60.26,-30.137,6.981,5.432,-11.764,28.519,-70.763,-1.802,11.987,1.621,-9.781,28.885,-63.038,11.053,0,0
0,41.095,0,9.355,-0.755,-151.234,15,5,10,0,0,4.323,-4.143,-23.272,-63.893,71.298,19.725,12.258,1.765,-2.599,-0.229,-63.817,-31.145,3.88,6.689,-14.162,36.092,-70.672,4.244,12.447,0.951,-9.982,28.947,-70.779,9.313,0,0
0,39.7,0,9.355,-0,-139.527,15,5,10,0,0,8.799,-2.342,-22.377,-69.389,58.977,19.389,14.732,2.009,-2.091,-19.221,-61.328,-27.969,6.035,5.321,-25.723,290.29,-49.832,146.321,12.797,0.271,-9.005,28.366,-73.542,10.427,0,0
0,38.495,0,9.355,-0,-120.472,15,5,10,0,0,6.122,-4.675,-28.819,-93.924,21.023,19.924,13.64,1.832,1.348,-12.733,-49.221,-24.626,5.609,6.155,-13.244,39.084,-63.756,25.099,12.785,-0.632,-8.893,35.145,-72.473,15.603,0,0
0,37.744,0,9.355,-0,-75.108,15,5,10,0,0,3.861,-5.044,-35.123,-98.595,-45.298,19.603,9.503,1.897,-0.307,-26.901,-55.374,-6.107,5.655,5.932,-12.655,42.534,-62.443,30.26,12.564,-0.517,-8.383,38.397,-73.649,19.389,0,0
0,37.598,0,9.355,-0,-14.626,15,5,10,1,0,-1.454,-5.31,-34.742,-84.595,-99.588,15.618,9.015,-0.254,0.364,-28.504,-59.038,2.702,5.525,6.057,-12.538,45.435,-61.359,17.389,12.401,-0.611,-8.201,39.618,-75.771,23.664,1,0
0,37.939,0,9.362,0.755,34.103,5,5,10,1,0,1.461,-8.701,-22.228,-50.198,-148.076,10.107,9.856,-0.072,-1.866,-33.221,-70.55,28.87,5.671,6.256,-11.954,51.237,-59.45,20.55,12.557,-0.527,-7.971,40.779,-78.321,29.42,0,0
0.655,38.663,0,9.384,2.14,72.441,5,5,10,1,0,8.675,-8.751,-8.936,-22.962,-149.359,3.42,11.314,-3.791,-6.277,-35.847,-69.328,49.267,6.902,6.446,-23.05,426.244,-436.275,380.092,12.112,-0.156,-8.486,45.771,-85.069,34.29,0,0
1.273,39.491,0,9.647,26.344,82.81,5,15,10,1,0,8.977,-9.707,-2.232,19.206,-118.29,1.527,10.016,-7.338,-10.361,-31.969,-60.916,67.74,1.48,9.268,-11.036,408.168,-238.656,383.023,14.289,0.211,-7.607,51.985,-107.863,35.053,0,0
1.852,40.169,0,10.281,63.4,67.772,5,15,10,1,0,6.32,-6.256,-4.007,45.756,-88.122,0.412,11.539,-7.597,-11.831,-1.45,-51.695,90.656,2.635,25.381,-20.54,354.305,-301.435,-95.756,12.047,2.819,-8.617,34.015,-110.473,33.893,0,0
2.394,40.63,0,11.259,97.779,46.108,5,15,10,1,0,6.529,-1.832,-14.983,59.649,-60.931,-0.29,8.301,-8.699,-13.4,52.794,-55.053,98.046,4.464,8.971,-15.002,256.855,40.55,126.046,15.096,3.868,-6.838,16.031,-126.031,27.573,0,0
2.897,40.845,0,12.548,128.895,21.561,5,15,10,1,0,0.199,2.934,-22.379,62.397,-69.588,0.046,6.84,-2.754,-10.227,100.519,-66.412,96.565,7.53,5.643,-8.373,54.351,95.695,67.786,13.963,3.616,-7.765,-2,-143.908,20.122,0,0
3.363,40.901,0,14.148,160.012,5.55,5,15,10,1,0,6.577,1.444,-21.835,49.924,-65.756,-2.702,7.08,-0.769,-11.11,123.573,-86.427,78.183,1.581,31.116,1.897,-13.679,316.336,81.954,17.208,3.308,-3.705,-27.389,-143.969,14.168,0,0
3.791,40.798,0,15.847,169.911,-10.3,5,15,10,1,0,6.577,0.704,-22.853,27.832,-71.893,-1.588,10.035,3.169,-7.276,121.893,-86.794,53.298,0.11,12.124,-5.849,-39.206,208.244,85.252,17.297,-3.521,-5.382,-29.878,-149.634,14.336,0,0
4.181,40.483,0,17.795,194.825,-31.506,5,15,10,1,0,9.93,-0.79,-18.799,31.542,-54.55,10.733,11.546,2.254,-6.277,90.107,-88.489,21.176,2.29,0.671,6.917,-246.473,361.527,482.198,16.202,-1.334,-2.644,-20,-155.145,18.061,0,0
4.534,39.743,0,20.099,230.347,-73.963,5,15,10,1,0,8.423,-1.485,-17.999,31.573,-56.122,12.031,11.122,2.045,-7.41,55.878,-96.504,13.71,10.725,3.712,-3.858,-32.55,191.206,22.229,18.085,-0.002,-2.369,-18.855,-157.328,19.634,0,0
4.848,38.477,0,22.578,247.948,-126.652,5,15,10,1,0,8.986,4.637,-19.112,-4.427,-24.626,27.099,15.96,4.826,-6.467,6.916,-114.443,12.168,0.618,8.21,2.175,-58.901,193.649,19.786,19.448,0.721,-0.98,-27.939,-148.397,18.443,0,0
5.124,36.942,0,25.175,259.621,-153.477,5,15,10,1,0,11.338,-2.544,-15.125,-23.649,-5.939,31.313,15.383,9.925,-8.423,-35.664,-127.13,19.527,8.059,7.528,-5.635,-22.626,260.153,28.458,17.843,1.135,-4.701,-30.321,-140.641,17.908,0,0
5.363,35.166,0,27.936,276.124,-177.624,5,15,10,1,0,8.344,6.376,-18.209,-57.588,4.992,40.901,13.989,5.056,-10.358,-87.206,-142.504,20.397,9.247,9.451,-6.675,-38.779,-375.756,58.87,17.134,2.048,-10.191,-38.901,-155.374,17.634,0,0
5.564,33.338,0,31.005,306.954,-182.74,5,15,10,1,0,10.488,-2.309,-11.793,-93.099,12.351,42.763,13.347,4.016,-12.239,-91.435,-151.939,16.55,2.62,23.672,-7.506,-109.802,353.649,31.847,16.214,5.204,-14.878,-53.511,-179.893,18.947,0,0
5.727,31.339,0,34.576,357.068,-199.894,5,15,10,1,0,5.717,3.971,-15.4,-129.053,15.664,52.061,10.155,-0.115,-10.873,-112.595,-158.809,7.298,10.392,11.494,-13.101,-82.153,197.038,2.092,13.956,9.362,-14.344,-81.191,-211.267,14.382,0,0
5.852,29.219,0,38.633,405.682,-212.048,5,15,10,1,0,5.384,-2.812,-14.794,-140.977,25.908,51.649,7.851,1.6,-11.589,-99.466,-165.756,4,12.84,0.078,-19.194,-221.099,432.901,-27.023,12.612,12.148,-12.006,-115.038,-227.481,13.603,0,0
5.939,26.883,0,43.153,451.985,-233.643,5,15,10,1,0,5.813,3.856,-18.494,-156.809,17.267,53.481,6.629,-0.704,-10.818,-111.969,-173.817,-3.145,4.814,8.654,-41.894,478.962,-46.672,-371.053,15.002,4.711,-15.347,-137.954,-205.954,8.962,0,0
5.988,24.447,0,47.913,476.052,-243.531,5,15,10,1,0,4.594,-1.772,-16.118,-154.458,14.611,51.374,8.011,-0.134,-9.02,-101.053,-174.214,-8.885,6.227,6.301,-18.269,-138.473,255.282,-153.802,15.036,2.56,-15.637,-142.275,-204.046,-5.527,0,0
5.999,21.931,0,52.901,498.792,-251.622,5,15,10,1,0,7.175,-4.989,-16.837,-122.489,27.71,47.115,8.289,-1.289,-11.654,-106.855,-171.847,-7.298,5.88,1.047,-19.115,-130.779,259.13,-187.206,12.246,4.996,-17.841,-142.244,-206.397,0.321,0,0
5.973,19.456,0,58.002,510.076,-247.548,5,15,10,1,0,6.316,-6.153,-16.95,-103.649,22.794,45.13,11.089,-4.086,-12.061,-110.55,-176.275,1.542,7.595,3.001,-19.22,-96.214,-443.313,-205.008,15.398,9.096,-16.808,-167.74,-200.947,-7.603,0,0
5.908,17.053,0,63.012,500.978,-240.235,5,15,10,1,0,7.925,-5.707,-17.441,-82.87,25.282,44.84,10.787,-3.961,-12.212,-109.313,-178.031,10.748,6.625,1.787,-18.434,-75.45,284.015,-107.313,13.424,1.997,-17.275,-186.458,-173.42,-17.893,0,0
5.806,14.889,0,67.762,475.011,-216.431,5,15,10,0,0,8.339,-7.439,-15.503,-70.305,28.58,38.962,10.859,-4.979,-13.575,-102.962,-177.115,24.641,7.995,1.812,-28.932,-396.672,140.687,251.359,8.086,-7.025,-17.16,-146.351,-145.924,-13.206,0,0
5.666,12.864,0,71.911,414.906,-202.481,5,15,10,0,0,5.942,-6.519,-16.401,-55.802,20.351,32.412,11.331,-6.479,-10.665,-100.626,-179.069,34.611,9.743,2.757,-14.226,-48.458,-485.145,-161.527,13.901,-4.462,-9.312,-113.252,-82.412,-5.206,0,0
5.488,10.981,0,75.145,323.365,-188.279,5,15,10,0,0,7.286,-8.44,-17.457,-36.122,35.328,30.427,8.977,-5.734,-10.857,-86.641,-176.779,37.038,10.749,8.427,-17.436,-62.198,469.206,-107.786,13.927,-8.615,-10.033,-48.947,-20.565,4.107,0,0
5.272,9.183,0,77.507,236.207,-179.81,5,15,10,0,0,6.811,-5.477,-14.543,-32.031,25.374,26.473,10.052,-2.939,-11.099,-84.855,-169.313,36.748,7.013,4.088,-16.039,-24.092,427.405,-62.443,10.584,-11.223,-15.445,15.71,40.046,7.557,0,0
5.018,7.469,0,79.103,159.634,-171.398,5,15,10,0,0,6.543,-7.223,-14.947,-24.87,32.321,24.397,7.334,-3.468,-10.088,-73.267,-166.458,27.405,5.082,3.65,-15.568,-32.702,400.595,-17.832,7.726,-5.353,-15.606,57.038,76.168,6.702,0,0
4.727,5.788,0,80.232,112.862,-168.08,5,15,10,0,0,6.689,-4.421,-13.57,-21.847,23.145,19.893,9.139,-2.065,-9.848,-77.191,-158.137,21.725,2.421,3.456,-16.018,-31.16,186.595,7.298,8.332,-1.784,-15.867,82.58,102.962,-0.305,0,0
4.397,4.152,0,81.044,81.276,-163.662,5,15,10,0,0,8.368,-7.482,-14.061,-14.687,29.74,20.198,8.217,-3.003,-11.225,-66.26,-156.443,14.183,2.666,1.275,-20.784,-49.557,368.916,74.26,6.043,-0.74,-15.814,89.756,120.87,-3.802,0,0
4.03,2.478,0,81.645,60.082,-167.347,5,15,10,0,0,3.09,-2.108,-15.474,-9.527,19.282,23.389,10.588,-0.752,-9.417,-64.366,-149.954,9.115,2.462,7.541,-20.444,-20.397,365.832,37.496,5.71,0.865,-14.346,74.992,145.237,-5.618,0,0
3.625,0.859,0,81.96,31.448,-161.923,5,15,10,0,0,6.131,-1.83,-14.116,-9.099,26.092,19.969,9.142,-0.074,-12.928,-60.107,-149.267,5.176,1.542,3.909,-15.819,7.939,179.71,20.626,4.637,-0.845,-14.37,59.496,166.107,-1.328,0,0
3.181,-0.763,0,81.949,-1.087,-162.209,5,15,10,0,0,5.839,-1.171,-13.585,-6.916,24.229,20.595,9.103,-2.522,-11.293,-54.275,-143.298,2.779,1.399,6.923,-22.034,39.084,347.42,70.229,4.414,-0.527,-13.331,42.305,187.084,6.061,0,0
2.7,-2.275,0,81.879,-7.004,-151.2,5,15,10,0,0,6.752,-4.929,-11.585,-9.084,20.412,14.58,10.5,-1.047,-12.459,-49.115,-136.168,3.817,0.323,3.71,-16.413,27.298,332.153,0.733,6.289,-6.126,-18.988,47.481,203.267,14.473,0,0
2.182,-3.682,0,81.827,-5.127,-140.705,5,15,10,0,0,4.431,-5.894,-11.805,-5.924,13.496,14.794,9.798,-4.536,-11.573,-44.351,-130.229,8.672,-1.554,4.1,-17.184,29.466,322.321,0.092,2.256,3.415,-14.08,19.206,207.588,20.29,0,0
1.625,-4.909,0,81.447,-38.029,-122.658,5,15,10,0,0,1.957,-4.335,-13.462,-4.55,3.756,13.847,12.217,-1.138,-10.713,-34,-122.412,9.115,2.033,5.149,-16.205,11.969,307.099,-15.511,5.449,-0.726,-14.703,-19.725,234.656,22.779,0,0
1.03,-5.773,0,80.733,-71.434,-86.415,5,15,10,0,0,5.851,-4.934,-12.406,-5.771,-2.504,9.603,15.01,-0.407,-11.616,-32.076,-92.626,7.679,0.489,6.134,-16.542,12.336,320.595,-23.115,6.251,-2.086,-16.289,-23.985,255.084,32.763,0,0
0.398,-6.128,0,79.718,-101.464,-35.523,5,15,10,0,0,3.118,-6.493,-12.413,0.443,-18.107,5.099,18.432,-2.187,-9.271,-28.031,-60.611,7.008,-0.927,7.058,-18.343,-1.71,253.42,-115.664,5.767,-3.48,-18.293,-29.481,273.832,47.802,0,0
0,-5.981,0,78.411,-130.738,14.694,5,15,10,0,0,3.126,-5.513,-11.867,12.458,-32.794,0.916,18.523,-2.742,-6.601,-26.443,-26.824,8.885,-0.041,7.798,-16.981,-20.519,125.45,-17.16,7.813,1.691,-15.546,-39.13,284.519,61.359,0,0
0,-5.63,0,76.796,-161.476,35.122,5,15,10,0,0,6.644,-8.603,-7.051,32.809,-29.267,1.313,8.543,-4.261,-7.422,-13.053,-27.176,17.603,-0.515,8.397,-17.354,-53.557,227.863,-28.122,6.56,-0.153,-16.765,-50.397,295.756,70.122,0,0
0,-5.484,0,74.888,-190.762,14.614,5,15,10,0,0,7.772,-2.826,-8.79,22.748,-24.427,3.664,5.456,-4.057,-6.426,10.458,-43.008,12.641,-2.472,9.326,-18.121,-60.061,100.58,-12.855,5.935,-1.044,-17.625,-51.618,303.13,81.634,0,0
0,-5.597,0,72.724,-216.454,-11.318,5,15,10,0,0,5.348,-2.074,-9.544,-6.076,-29.405,0.489,5.928,-0.11,-5.643,19.466,-63.069,10.29,-3.779,12.731,-2.702,323.053,-308.779,-119.939,5.348,-1.772,-18.995,-52.55,309.924,89.878,0,0
0,-5.655,0,70.398,-232.579,-5.836,5,15,10,0,0,2.498,-5.494,-7.231,-28.168,-46.198,-3.985,10.143,-1.159,-3.916,15.985,-63.115,9.359,-5.882,8.397,-18.918,-117.985,142.947,-48.122,7.386,2.603,-17.558,-48.321,309.71,92.412,0,0
0,-5.934,0,67.934,-246.438,-27.878,5,15,10,0,0,2.932,-5.573,-12.569,-20.855,-48.733,-4.947,14.289,-0.244,-3.075,7.954,-69.527,9.924,-5.341,9.507,-39.824,-35.664,3.893,-82.076,6.028,2.673,-20.154,-37.603,296.443,91.115,0,0
0,-6.205,0,65.396,-253.739,-27.077,5,15,10,0,0,8.641,-4.771,-8.306,-24.702,-53.053,-7.924,12.119,0.41,-7.341,-10.901,-66.229,13.786,-4.273,3.96,-38.292,-202.87,429.069,0,3.981,2.84,-21.605,-44.473,292.794,83.42,0,0
0,-6.315,0,62.84,-255.616,-10.975,5,15,10,0,0,5.42,-4.596,-10.562,-31.832,-62.458,-8.595,18.023,1.54,-5.959,-23.084,-51.71,9.359,-4.031,4.188,-22.168,-310.473,194.198,8.427,7.355,4.397,-19.85,-48.809,286.641,77.298,0,0
0,-6.296,0,60.313,-252.755,1.843,5,15,10,0,0,7.992,-5.171,-10.96,-16.748,-56.443,-6.229,12.224,-0.565,-9.563,-27.496,-50.779,7.71,-1.356,6.707,-14.097,-285.618,165.802,63.878,3.202,3.118,-21.067,-43.679,263.511,75.389,0,0
0,-6.26,0,57.823,-248.967,3.628,5,15,10,0,0,7.578,-3.2,-12.382,-13.466,-61.267,-6.321,9.456,-1.669,-11.213,-23.008,-54.458,8.458,-3.061,1.39,-14.064,-227.481,111.573,86.962,2.39,-0.381,-26.017,-35.71,249.557,72.336,0,0
0,-6.245,0,55.391,-243.199,1.499,5,15,10,0,0,10.272,-4.982,-10.296,-14.595,-63.649,-8.458,8.991,-1.66,-12.282,-18.611,-56.336,10.153,-2.582,0.316,-8.627,-147.908,26.504,90.931,3.154,1.152,-24.757,-28.168,224.855,67.435,0,0
0,-6.194,0,53.088,-230.347,5.127,5,15,10,0,0,8.507,-3.24,-14.167,-14.901,-66.901,-7.603,10.186,-1.444,-12.581,-10.763,-60,7.802,-3.284,0.096,-9.077,-69.145,12.412,21.725,6.704,1.059,-24.939,-13.603,203.802,57.084,0,0
0,-6.121,0,50.905,-218.239,7.267,5,15,10,0,0,7.271,-2.359,-14.564,-20.183,-72.137,-10.412,13.074,0.663,-12.55,-11.45,-61.069,7.053,-3.99,2.5,-4.531,-7.557,-105.527,205.802,3.753,4.098,-23.818,3.466,169.695,45.664,0,0
0,-5.787,0,48.909,-199.608,33.382,5,15,10,0,0,11,-2.991,-12.31,-20.977,-75.389,-13.695,12.124,-0.541,-13.592,-23.237,-46.672,11.634,-2.611,1.873,-2.73,8.779,-72.794,91.725,4.45,4.275,-23.296,22.58,130.397,32.214,0,0
0,-5.366,0,47.097,-181.229,42.091,5,15,10,0,0,6.608,-7.786,-12.236,-6.641,-80.962,-13.939,10.327,-0.405,-12.588,-23.511,-43.603,18.29,-1.499,6.265,-2.021,28.26,-192.366,72,4.352,7.779,-20.624,30.763,96.55,17.038,0,0
0,-4.909,0,45.555,-154.221,45.754,5,15,10,0,0,9.75,-5.145,-10.821,-6.885,-79.053,-12.55,9.561,-0.857,-11.975,-21.466,-40.458,16.26,-1.406,0.606,-7.231,18.519,-235.786,30.412,5.279,4.146,-23.308,45.084,62.702,0.061,0,0
0,-4.469,0,44.306,-124.89,43.968,5,15,10,0,0,7.942,-0.153,-15.022,-16.855,-80.779,-12.412,12.914,-1.569,-11.257,-18.473,-35.588,6.672,-1.277,0.927,-7.765,38.824,-69.725,-0.748,3.686,6.886,-23.713,49.603,28.366,-15.649,0,0
0,-3.986,0,43.353,-95.226,48.328,5,15,10,0,0,8.909,-3.214,-13.534,-16.351,-82.962,-17.008,12.349,-1.768,-11.855,-20.519,-34.58,4.504,-2.036,1.403,-7.923,97.664,-314.763,-94.412,2.656,7.563,-23.311,47.649,-4.87,-32.84,0,0
0,-3.539,0,42.753,-60.047,44.701,5,15,10,0,0,8.795,-1.176,-15.529,-16.229,-80.931,-18,13.213,-1.008,-11.915,-24.137,-36.473,2.977,5.231,4.735,-6.332,52.275,-76.458,-10.29,10.375,-2.582,-24.582,68.214,-26.382,-19.969,0,0
0,-3.048,0,42.574,-17.91,49.084,5,15,10,0,0,11.101,-2.666,-13.371,-18.275,-82.351,-21.191,13.01,0.096,-12.03,-34.244,-37.908,6.351,4.292,2.396,-10.73,74.55,-299.618,-5.985,10.33,5.08,-22.31,74.748,-50.489,-1.023,0,0
0,-2.525,0,42.628,5.459,52.311,5,15,10,0,0,9.161,-2.891,-12.844,-19.023,-84.504,-21.802,11.724,1.188,-11.594,-43.328,-36.305,9.557,4.737,3.479,-10.653,14.763,-299.13,-99.664,10.794,4.962,-21.399,27.969,-71.863,13.038,0,0
0,-2.037,0,42.918,28.931,48.763,5,15,10,0,0,9.463,-4.208,-11.654,-20,-79.969,-21.863,8.656,-0.22,-12.361,-50.122,-43.435,8.58,-0.172,9.308,-12.833,-28.046,-300.962,-167.45,13.314,3.928,-5.949,-34.519,-83.649,16.611,0,0
0,-1.609,0,43.134,21.652,42.835,5,15,10,0,1,8.62,-1.344,-13.036,-29.16,-83.008,-24.183,11.681,0.065,-9.673,-54.092,-40.733,3.45,3.624,1.9,-14.504,-309.756,321.206,-376.427,14.176,0.225,0.204,-87.344,-57.084,17.252,0,1
0,-1.22,0,43.226,9.178,38.841,5,5,10,0,1,9.884,0.129,-12.976,-38.718,-77.191,-26.26,12.325,-1.693,-9.496,-57.191,-43.939,-6.29,2.261,8.598,-11.156,-73.481,-136.626,-111.511,14.986,-5.092,-0.853,-84.397,-43.969,5.679,0,0
0,-0.862,0.659,43.226,-0,35.854,5,5,10,0,1,9.844,-4.002,-8.589,-45.603,-84.87,-29.878,13.089,-0.16,-8.754,-56.412,-41.878,-8.137,4.155,3.837,-8.763,-116.87,-121.481,-263.573,10.67,-4.536,-9.271,-62.931,-60.29,-3.008,0,0
0,-0.518,1.279,43.277,5.127,34.378,15,5,10,0,1,9.757,-1.669,-10.823,-53.237,-77.252,-28.275,13.757,-1.324,-8.708,-55.664,-37.099,-18.55,-1.341,0.94,-14.83,-262.244,-222.687,-289.466,11.558,4.388,-18.413,-60.214,-67.557,-16.87,0,0
0,-0.129,1.862,43.709,43.133,38.876,15,5,10,0,1,10.56,-5.394,-9.456,-54.656,-89.115,-31.45,17.201,0.242,-7.369,-55.924,-25.74,-18.336,1.971,0.256,-4.584,-116.015,-193.481,-307.725,7.944,2.912,-18.89,-56.809,-103.435,-22.55,0,0
0,0.453,2.405,44.529,82.054,58.182,15,5,10,0,1,9.685,-3.348,-9.319,-54.076,-86.702,-29.664,15.936,-1.538,-7.901,-57.191,-9.481,-22.214,1.324,-0.477,-7.717,-61.389,-51.924,-150.443,7.104,1.406,-15.898,-53.389,-114.504,-26.916,0,0
0,1.27,2.911,45.423,89.356,81.734,15,5,10,0,1,8.73,-5.123,-8.373,-49.679,-98.321,-30.962,17.936,0.328,-7.18,-56.061,10.473,-17.252,-0.165,3.752,-13.359,-43.74,-257.664,-300.763,9.59,3.777,-10.969,-71.847,-96.183,-19.634,0,0
0,2.372,3.378,45.793,36.999,110.195,15,5,10,0,1,10.394,-3.039,-5.588,-47.847,-97.832,-32.809,15.311,-1.38,-6.74,-57.191,27.13,-12.565,1.686,4.771,-14.406,1.115,-194.061,-124.977,10.837,-6.411,-15.522,-63.267,-65.985,-16.321,0,0
0,3.752,3.807,45.555,-23.815,138.05,15,5,10,0,1,8.481,-4.328,-5.31,-54.427,-107.053,-35.344,16.624,-0.742,-4.874,-54.641,45.176,-9.252,4.227,2.789,-15.194,-8.534,-488.321,-361.527,12.255,-10.83,-17.56,-14.611,-50.489,-11.069,0,0
0,5.467,4.198,44.867,-68.802,171.433,15,5,10,0,1,6.852,-6.086,-6.076,-63.237,-116.855,-38.962,16.679,-0.216,-2.594,-50.672,65.267,-8.336,5.214,0.714,-13.192,-0.824,-133.74,-27.038,14.947,-1.461,-14.171,1.695,-30.473,-18.626,0,0
0,7.502,4.55,43.706,-116.078,203.568,15,5,10,0,1,3.506,-4.804,-10.696,-64.061,-126.153,-36.84,16.253,0.232,-3.164,-53.481,88.107,-13.115,4.504,-3.666,-30.867,132.718,-420.183,-386.931,15.242,-3.696,-14.155,37.771,-21.832,-24.397,0,0
0,9.989,4.865,42.145,-156.029,248.635,15,5,10,0,1,11.515,-11.455,-8.246,-46.901,-143.725,-38.962,11.587,1.083,-4.397,-46.947,110.626,-5.771,3.171,5.989,-20.616,26.122,390.763,-26.137,12.497,0.28,-10.689,32.748,11.389,-17.664,0,0
0,12.787,5.14,40.058,-208.718,279.786,15,5,10,0,1,5.159,-5.25,-18.806,-45.618,-165.313,-35.359,13.266,-1.736,-4.208,-40.672,135.847,-18.702,2.323,5.511,-14.327,12.153,-174.55,-36.763,16.267,0.17,-9.475,43.649,31.908,-9.298,0,0
0,16.123,5.378,37.491,-256.749,333.63,15,5,10,0,1,11.29,-7.628,-18.114,-22.26,-193.053,-38.031,16.535,-1.092,-5.691,-40.55,157.191,-12.26,1.875,3.718,-14.993,1.878,-366.901,19.176,7.59,3.001,-8.72,54.122,33.237,-8.947,0,0
0,19.858,5.577,34.645,-284.592,373.513,15,5,10,0,1,11.566,-4.682,-21.275,5.511,-209.176,-33.74,14.176,-3.111,-7.302,-31.42,175.405,-14.427,3.078,5.92,-9.947,5.038,-181.237,10.809,1.964,-5.643,-12.133,85.588,11.389,-17.496,0,0
0,24.066,5.738,31.84,-280.495,420.823,15,5,10,0,1,9.707,-6.215,-19.364,38.763,-227.023,-31.237,18.607,-4.237,-7.365,-12.412,202.656,-7.191,1.051,3.933,-13.333,0.473,-175.908,-0.534,9.491,-0.838,-14.253,88.473,8.015,-24.061,0,0
0,28.527,5.86,29.232,-260.766,446.046,15,5,10,0,1,17.872,-10.837,-15.52,60.412,-224.626,-35.924,17.522,-5.391,-10.452,8.092,214.809,13.069,2.445,3.594,-15.587,-8.137,-352.977,375.206,9.405,0.623,-12.641,69.954,1.786,-23.206,0,0
0,33.152,5.945,26.959,-227.36,462.48,15,5,10,0,1,11.551,-4.792,-17.287,76.718,-223.374,-33.115,9.968,-4.898,-14.085,34.931,210.214,30.55,5.547,2.163,-12.198,-9.389,-312.382,-4.183,10.174,3.109,-12.042,52.702,-0.565,-22.382,0,0
0,37.839,5.991,25.128,-183.117,468.762,15,5,10,0,1,14.978,-8.251,-18.296,87.603,-218.626,-34.534,12.564,-4.546,-14.085,53.344,216.015,43.847,6.701,3.461,-11.999,-5.71,-140.107,-15.634,8.584,3.135,-13.441,18.397,-1.45,-26.305,0,0
0,42.46,5.998,23.729,-139.87,462.136,15,5,10,0,1,-14.076,17.429,-36.799,85.771,-230.611,-25.878,13.625,-6.799,-10.442,66.702,218.702,87.832,5.693,4.456,-15.529,-0.748,-252.382,-34.046,10.651,4.251,-9.844,-5.206,-4.214,-25.679,0,0
0,47.123,5.968,22.502,-122.692,466.222,15,5,10,0,1,7.803,-7.774,-17.292,107.756,-219.115,-36.901,13.391,1.334,-13.376,104.504,194.015,72.992,3.904,2.652,-35.925,27.328,12.687,359.084,8.929,0.601,-11.57,-18.87,-0.794,-29.832,0,0
0,51.525,5.899,21.323,-117.932,440.198,15,5,10,0,1,12.892,-3.954,-20.686,148.565,-178.58,-20.412,15.548,1.126,-15.85,62.382,208.061,83.756,2.759,1.345,-22.714,63.969,26.366,387.908,9.42,-2.28,-11.594,-0.718,0.29,-24.55,0,0
0,55.516,5.791,20.198,-112.416,399.171,15,5,10,0,1,14.43,-0.946,-19.761,141.924,-148.061,-20.641,11.681,-0.656,-18.169,81.603,210.977,77.389,3.078,6.467,-12.138,4.198,-242.305,-35.634,10.483,2.215,-7.901,19.023,-2.473,-18.748,0,0
0,58.999,5.646,19.034,-116.49,348.256,15,5,10,0,1,10.026,-2.467,-18.458,145.389,-121.863,-24.076,20.37,-0.608,-13.553,73.74,222.198,81.481,2.637,5.36,-13.161,32.84,-250.916,-31.969,9.23,-0.156,-10.809,35.313,0.427,-18.916,0,0
0,62.068,5.462,17.818,-121.525,306.908,15,5,10,0,1,13.575,-2.536,-14.147,138.214,-85.13,-25.328,17.709,-3.214,-13.561,70.198,229.206,80.855,2.896,6.319,-14.974,82.977,494.763,-3.786,9.724,0.125,-10.236,49.695,0.229,-13.771,0,0
0,64.789,5.24,16.595,-122.338,272.107,15,5,10,0,1,8.416,0.153,-16.19,115.802,-61.466,-27.221,14.27,0.28,-12.14,74.168,225.985,78.916,3.478,5.156,-13.065,51.832,-127.405,-29.924,8.567,0.139,-11.994,61.893,-0.122,-10.748,0,0
0,67.294,4.979,15.485,-110.939,250.477,15,5,10,0,1,7.791,1.473,-16.631,96.672,-31.527,-21.435,13.51,0.575,-11.669,74.947,221.817,64.656,3.846,5.911,-12.435,58.58,-242.214,-56.305,8.962,2.357,-10.842,60.641,-2,-9.466,0,0
0,69.543,4.681,14.471,-101.498,224.877,15,5,10,0,1,6.565,1.138,-16.083,70.977,-9.145,-13.389,13.307,1.717,-11.616,71.069,220.489,54.366,3.552,5.504,-14.099,66.168,-115.42,-17.374,10.251,2.249,-10.852,51.176,-2.779,-8.626,0,0
0,71.604,4.344,13.592,-87.845,206.154,15,5,10,0,1,6.038,6.364,-17.965,49.069,24.916,-2.336,9.175,-0.048,-13.434,68.931,211.13,40.046,5.441,5.01,-13.197,68.198,-119.405,-71.328,9.456,1.2,-12.358,48.229,-7.176,-8.595,0,0
0,73.567,3.968,13.024,-56.774,196.244,15,5,10,0,1,5.099,3.415,-15.953,11.511,45.603,-3.221,12.746,2.177,-12.962,60.351,218.321,25.725,5.662,6.474,-13.01,64.763,-93.725,-33.863,9.115,6.692,-8.519,24.351,-15.573,-7.908,0,0
0,75.376,3.555,12.599,-42.526,180.92,15,5,10,0,1,4.675,0.683,-16.293,-9.756,70.031,-1.084,12.607,0.345,-9.858,47.618,222.153,14.29,5.24,8.526,-12.248,56.397,-88.397,-15.588,9.305,4.208,-9.491,-0.809,-15.267,-12.443,0,0
0,76.911,3.103,12.23,-36.942,153.488,15,5,10,0,1,4.483,0.889,-16.535,-11.13,72.626,-0.55,12.536,0.393,-11.429,40.031,216.916,1.115,1.942,6.883,-14.052,48.824,-82.275,-25.191,13.271,1.217,-7.434,-3.374,-9.542,-12.275,0,0
0,78.097,2.612,11.805,-42.481,118.584,15,5,10,0,1,8.682,-1.851,-11.822,-42.794,128.244,1.649,8.814,-2.912,-13.474,28.534,203.634,-1.985,1.887,2.772,-25.119,114.183,347.344,-119.45,9.8,0.187,-8.905,2.824,-16.137,-11.969,0,0
0,78.724,2.084,11.376,-42.835,62.702,15,5,10,0,1,4.198,3.181,-19.194,-43.74,160.473,3.267,10.057,-2.316,-11.896,39.634,190.702,-14.153,4.287,6.319,-12.684,33.603,-313.115,-15.817,7.405,-0.62,-10.445,20.55,-27.252,-10.504,0,0
0,78.869,1.517,11.12,-25.658,14.591,15,5,10,0,1,0.398,2.112,-19.007,-34.26,182.58,0.351,11.249,-0.481,-10.703,44.092,175.344,-17.176,5.65,5.262,-11.161,12.137,-132.595,-11.359,9.427,2.522,-9.034,27.634,-33.802,-10.229,0,0
0,78.668,0.912,11.028,-9.144,-20.142,15,5,10,0,1,4.349,-2.915,-15.457,-15.45,210.84,-3.45,7.154,-0.263,-13.75,52.656,161.328,-16.061,7.348,5.374,-9.733,108.382,-249.908,-37.008,8.191,3.571,-9.175,17.542,-40.534,-11.435,0,0
0,78.068,0.268,11.076,4.704,-60.013,15,5,10,0,1,3.652,-1.775,-18.181,-1.756,235.115,-7.45,6.517,-0.357,-12.397,61.557,147.313,-18.885,3.492,7.525,-13.005,35.573,-53.069,-10.153,11.178,2.541,-7.837,2.229,-35.328,-13.252,0,0
0,77.057,0,11.061,-1.408,-101.097,15,5,10,0,1,2.23,-1.554,-18.621,26.244,255.389,-10.58,7.219,-1.6,-12.377,63.221,133.344,-16.947,2.884,8.435,-13.086,25.023,-222.55,-105.527,9.075,2.577,-8.993,-4.122,-36.718,-14.061,0,0
0,75.676,0,11.028,-3.296,-138.062,15,5,10,0,1,0.838,-0.654,-19.79,39.908,270,-19.664,6.541,-1.933,-11.824,66.458,119.618,-12.702,2.496,15.449,-15.39,31.74,-112.687,-26.076,10.512,1.38,-8.114,-4.336,-41.099,-14.351,0,0
0,74.05,0,11.024,-0.401,-162.644,15,5,10,0,1,1.521,-1.219,-19.563,55.42,283.252,-29.679,6.27,-2.668,-12.004,70.458,106.107,-11.099,4.704,6.295,-11.223,5.42,-241.115,-24.55,7.923,0.788,-9.839,7.985,-50.504,-11.939,0,0
0,72.204,0,10.985,-3.971,-184.559,15,5,10,0,1,1.516,-0.944,-18.375,59.374,293.008,-39.527,6.603,-1.727,-12.849,82.046,95.542,-9.13,3.935,5.772,-11.352,6.427,-235.557,-42.931,9.606,1.794,-8.189,16.26,-53.802,-10.824,0,0
0,70.219,0,10.98,-0.446,-198.498,15,5,10,0,0,1.775,-0.723,-19.565,57.802,300.015,-48.595,4.594,-2.436,-13.446,94.412,82.321,-8.076,2.807,5.791,-12.883,12.962,-120.626,-24.366,10.845,3.528,-8.531,11.618,-50.794,-12.55,0,0
0,68.092,0,10.959,-2.14,-212.769,15,5,10,0,0,-0.824,1.3,-20.997,50.565,301.603,-57.359,6.603,-3.123,-12.227,112.198,74.748,-11.42,3.346,5.99,-13.347,20.137,-60.504,-28.824,9.719,2.371,-10.739,4.916,-52.977,-13.206,0,0
0,65.92,0,10.952,-0.71,-217.129,15,5,10,0,0,1.782,-2.122,-19.778,45.221,303.557,-63.924,5.521,-2.917,-12.358,124.824,62.214,-6.641,2.999,6.028,-14.157,25.282,-62.534,-15.618,10.27,2.316,-11.003,0.626,-54.275,-13.557,0,0
0,63.672,0,10.952,-0,-224.842,15,5,10,0,0,4.876,-4.131,-19.143,38.687,303.45,-66.58,4.457,-1.198,-13.429,138.076,51.878,-8.076,2.876,5.849,-13.953,29.756,-128.656,-34.137,9.678,1.286,-11.352,2.076,-56.519,-13.389,0,0
0,61.412,0,10.952,-0,-225.998,15,5,10,0,0,5.197,-2.46,-20.789,33.603,303.71,-63.893,2.354,0.405,-13.395,145.252,42.84,-15.817,2.783,5.875,-14.095,35.71,-67.618,-18.214,10.097,0.848,-10.718,8.214,-57.481,-12.183,0,0
0,59.09,0,10.952,-0,-232.167,15,5,10,0,0,3.324,-3.966,-22.07,28.947,293.038,-60.214,3.94,2.328,-10.95,141.481,39.115,-24.092,3.231,5.883,-19.261,68.809,-275.802,-70.595,10.265,0.999,-10.612,15.618,-57.496,-10.122,0,0
0,56.794,0,10.948,-0.366,-229.592,15,5,10,0,0,3.803,-4.469,-22.645,27.618,282.092,-55.588,5.923,3.664,-8.062,128.015,33.282,-30.824,4.208,6.711,-15.168,45.542,-140.412,-31.908,11.113,0.599,-11.089,22.595,-57.16,-6.656,0,0
0,54.44,0,10.944,-0.446,-235.474,15,5,10,0,0,7.405,-4.186,-22.116,25.344,280.626,-47.969,4.742,3.949,-8.478,110.412,24.733,-39.328,4.883,5.523,-14.777,50.275,-131.313,-24.305,11.822,0.929,-10.718,31.573,-54.809,-2.244,0,0
0,52.103,0,10.937,-0.71,-233.643,15,5,10,0,0,5.99,-3.873,-24.441,14.183,265.695,-41.405,5.6,3.83,-8.1,89.267,18.351,-43.832,4.768,6.189,-14.717,52.947,-63.359,-9.649,12.789,0.534,-9.139,35.267,-52.046,0.733,0,0
0,49.723,0,10.787,-14.957,-238.049,15,5,10,0,0,2.941,-3.904,-25.148,5.939,249.496,-30.977,5.109,5.659,-6.464,66.489,7.267,-44.885,-0.762,6.119,-18.279,50.702,-51.557,-18.198,14.899,0.314,-7.825,32.656,-32.168,0.992,0,0
0,47.419,0,10.395,-39.196,-230.37,15,5,10,0,0,4.39,-4.802,-24.192,-4.885,231.038,-19.786,3.933,4.718,-5.868,43.13,-4.366,-40.321,1.116,10.295,-23.773,99.313,-314.702,-28.58,8.907,-1.008,-10.162,39.374,-42.061,4.107,0,0
0,45.134,0,9.864,-53.101,-228.505,15,5,10,0,0,-0.965,-1.882,-27.552,-24.733,199.634,-9.038,6.701,3.791,-2.541,17.237,-18.779,-36.046,3.976,3.904,-14.935,43.115,-83.298,-0.992,11.149,-3.121,-11.185,58.947,-39.237,9.221,0,0
0,43.04,0,9.432,-43.224,-209.427,15,5,10,0,0,2.991,-5.427,-24.851,-38.153,176.244,2.229,5.6,4.642,-2.761,-2.321,-31.252,-28.809,5.566,7.009,-14.59,81.878,-269.618,52.519,8.311,-2.172,-9.776,71.313,-62.687,12.611,0,0
0,41.12,0,9.27,-16.171,-191.941,15,5,10,0,0,1.322,-4.977,-25.263,-56.443,139.71,14.061,6.428,4.273,-3.322,-16.901,-43.389,-23.313,6.091,4.28,-12.837,57.023,-111.42,14.901,9.089,0.06,-11.613,74.458,-66.443,15.74,0,0
0,39.389,0,9.322,5.15,-173.172,15,5,10,0,0,1.65,-5.588,-25.157,-66.718,111.847,26.427,6.962,1.892,-2.141,-26.198,-54.122,-20.977,6.088,5.918,-12.581,61.405,-52.244,11.588,12.84,4.172,-8.672,41.649,-55.908,15.725,0,0
0,37.839,0,9.322,-0,-154.942,15,5,10,0,0,5.497,-2.642,-24.796,-77.191,87.313,28.55,6.929,2.764,-3.461,-43.221,-56.489,-15.084,4.519,7.258,-18.542,118.519,-102.534,30.046,10.768,2.189,-11.242,20.473,-61.634,13.374,0,0
0,36.492,0,9.333,1.156,-134.709,15,5,10,0,0,1.456,-4.721,-27.603,-85.115,45.145,34.718,7.858,3.664,-1.962,-34.977,-55.603,-10.321,6.457,8.042,-11.587,49.313,-60.519,20.824,8.857,3.89,-7.331,12.031,-83.466,15.16,0,0
0,35.437,0,9.388,5.47,-105.469,15,5,10,0,0,-5.868,-2.567,-35.525,-77.695,2.672,38.885,9.139,3.691,-2.328,-45.298,-58.168,-6.275,5.087,12.594,-17.829,69.053,-216.244,22.595,13.206,-1.36,-9.872,18.763,-69.313,15.985,0,0
0,34.917,0,9.575,18.7,-52.013,15,5,10,0,0,2.354,-5.209,-32.242,-69.481,-58.336,27.435,6.342,-0.096,-3.837,-46.183,-67.023,16.412,9.341,4.815,-10.442,76.687,-100.58,-458.992,9.173,-3.614,-14.583,35.023,-79.511,17.756,0,0
0,35.034,0,10.003,42.767,11.707,15,5,10,1,0,2.642,-4.97,-26.453,-61.634,-116.168,11.16,8.062,-3.573,-3.341,-39.786,-61.481,30.443,5.777,6.017,-16.53,88.901,-193.832,10.931,12.334,3.434,-6.174,25.573,-93.832,20.962,1,0
0,35.532,0,10.439,43.614,49.748,5,5,10,1,0,6.658,-2.203,-19.38,-42.122,-135.191,-1.115,12.509,-6.689,-7.149,-31.802,-69.496,36.977,7.233,2.806,-27.035,423.557,-362.015,30.534,13.153,-1.334,-11.815,26.733,-88.214,14.702,0,0
0.655,36.301,0,11.003,56.442,76.973,5,15,10,1,0,11.106,-9.305,-2.153,-9.71,-125.435,-6.611,11.927,-3.205,-8.596,-12.779,-57.237,48.427,7.283,6.18,-13.599,99.588,-79.939,9.282,13.204,0.46,-7.247,24.214,-99.282,15.756,0,0
1.273,37.048,0,11.563,55.996,74.673,5,15,10,1,0,10.133,-10.799,-1.111,33.969,-92.748,3.481,12.72,-4.627,-8.878,6.397,-37.328,64.244,8.45,5.609,-10.461,57.557,-23.221,10.916,15.592,0.702,-4.814,31.206,-104.519,18.153,0,0
1.852,37.777,0,12.197,63.389,72.842,5,15,10,1,0,3.789,-4.754,-9.331,49.206,-79.649,7.786,10.531,-5.331,-7.872,38.382,-21.466,80.901,3.219,2.069,-5.719,233.084,-13.664,41.771,16.006,-0.719,-3.612,57.221,-114.031,19.817,0,0
2.394,38.513,0,13.115,91.839,73.677,5,15,10,1,0,6.799,-4.706,-16.54,49.542,-87.038,5.344,5.487,-6.179,-8.258,76.046,-28.107,88.901,3.238,14.82,-5.063,112.427,71.328,64.183,15.108,4.577,0.01,54.55,-120.26,18.458,0,0
2.897,39.209,0,14.214,109.898,69.569,5,15,10,1,0,8.572,-4.091,-23.986,47.191,-95.786,3.527,5.904,-5.281,-6.021,101.405,-43.542,75.45,10.519,6.179,-7.628,48.763,32.962,11.74,15.86,3.415,-1.77,40.672,-111.985,12.427,0,0
3.363,39.722,0,15.441,122.704,51.258,5,15,10,1,0,4.17,-1.677,-24.137,48.244,-101.786,3.267,5.837,-4.266,-6.493,99.511,-60.153,52.809,9.314,5.077,-4.977,67.664,200.489,30.473,15.893,-0.46,-0.829,31.237,-113.939,8.718,0,0
3.791,39.887,0,16.942,150.101,16.502,5,15,10,1,0,9.319,-4.874,-17.888,55.573,-87.664,2.336,10.267,-0.913,-7.966,82.641,-75.328,41.16,2.821,5.729,15.434,178.076,-389.985,61.069,13.297,-0.999,-2.165,32.412,-124.55,9.893,0,0
4.181,39.641,0,18.923,198.109,-24.593,5,15,10,1,0,10.703,-2.211,-15.891,59.908,-64.992,4.427,10.703,1.15,-10.258,46.824,-91.924,38.687,8.32,8.943,-0.096,33.466,196.153,37.374,14.892,1.284,-3.533,21.74,-131.725,12.977,0,0
4.534,38.924,0,21.392,246.861,-71.709,5,15,10,1,0,5.968,1.039,-17.333,39.527,-46.397,13.817,13.103,2.251,-11.386,16.443,-113.557,40.931,7.64,6.95,-6.143,12.336,262.198,29.313,13.707,1.861,-5.865,17.282,-142.885,10.214,0,0
4.848,37.901,0,24.197,280.484,-102.23,5,15,10,1,0,8.471,2.309,-16.229,3.282,-30.58,20.595,12.995,1.875,-11.307,3.557,-131.649,39.969,7.353,6.778,-8.042,0.977,309.588,30.382,15.501,2.783,-8.874,2.794,-160.473,7.863,0,0
5.124,36.422,0,27.325,312.779,-147.95,5,15,10,1,0,7.288,5.101,-18.456,-24.382,-4.992,29.695,10.876,4.584,-13.944,-2.321,-146.489,29.069,10.112,0.048,-8.785,4.641,351.298,6.351,15.812,6.021,-11.898,-14.779,-176.672,6.275,0,0
5.363,34.672,0,30.778,345.326,-175.038,5,15,10,1,0,6.917,6.526,-16.559,-81.924,-3.969,28.962,12.476,3.585,-11.886,-26.443,-154.931,20.534,10.596,12.078,-11.652,-20.229,191.221,13.71,16.281,7.391,-14.109,-35.435,-195.206,2.092,0,0
5.564,32.603,0,34.602,382.382,-206.875,5,15,10,1,0,7.204,3.801,-18.636,-86.534,28.092,38.809,7.535,5.025,-11.17,-35.908,-160.992,10.489,12.059,3.484,-18.346,-122.26,-174,-2.809,15.877,10.816,-13.673,-71.756,-212.336,2.947,0,0
5.727,30.28,0,38.805,420.365,-232.235,5,15,10,1,0,6.819,2.5,-12.121,-119.313,22.473,49.16,7.628,5.746,-12.682,-66.122,-170.122,3.191,12.629,7.853,-16.171,-83.527,220.809,-21.924,18.102,11.261,-9.348,-103.389,-209.695,-1.573,0,0
5.852,27.651,0,43.298,449.307,-262.94,5,15,10,1,0,3.626,3.688,-15.69,-131.725,16.733,54.26,9.954,5.602,-8.114,-74.718,-175.313,-7.267,11.678,6.655,-27.001,-206.626,465.511,-234.504,12.871,2.613,-18.058,-121.084,-198.84,-2.412,0,0
5.939,25.052,0,47.909,461.083,-259.942,5,15,10,1,0,3.348,-1.564,-17.596,-136.031,14.489,54.733,5.825,4.215,-9.86,-94.244,-177.237,-10.794,7.765,5.609,-19.165,-118.092,-428.656,-305.466,13.592,4.124,-16.693,-128.351,-190.977,-5.985,0,0
5.988,22.553,0,52.652,474.221,-249.825,5,15,10,1,0,7.65,-6.091,-13.546,-130.412,5.71,50.198,13.029,2.5,-9.491,-112.183,-164.321,-11.221,5.942,1.26,-19.766,-115.664,254.473,-117.191,14.966,4.292,-17.764,-122.977,-193.542,-12.168,0,0
5.999,20.286,0,57.402,475.011,-226.685,5,15,10,1,0,4.371,-1.775,-17.278,-118.366,2.031,50.153,10.814,0.026,-9.456,-125.679,-163.313,-7.969,6.725,0.017,-19.824,-80.58,261.145,-192.305,12.516,6.294,-15.369,-142.611,-183.603,-21.832,0,0
5.973,18.222,0,62.038,463.612,-206.463,5,15,10,1,0,6.893,-8.131,-15.608,-108.061,12.458,44.351,9.987,-3.154,-10.691,-126.336,-159.176,-0.656,5.743,2.28,-18.719,-57.481,264.794,-92.183,12.821,-0.841,-15.275,-157.206,-148.641,-29.71,0,0
5.908,16.357,0,66.275,423.707,-186.436,5,15,10,1,0,8.031,-6.44,-14.986,-109.908,6.168,41.756,14.114,-5.056,-11.209,-140.092,-156.443,10.061,1.073,8.538,-17.541,-45.435,2.183,252.092,19.421,-4.095,-11.314,-136.382,-101.405,-22.137,0,0
5.806,14.515,0,69.853,357.789,-184.239,5,15,10,1,0,6.153,-9.822,-16.595,-81.176,16.168,40.153,9.194,-8.572,-10.761,-128.443,-162.55,22.321,6.476,5.38,-25.076,-55.679,-17.618,-124.092,12.998,-4.924,-11.633,-110.794,-76.046,-20.153,0,0
5.666,12.706,0,72.669,281.594,-180.886,5,15,10,1,0,7.041,-6.337,-15.884,-76.076,11.908,34.489,10.787,-8.248,-10.191,-119.511,-163.328,30.885,6.665,2.941,-16.025,-15.573,448.901,-99.023,9.911,-9.805,-14.559,-38.107,-14.366,-8.626,0,0
5.488,10.956,0,74.851,218.274,-175.061,5,15,10,0,0,4.4,-9.053,-17.419,-55.511,20.824,30.962,8.567,-7.86,-9.25,-97.206,-162.168,30.153,8.1,4.074,-14.219,-11.389,199.191,-50.351,7.262,-6.605,-14.715,13.466,21.817,-4.244,0,0
5.272,9.363,0,76.404,155.285,-159.268,5,15,10,0,0,6.989,-6.874,-14.835,-51.084,8.504,24.336,11.891,-5.216,-8.442,-90.427,-150.061,28.977,7.774,3.214,-14.238,-10.107,198.763,-25.496,7.087,-4.603,-15.795,46.092,57.496,-5.756,0,0
5.018,7.924,0,77.492,108.776,-143.921,5,15,10,0,0,7.401,-10.16,-12.859,-37.069,12.519,22.931,9.168,-6.146,-9.863,-74,-140.443,22.061,5.243,2.139,-15.429,-13.649,169.649,9.099,10.296,-1.037,-14.368,48.611,85.45,-7.573,0,0
4.727,6.631,0,78.239,74.707,-129.307,5,15,10,0,0,6.579,-3.885,-13.618,-23.954,8.275,19.176,9.901,-3.331,-8.773,-65.557,-131.145,20.534,3.396,3.694,-20.257,-14.87,325.374,-374.84,8.179,1.669,-15.235,52.962,115.695,-9.496,0,0
4.397,5.535,0,78.627,38.796,-109.52,5,15,10,0,0,7.19,-7.264,-11.966,-23.481,6.992,13.832,10.368,-4.515,-10.191,-59.679,-121.511,16.412,2.929,4.282,-15.625,0.489,313.527,68.641,3.612,-0.386,-16.715,48.763,133.511,-9.511,0,0
4.03,4.492,0,78.609,-1.843,-104.325,5,15,10,0,0,6.062,-7.683,-12.9,-0.718,7.344,14.809,8.019,-3.267,-10.351,-37.679,-120.382,13.939,3.286,7.215,-19.002,0.794,-382.168,130.015,3.59,-6.349,-19.431,34.992,163.16,-10.107,0,0
3.625,3.481,0,78.591,-1.808,-101.12,5,15,10,0,0,6.055,-3.063,-13.017,0.565,-2.382,11.115,10.562,-2.318,-6.778,-31.237,-108.412,13.664,0.934,3.102,-16.008,16.733,299.511,25.985,4.026,-1.202,-15.115,48.076,161.45,7.038,0,0
3.181,2.654,0,78.576,-1.488,-82.741,5,15,10,0,0,4.158,-5.844,-11.822,0.855,-10.626,6.244,11.951,0.417,-8.318,-27.893,-99.603,10.061,1.133,4.266,-16.236,19.176,285.374,12.794,6.129,-0.989,-14.648,29.45,176.718,10.366,0,0
2.7,2.024,0,78.536,-3.971,-62.931,5,15,10,0,0,3.799,-7.401,-11.424,11.099,-16.824,5.664,12.136,-1.042,-9.101,-30.275,-87.511,10.076,3.281,2.481,-16.068,35.481,131.069,-19.023,9.484,1.578,-11.867,27.053,179.344,15.786,0,0
2.182,1.596,0,78.235,-30.087,-42.881,5,15,10,0,0,5.396,-6.318,-11.791,22.519,-20.611,3.588,13.12,-0.129,-8.61,-24.168,-74.397,12.473,2.036,6.808,-21.105,44.397,260.626,-6.595,4.728,-0.623,-14.761,0.534,202.656,17.939,0,0
1.625,1.372,0,77.712,-52.3,-22.362,5,15,10,0,0,7.231,-4.031,-11.685,27.359,-23.511,3.435,10.787,-2.057,-10.411,-20.275,-63.588,10.046,1.82,7.421,-23.15,16.244,-456.565,-49.832,8.5,0.91,-13.11,-5.771,219.328,33.74,0,0
1.03,1.361,0,76.998,-71.423,-1.122,5,15,10,0,0,5.865,-5.118,-11.254,30.733,-35.099,-0.397,11.132,-2.29,-9.324,-15.359,-51.053,13.634,0.764,7.599,-17.553,-9.405,328.29,-35.969,8.579,-0.024,-13.884,-21.908,237.786,44.122,0,0
0.398,1.438,0,75.973,-102.528,7.725,5,15,10,0,0,5.997,-4.637,-12.399,37.786,-31.588,0.275,9.954,-1.847,-9.645,-6,-51.481,11.557,1.207,8.402,-15.225,-27.389,126.809,-20.26,7.269,-0.132,-16.075,-22.427,247.679,57.496,0,0
0,1.731,0,74.742,-123.07,29.343,5,15,10,0,0,4.33,-3.885,-11.168,28.58,-53.099,-5.038,13.63,-0.074,-7.051,-1.786,-34.824,14.412,-0.146,6.981,-15.977,-59.664,237.389,-44.519,6.809,0.163,-17.388,-30.504,257.45,66.061,0,0
0,2.134,0,73.288,-145.363,40.26,5,15,10,0,0,8.488,-7.386,-9.748,37.542,-37.099,-1.74,9.966,-3.588,-9.077,7.481,-36.366,14.427,-1.863,6.823,-16.892,-67.359,218.916,-111.023,7.69,1.3,-16.533,-46.183,266.779,71.725,0,0
0,2.332,0,71.669,-161.923,19.787,5,15,10,0,0,1.868,-1.102,-14.725,33.557,-41.298,2.427,8.423,-5.492,-9.53,22.977,-49.115,11.664,-3.808,4.995,-35.523,323.679,170.977,261.863,6.32,1.083,-16.348,-44.122,265.221,78.153,0,0
0,2.284,0,69.871,-179.821,-4.818,5,15,10,0,0,8.193,-1.152,-13.894,16.305,-37.053,-1.344,8.921,-2.486,-9.566,32.977,-64.214,9.221,-2.462,6.931,-15.553,-113.832,364.198,-105.527,8.505,1.533,-15.134,-53.389,275.145,81.969,0,0
0,2.281,0,67.956,-191.471,-0.309,5,15,10,0,0,4.194,-3.149,-12.456,6.763,-44.611,-1.985,9.216,-0.194,-9.942,34.687,-72.29,5.771,-3.557,6.821,-15.335,-119.328,158.092,-49.221,7.523,-0.517,-18.849,-41.511,273.008,85.145,0,0
0,2.233,0,65.92,-203.648,-4.761,5,15,10,0,0,7.204,-3.959,-12.227,8.229,-43.191,-1.832,10.404,0.18,-10.229,22.931,-72.718,7.679,-4.879,4.124,-16.023,-130.443,133.053,-14.107,4.421,-0.697,-18.863,-44.565,271.069,84.824,0,0
0,2.045,0,63.829,-209.061,-18.745,5,15,10,0,0,11.103,-6.174,-9.388,19.038,-30.092,1.282,7.288,-0.711,-11.992,15.664,-77.023,11.878,-2.282,3.991,-17.249,-262.29,242.611,-15.145,6.364,1.703,-17.563,-42.916,266.153,84.931,0,0
0,1.607,0,61.606,-222.325,-43.877,5,15,10,0,0,6.105,1.152,-14.282,-2.855,-27.313,5.313,8.656,-0.187,-9.638,15.252,-83.496,5.817,-3.377,2.185,-18.528,-245.374,98.382,3.542,7.966,-0.108,-19.531,-45.221,270.046,81.618,0,0
0,1.097,0,59.328,-227.761,-50.961,5,15,10,0,0,5.341,-0.347,-12.619,-28.183,-32.962,2.55,11,1.25,-7.913,0.458,-80.107,4.015,-5.03,4.882,-19.495,-215.206,125.069,0,7.587,-0.469,-19.62,-46.55,265.145,79.969,0,0
0,0.574,0,56.991,-233.7,-52.3,5,15,10,0,0,6.809,-4.546,-11.261,-36.351,-34.519,-0.137,10.821,0.898,-7.803,-12.916,-77.634,1.344,-2.196,1.075,-10.792,-85.863,53.16,22.748,7.247,2.381,-18.873,-46.137,249.328,78.687,0,0
0,0.101,0,54.648,-234.33,-47.299,5,15,10,0,0,7.695,-5.734,-10.859,-40.733,-36.489,-0.305,11.237,0.477,-8.869,-32.153,-69.939,3.008,-2.57,1.871,-10.996,-66.992,10.87,77.679,5.71,-0.007,-21.797,-42.122,236.962,71.16,0,0
0,-0.32,0,52.282,-236.55,-42.126,5,15,10,0,0,4.407,-4.958,-12.641,-39.557,-43.344,0.901,13.077,-0.089,-8.641,-38.901,-63.038,5.023,-1.851,1.926,-9.779,-52.198,-12.947,235.359,5.494,0.419,-21.402,-38,216.412,66.733,0,0
0,-0.583,0,49.997,-228.516,-26.321,5,15,10,0,0,9.951,-6.661,-10.766,-34.473,-41.954,1.359,8.902,-3.212,-11.87,-46.137,-59.832,8.061,-1.983,2.007,-7.913,-69.725,-50.687,116.763,8.847,1.971,-18.602,-20.565,200.198,61.115,0,0
0,-0.734,0,47.748,-224.9,-15.026,5,15,10,0,0,7.096,-7.283,-11.122,-26.183,-56.031,-0.534,10.972,-2.967,-9.693,-40.809,-53.878,15.344,-2.088,2.793,-6.51,-22.947,-97.71,252.214,8.474,0.637,-21.174,10.183,180.366,50.427,0,0
0,-0.749,0,45.65,-209.794,-1.499,5,15,10,0,0,8.028,-5.458,-12.559,-20.351,-61.969,-0.427,11.652,-2.718,-8.945,-36.611,-52.595,21.573,-1.602,1.38,-6.91,3.389,-33.954,63.298,5.305,1.966,-21.67,30.58,149.542,40.382,0,0
0,-0.759,0,43.706,-194.447,-1.064,5,15,10,0,0,7.171,-4.254,-13.551,-14.55,-62.046,1.71,11.352,-2.103,-9.403,-31.847,-56.153,18.565,-1.293,1.715,-5.501,11.756,-44.58,47.206,5.734,3.542,-21.701,56.153,114.611,25.863,0,0
0,-0.745,0,41.988,-171.765,1.431,5,15,10,0,0,7.599,-3.77,-13.249,-14.29,-64.29,0.168,10.998,-1.636,-10.428,-29.359,-57.069,16.412,-4.282,1.772,-7.137,47.74,-177.893,79.328,6.68,5.468,-22.307,62.336,90.183,5.969,0,0
0,-0.734,0,40.673,-131.516,1.133,5,15,10,0,0,8.332,-3.161,-13.58,-21.115,-65.328,-4.336,11.709,-1.219,-11.022,-32.947,-56.015,14.931,-1.198,0.963,-1.619,58.977,-178.382,54.718,3.149,7.065,-22.274,69.954,40.092,-8.275,0,0
0,-0.682,0,39.773,-90.042,5.127,5,15,10,0,0,8.627,-2.433,-13.807,-26.779,-66.29,-7.344,12.179,-0.479,-11.489,-39.191,-54.458,13.466,-1.825,1.724,-2.352,73.756,-194.504,23.939,1.832,5.913,-22.844,65.603,5.389,-27.344,0,0
0,-0.448,0,39.325,-44.724,23.415,5,15,10,0,0,9.063,-4.493,-12.377,-37.939,-79.954,-12.107,15.314,0.865,-9.408,-50.916,-39.679,13.664,3.054,3.102,-4.179,49.863,-56.427,24.55,5.386,0.311,-22.575,70.565,-35.221,-32.214,0,0
0,-0.019,0,39.421,9.522,42.904,5,15,10,0,0,11.034,-2.553,-14.454,-35.863,-78.412,-12.992,14.947,-1.88,-11.211,-63.221,-31.878,9.344,5.365,10.557,6.064,426.977,-265.786,-35.053,12.116,6.677,-16.595,67.832,-68.626,-21.267,0,0
0,0.512,0,39.787,36.633,53.078,5,15,10,0,0,6.637,-3.415,-14.921,-22.855,-82.931,-13.13,14.116,-1.624,-11.017,-65.099,-31.939,9.802,5.231,8.727,-7.274,46.641,-37.573,-25.679,9.915,0.271,-24.238,52.641,-88.534,-12.992,0,0
0,1.039,0,40.406,61.901,52.746,5,15,10,0,0,9.695,-1.37,-13.69,-22.427,-81.252,-14.962,10.79,-0.654,-11.216,-63.817,-38.321,8.794,1.801,9.75,-11.055,26.733,-179.618,-100.641,7.247,5.113,-17.74,4.336,-114.84,-1.924,0,0
0,1.493,0,41.222,81.654,45.387,5,15,10,0,0,9.736,-1.849,-13.664,-26.885,-80.214,-19.023,10.804,-0.752,-10.921,-59.679,-43.481,2.351,2.606,25.315,-9.575,-4.443,-192.565,-163.115,11.882,7.401,-3.25,-51.405,-120.58,0.519,0,0
0,1.87,0,41.955,73.277,37.731,5,15,10,0,0,10.404,-1.863,-12.449,-31.466,-76.092,-22.29,11.477,-1.794,-11.01,-54.534,-44.122,-5.557,0.359,21.511,-31.978,-228.183,-148.779,159.267,8.886,-5.434,-6.388,-82.931,-80.031,-3.115,0,0
0,2.16,0,42.339,38.406,28.942,15,15,10,0,0,10.548,-5.092,-11.19,-32.626,-80.687,-26.84,14.277,-1.66,-10.059,-49.481,-41.832,-9.252,3.382,9.015,-13.733,-82,-269.695,-267.908,13.084,-1.825,1.02,-96.107,-56.687,4,0,0
0,2.434,0,42.306,-3.296,27.443,15,15,10,0,1,14.808,-5.334,-9.614,-31.756,-71.099,-28.931,12.933,-2.132,-12.785,-47.802,-40.779,-13.496,4.105,5.621,-11.161,-116.229,-128.931,-271.328,16.317,-3.454,-4.737,-79.511,-38.595,10.351,0,1
0,2.763,0,42.318,1.133,32.913,15,5,10,0,1,9.434,-2.199,-12.449,-33.053,-70.26,-26.962,12.708,-2.994,-11.817,-39.084,-36.962,-21.618,2.297,0.01,-7.985,-271.679,-235.557,-290.198,12.318,2.062,-9.451,-71.298,-52,1.832,0,0
0,3.086,0.652,42.332,1.408,32.261,15,5,10,0,1,5.772,-4.57,-12.751,-34.733,-82.901,-29.466,17.893,-0.388,-6.744,-30.687,-28.153,-20.183,3.178,-1.686,-6.11,-122.718,-59.45,-61.099,10.402,-0.247,-17.869,-70.26,-68.015,-14.092,0,0
0,3.54,1.266,42.475,14.362,45.399,15,5,10,0,1,12.864,-1.284,-10.96,-37.42,-77.282,-30.351,15.601,-1.875,-8.392,-29.679,-20.565,-17.878,3.82,-2.354,-3.866,-113.328,-213.267,-195.176,6.608,-4.115,-20.063,-39.344,-101.359,-27.603,0,0
0,4.162,1.843,43.046,57.106,62.233,15,5,10,0,1,10.631,-4.448,-8.905,-41.511,-89.466,-32.076,15.97,-0.522,-6.641,-29.908,-9.603,-17.298,1.835,-1.437,-8.107,-54.885,-210.519,-233.771,9.683,0.034,-12.682,-23.389,-112.015,-32.58,0,0
0,4.95,2.382,43.797,75.073,78.747,15,5,10,0,1,11.221,-5.027,-8.232,-41.313,-91.939,-33.008,16.202,-0.4,-4.84,-36.107,-0.061,-16.427,1.72,0.081,-9.753,-4.626,-239.832,-259.603,10.229,1.411,-9.76,-22.122,-98.458,-30.382,0,0
0,5.891,2.884,44.402,60.448,94.151,15,5,10,0,1,9.764,-5.276,-6.426,-46.58,-99.878,-33.634,17.225,0.393,-2.759,-39.038,14.458,-15.756,2.328,4.551,-11.829,35.115,-78.718,-67.573,10.696,-1.523,-11.858,-29.878,-69.924,-23.45,0,0
0,7.125,3.348,44.585,18.311,123.368,15,5,10,0,1,10.921,-2.891,-6.258,-56.641,-104.672,-37.679,17.86,0.661,-3.899,-47.466,32.534,-13.557,4.309,4.968,-17.809,70.214,193.206,28.336,11.07,-3.24,-14.394,-22.015,-52.076,-19.008,0,0
0,8.645,3.775,44.273,-31.139,152.024,15,5,10,0,1,9.348,-5.633,-6.534,-53.588,-104.519,-38.122,14.763,-0.043,-3.257,-42.443,45.939,-14.015,4.493,6.099,-20.492,54.275,-244.076,-98.718,16.995,-3.628,-17.462,-8.397,-24.977,-19.374,0,0
0,10.268,4.165,43.438,-83.508,162.243,15,5,10,0,1,10.39,-4.345,-9.135,-45.389,-103.863,-32.458,13.235,-1.665,-4.699,-39.038,57.802,-23.313,3.992,7.923,-8.069,10.29,-134.244,-59.695,10.881,2.939,-10.064,12.275,-29.023,-24.244,0,0
0,12.142,4.517,41.97,-146.862,187.477,15,5,10,0,1,7.183,-3.844,-11.369,-44.427,-115.084,-35.924,14.224,0.508,-3.025,-34.473,80.962,-25.557,3.07,1.057,-19.697,98.519,6.824,-348.336,12.32,-2.599,-14.315,33.099,9.405,-21.038,0,0
0,14.354,4.831,39.952,-201.748,221.192,15,5,10,0,1,5.834,-3.904,-11.994,-45.084,-118.382,-36.626,13.532,-2.127,-3.034,-35.893,103.588,-29.008,0.263,5.925,-16.997,11.649,-173.038,-5.511,15.802,-5.204,-14.236,57.466,36.733,-14.244,0,0
0,17.02,5.108,37.34,-261.189,266.614,15,5,10,0,1,10.658,-13.575,-11.285,-25.939,-158.351,-43.557,14.883,-1.794,-5.523,-38.107,131.115,-22.84,2.127,7.732,-14.308,5.908,-379.359,16.305,10.672,4.469,-9.985,55.511,42.947,-7.817,0,0
0,20.108,5.348,34.231,-310.914,308.716,15,5,10,0,1,6.572,-10.38,-17.45,-2.84,-177.634,-36.519,17.385,-6.689,-5.413,-18.58,153.802,-28.305,4.819,0.77,-12.435,35.878,419.053,109.924,17.282,0.493,-6.481,64.489,47.786,-3.756,0,0
0,23.707,5.55,30.917,-331.387,359.997,15,5,10,0,1,11.494,-6.807,-21.486,33.221,-197.71,-39.206,18.463,-6.136,-5.973,-6.458,179.771,-14.672,3.554,1.633,-10.821,9.939,-191.328,0.748,6.993,-5.085,-7.223,105.282,17.649,-20.687,0,0
0,27.707,5.715,27.782,-313.489,399.915,15,5,10,0,1,10.129,-9.92,-14.708,63.634,-219.817,-37.298,16.899,-6.615,-8.153,15.786,190.137,-0.183,-1.861,2.017,-16.097,14.336,-200.763,6.412,7.013,-3.056,-15.774,91.649,24.244,-26.092,0,0
0,32.159,5.843,24.772,-301.026,445.245,15,5,10,0,1,17.153,-12.739,-15.395,90.626,-221.542,-42.443,17.86,-6.059,-10.55,38.916,209.13,17.282,0.551,2.872,-13.084,8.107,-189.71,7.206,9.314,-1.605,-12.548,79.389,11.664,-22.58,0,0
0,36.733,5.932,22.286,-248.612,457.41,15,5,10,0,1,10.358,-3.092,-21.493,105.847,-225.344,-41.649,8.821,-7.075,-13.537,65.328,209.344,38.153,8.196,3.098,-10.95,46.137,-305.221,68.397,6.091,1.638,-15.309,79.954,-2.901,-18.763,0,0
0,41.512,5.985,20.572,-171.421,477.895,15,5,10,0,1,12.334,-5.425,-22.389,107.924,-234.153,-49.908,12.823,-4.062,-13.752,82.489,212.87,60.015,8.131,3.928,-11.479,14.916,437.847,-9.771,9.048,7.944,-11.206,41.603,-8.702,-21.557,0,0
0,46.317,6,19.374,-119.786,480.527,15,5,10,0,1,13.388,-13.213,-17.936,125.527,-223.969,-45.466,16.166,0.069,-11.197,82.824,219.145,75.344,5.384,5.139,-25.876,263.557,32.962,-115.542,11.216,6.318,-10.552,-14.687,-2.855,-26.977,0,0
0,51.001,5.977,18.338,-103.569,468.339,15,5,10,0,1,11.93,-8.373,-18.2,165.023,-196.58,-33.588,16.736,-1.236,-14.248,70.87,228.275,86.718,4.862,8.517,-13.846,31.634,-113.634,-19.679,10.514,1.49,-9.597,-25.634,-2.061,-25.145,0,0
0,55.428,5.917,17.308,-102.974,442.773,15,5,10,0,1,9.784,5.331,-25.071,158.229,-167.282,-30.702,16.823,-2.632,-15.601,78.794,230.824,87.511,2.273,7.541,-20.856,53.878,-491.374,-367.145,10.356,-0.75,-10.335,-4.641,-0.84,-20.84,0,0
0,59.292,5.82,16.257,-105.103,386.376,15,5,10,0,1,11.261,-1.779,-13.939,166.168,-133.542,-32.58,20.42,2.62,-11.156,77.817,238.794,98.076,3.137,3.711,-22.168,169.374,45.176,-298.992,9.966,0.417,-9.309,23.954,-4.061,-15.481,0,0
0,62.724,5.685,15.108,-114.945,343.129,15,5,10,0,1,16.023,1.095,-13.537,140.992,-82.87,-28.351,14.282,0.153,-13.443,78.122,243.435,85.13,1.403,5.851,-14.061,32.656,-130.214,-17.42,11.07,0.371,-9.566,43.206,4.687,-12.733,0,0
0,65.675,5.513,13.757,-135.121,295.109,15,5,10,0,1,13.106,0.697,-12.907,105.053,-49.16,-25.42,13.094,0.702,-13.692,76.061,237.313,75.069,2.747,5.36,-13.695,41.328,-135.802,-11.573,8.316,-2.807,-11.489,64.397,1.71,-9.45,0,0
0,68.345,5.303,12.479,-127.785,267.037,15,5,10,0,1,8.074,-0.536,-13.424,63.374,-27.969,-18.733,11.853,2.773,-11.51,64.504,231.878,64.198,4.455,5.367,-12.09,50.031,-253.145,-23.756,10.172,2.819,-9.307,76.275,-3.221,-1.954,0,0
0,70.688,5.056,11.311,-116.833,234.318,15,5,10,0,1,6.819,2.819,-17.838,38.229,4.443,-5.557,11.475,3.513,-11.707,54.641,225.282,42.305,4.292,5.631,-13.795,64.534,-124.015,-23.023,9.01,3.331,-10.933,61.191,-3.695,-5.771,0,0
0,72.758,4.771,10.263,-104.737,206.967,15,5,10,0,1,5.415,1.808,-16.935,13.221,32.458,6.84,11.53,1.638,-10.478,48.824,216.916,24.321,5.499,7.504,-11.846,65.252,-113.405,-14.794,9.602,1.827,-10.694,46.382,-6.977,-6.58,0,0
0,74.475,4.449,9.465,-79.823,171.696,15,5,10,0,1,3.801,2.282,-18.226,-13.71,55.13,13.221,13.515,1.751,-11.501,39.16,210.992,9.328,6.562,7.053,-12.03,63.069,-204.748,-27.908,8.723,4.831,-8.129,32.443,-13.13,-6.977,0,0
0,75.877,4.09,8.839,-62.622,140.248,15,5,10,0,1,3.669,1.48,-18.358,-25.878,84.473,17.649,13.963,-0.534,-10.203,33.771,205.725,-5.481,3.149,7.159,-13.721,61.008,-94.092,-33.13,11.132,2.373,-8.893,12.565,-5.023,-11.008,0,0
0,76.855,3.693,8.19,-64.877,97.813,15,5,10,0,1,3.422,1.26,-17.917,-35.374,113.084,18.26,12.507,-0.683,-10.845,35.053,196.26,-16.198,3.799,4.149,-18.925,105.756,-186.214,-19.023,9.824,-2.407,-11.896,14.901,-8.916,-12.076,0,0
0,77.427,3.258,7.7,-49.038,57.152,15,5,10,0,1,4.74,-0.711,-16.277,-38.107,142.29,18.809,10.557,0.496,-12.148,36.962,185.359,-24.29,3.185,3.067,-19.026,104.046,-150.275,-16.672,10.588,-1.435,-9.434,34.031,-18.824,-9.344,0,0
0,77.536,2.786,7.534,-16.514,10.952,15,5,10,0,1,5.403,0.587,-15.886,-32.885,176.031,23.115,7.602,-0.431,-13.132,44.137,168.046,-33.939,2.534,5.686,-14.286,56.443,-118.702,-9.863,9.702,5.427,-6.035,27.221,-32.458,-8.26,0,0
0,77.39,2.277,7.418,-11.684,-14.671,15,5,10,0,1,-0.129,0.975,-18.281,-53.634,178.534,11.115,10.514,1.93,-10.351,27.679,168.275,-30.122,2.496,9.67,-34.584,214.458,496.351,-41.282,8.529,3.537,-10.955,7.771,-19.679,-12.534,0,0
0,77.024,1.73,7.319,-9.853,-36.575,15,5,10,0,1,-0.508,1.341,-18.933,-30.794,205.344,15.374,12.131,0.362,-10.37,21.649,161.359,-34.107,6.081,6.831,-11.819,44.504,-100.962,-31.939,7.86,2.067,-10.148,9.679,-40.947,-10.229,0,0
0,76.412,1.146,7.524,20.474,-61.169,15,5,10,0,0,4.158,-3.918,-16.348,-10.687,224.031,9.023,9.958,-1.437,-11.673,23.802,153.389,-24.305,1.758,17.449,-31.432,342.458,223.74,-155.115,7.705,3.279,-10.804,11.618,-42.962,-10.977,0,0
0,75.523,0.524,7.777,25.269,-88.978,15,5,10,0,0,3.286,-1.681,-18.909,9.176,244.366,2,7.257,-1.111,-13.022,27.969,143.145,-15.756,3.561,8.914,-15.093,21.481,-104.519,-463.878,7.681,2.397,-11.075,-5.756,-46.427,-12.214,0,0
0,74.464,0,8.062,28.542,-105.835,15,5,10,0,0,2.582,-0.802,-18.913,21.13,255.985,-7.557,6.414,-2.781,-12.373,36.687,133.405,-8.885,2.764,18.285,-17.134,25.267,-197.45,-53.863,10.608,2.943,-8.28,-14.321,-46.672,-11.374,0,0
0,73.186,0,8.223,16.102,-127.774,15,5,10,0,0,1.705,-1.097,-18.525,27.786,265.557,-15.313,6.684,-2.263,-12.279,46.824,123.145,-4.977,0.299,8.498,-15.371,1.115,-57.527,-16.595,10.945,1.02,-9.769,-13.405,-42.26,-11.038,0,0
0,71.82,0,8.113,-10.963,-136.62,15,5,10,0,0,0.438,0.22,-19.371,23.145,270.351,-23.618,4.816,-1.37,-11.669,55.863,111.74,-2.672,4.412,6.627,-11.589,-9.557,-64.26,-6.076,5.595,1.909,-12.423,-5.115,-51.16,-6.29,0,0
0,70.268,0,8.146,3.296,-155.274,15,5,10,0,0,1.159,-0.11,-19.34,20.87,278.244,-30.87,6.711,-2.469,-11.692,64.779,101.344,-7.725,2.994,4.814,-13.843,-2.382,-61.893,-11.985,10.675,1.456,-8.694,5.099,-50.168,-5.817,0,0
0,68.608,0,8.128,-1.831,-165.94,15,5,10,0,0,5.214,1.612,-21.689,16.046,290.809,-38.26,4.038,-2.795,-12.773,85.069,86.122,-10.137,2.637,4.689,-14.363,6.489,-63.099,-12.763,10.397,1.063,-10.033,4.901,-45.13,-6.198,0,0
0,66.77,0,8.132,0.401,-183.85,15,5,10,0,0,2.922,0.307,-20.942,16.061,290.84,-44.55,4.246,-2.606,-12.964,100.244,75.695,-13.267,2.512,4.419,-14.001,21.664,-59.832,-22.931,9.774,1.205,-10.924,9.985,-49.74,-5.221,0,0
0,64.829,0,8.128,-0.401,-194.058,15,5,10,0,0,3.157,-0.745,-21.304,19.389,294.26,-49.802,4.175,-2.177,-13.795,117.542,66.87,-19.618,2.314,5.291,-14.174,32.473,-59.985,-11.878,9.853,0.654,-10.665,12.412,-51.13,-6.244,0,0
0,62.741,0,8.128,-0,-208.775,15,5,10,0,0,1.54,-1.442,-22.24,21.008,289.573,-52.275,3.645,-1.787,-12.272,129.359,57.282,-26.382,2.785,5.079,-19.323,80.962,-123.344,-23.298,10.284,0.342,-10.517,16.687,-53.099,-5.939,0,0
0,60.607,0,8.128,-0,-213.421,15,5,10,0,0,-1.906,-1.947,-24.307,20.321,279.145,-53.573,6.349,0.606,-8.9,131.634,48.137,-33.282,4.146,4.584,-14.298,46.733,-123.588,-21.466,11.424,-0.429,-10.181,23.71,-53.863,-3.908,0,0
0,58.413,0,8.128,-0,-219.418,15,5,10,0,0,3.173,-6.787,-21.318,27.908,276.534,-51.359,5.053,1.633,-9.52,119.634,38,-35.389,4.79,11.212,-26.939,207.13,500.137,-154.87,12.191,-0.263,-9.626,34.779,-51.924,0.29,0,0
0,56.161,0,8.117,-1.064,-225.163,15,5,10,0,0,4.426,-4.73,-22.796,24.702,269.008,-45.634,4.225,3.094,-8.847,103.573,29.847,-37.496,5.142,5.391,-13.529,57.893,-62.168,-8.672,11.613,0.199,-9.274,44.29,-52.031,4.198,0,0
0,53.809,0,8.106,-1.122,-235.177,15,5,10,0,0,-0.764,9.652,-39.003,29.664,274.214,-38.641,11.661,-0.616,-3.885,72.489,31.603,-43.45,3.925,5.796,-13.508,57.176,-253.634,-32.55,11.063,0.436,-9.238,46.809,-52.336,5.74,0,0
0,51.495,0,8.092,-1.442,-231.423,15,5,10,0,0,5.032,-6.328,-24.621,20.84,233.282,-34.611,3.296,4.052,-6.34,85.511,0.153,-29.115,3.755,6.138,-13.556,59.328,-65.16,-13.634,10.323,1.59,-9.705,46.58,-56.473,4.382,0,0
0,49.331,0,8.087,-0.423,-216.454,15,5,10,0,0,0.752,-4.352,-26.307,2.824,202.87,-21.847,3.76,4.249,-5.293,55.74,-18.305,-27.084,4.155,7.075,-12.888,55.359,-63.74,-8.58,11.094,0.316,-8.948,44.336,-61.221,5.786,0,0
0,47.361,0,8.087,-0,-196.976,15,5,10,0,0,3.154,-6.701,-24.903,-16.992,173.481,-12.458,6.196,3.973,-3.643,34.229,-28.504,-24.901,4.522,7.105,-15.544,100.076,-124.321,-5.71,11.961,0.853,-9.096,43.359,-63.374,9.206,0,0
0,45.519,0,8.087,-0,-184.193,15,5,10,0,0,2.031,-2.85,-28.307,-32.305,147.573,0.931,7.633,2.8,-2.987,14.763,-37.832,-27.038,4.615,6.852,-12.634,45.328,-119.939,7.481,11.848,1.399,-9.194,37.435,-66.611,10.26,0,0
0,43.772,0,8.087,-0,-174.74,15,5,10,0,0,2.385,-6.208,-26.099,-39.481,120.092,13.191,6.301,4.467,-4.51,-4.748,-46.519,-23.664,4.474,6.803,-15.443,81.023,-232.427,0.244,11.534,0.484,-8.881,32.183,-70.473,12.366,0,0
0,42.12,0,8.087,-0,-165.127,15,5,10,0,0,1.698,-1.677,-28.201,-55.053,93.435,22.046,8.895,3.463,-3.82,-12.809,-60.168,-20.351,5.137,6.153,-12.67,45.023,-234.885,-249.649,11.798,0.481,-8.371,29.847,-72.244,16.519,0,0
0,40.6,0,8.099,1.156,-151.989,15,5,10,0,0,7.81,-5.564,-23.066,-55.588,77.573,28.458,8.107,2.896,-5.389,-32.855,-65.038,-13.023,5.202,5.619,-12.339,46.733,-250.015,85.74,11.968,0.271,-8.493,27.542,-74.855,18.809,0,0
0,39.198,0,8.124,2.541,-140.293,15,5,10,0,0,3.176,-5.247,-29.279,-73.954,37.282,36.015,9.657,4.091,-1.027,-22.26,-67.176,-3.985,6.577,5.168,-12.528,49.221,-59.557,12.351,10.524,-3.13,-10.878,35.084,-80.687,20.702,0,0
0,38.074,0,8.154,2.918,-112.404,15,5,10,0,0,7.803,-1.566,-34.613,-74.504,1.053,39.069,3.971,-1.013,-7.14,-43.267,-77.908,8.977,5.952,4.244,-12.825,45.45,-119.267,1.221,10.615,-0.388,-8.227,30.611,-86.534,24.076,0,0
0,37.524,0,8.285,13.184,-54.92,15,5,10,1,0,-0.216,-1.104,-33.93,-78.855,-69.481,19.221,6.627,-0.774,-5.37,-37.496,-82.718,26.26,9.626,5.334,-10.691,48.565,-104.763,376.183,8.663,-1.952,-12.071,46.153,-91.282,26.977,1,0
0,37.675,0,8.674,38.841,15.049,5,5,10,1,0,6.905,-5.257,-18.49,-73.405,-120.748,-1.511,7.568,-2.488,-6.184,-30.977,-70.809,38.641,9.666,4.881,-10.737,45.969,-38.595,3.542,13.379,0.223,-7.923,39.817,-105.557,28.351,0,0
0.655,38.198,0,9.344,67.028,52.357,5,5,10,1,0,8.833,-7.094,-7.35,-46.962,-119.527,-9.069,14.473,-3.94,-6.759,-26.122,-60.687,43.603,0.766,8.31,-12.655,158.092,-58.992,63.511,11.532,2.838,-7.154,36.702,-121.13,26.168,0,0
1.273,38.88,0,10.336,99.209,68.115,5,5,10,1,0,12.495,-13.106,-2.158,8.458,-89.634,-0.397,12.124,-3.537,-8.32,-17.939,-44.702,60.565,9.307,8.689,-11.41,30.183,-1.71,130.321,13.671,3.252,-6.45,19.282,-124.382,24.458,0,0
1.852,39.546,0,11.574,123.802,66.651,5,15,10,1,0,6.694,-6.249,-11.043,56.87,-78.305,13.695,12.064,-4.318,-7.219,3.634,-27.603,78.29,9.887,8.489,-10.701,33.344,40.092,27.756,16.808,4.038,-4.05,2.87,-136.901,20.122,0,0
2.394,40.223,0,13.068,149.403,67.692,5,15,10,1,0,5.844,-2.51,-15.704,58.534,-81.069,9.145,5.98,-6.035,-7.647,40.55,-36.137,88.198,2.065,16.736,-6.553,-11.115,162.809,16.366,19.091,3.334,-1.959,-14.977,-148.626,15.435,0,0
2.897,40.871,0,14.76,169.133,64.842,5,15,10,1,0,5.899,-1.456,-25.193,53.374,-91.053,2.779,3.942,-5.652,-7.492,71.695,-58.779,82.351,9.3,7.092,-9.343,-21.053,48.168,7.496,15.228,0.098,-3.377,-26.244,-141.771,11.847,0,0
3.363,41.333,0,16.522,176.205,46.131,5,15,10,1,0,6.011,-0.007,-23.907,47.527,-93.298,2.809,7.805,-5.291,-7.911,85.435,-78.519,59.725,12.962,5.923,-3.724,-33.893,133.496,20.153,11.716,-1.918,-2.373,-22.58,-153.298,12.137,0,0
3.791,41.318,0,18.601,207.985,-1.431,5,15,10,1,0,9.432,-1.518,-18.662,58.931,-72.031,3.374,10.138,-2.757,-10.933,82.443,-96.718,42.534,12.263,6.146,2.793,-72.733,385.344,23.206,16.866,0.101,0.699,-16.733,-148.351,13.664,0,0
4.181,40.74,0,21,239.857,-57.873,5,15,10,1,0,11.954,-2.273,-15.611,53.374,-48.931,4.412,11.956,1.267,-9.879,72.046,-108.015,30.427,7.717,5.401,-5.592,-29.206,119.115,10.702,15.848,-1.413,-3.14,-11.847,-142.26,14.824,0,0
4.534,39.597,0,23.673,267.323,-114.235,5,15,10,1,0,13.355,-0.029,-15.747,27.939,-26.977,15.42,13.309,1.442,-9.036,36.122,-126.305,26.397,1.14,15.625,1.269,-51.542,-427.603,69.618,13.244,2.632,-4.63,-12.015,-152.229,15.023,0,0
4.848,38.088,0,26.523,284.958,-150.936,5,15,10,1,0,11.362,1.77,-16.947,-18.153,-10.901,25.939,15.091,3.844,-8.981,8.595,-144.87,25.71,9.673,7.329,-6.464,-17.924,164.137,17.252,17.958,0.165,-10.845,-12.626,-148.275,13.939,0,0
5.124,36.202,0,29.668,314.53,-188.588,5,15,10,1,0,5.068,5.214,-19.713,-49.145,8.168,33.466,10.119,3.545,-11.079,-8.305,-155.634,14.656,8.998,9.724,-9.18,-25.557,182.641,17.191,14.966,4.431,-15.608,-20.015,-170.763,16.687,0,0
5.363,34.071,0,33.155,348.679,-213.124,5,15,10,1,0,10.469,1.533,-15.261,-100.565,22.366,34.122,11.692,2.802,-12.936,-43.481,-163.588,9.511,7.736,1.908,-13.484,-94.748,389.557,17.16,16.796,5.034,-17.979,-43.527,-196.198,9.405,0,0
5.564,31.705,0,37.03,387.475,-236.573,5,15,10,1,0,9.017,2.287,-13.963,-111.267,28.977,38.29,9.645,4.289,-10.121,-54.443,-168.244,2.672,6.32,9.568,-15.548,-75.588,199.282,-16.183,17.946,4.792,-18.478,-81.786,-210.763,8.29,0,0
5.727,29.131,0,41.274,424.428,-257.424,5,15,10,1,0,8.601,-0.905,-13.472,-127.695,37.74,43.939,8.354,3.614,-10.131,-56.397,-169.053,5.069,6.663,7.949,-18.504,-96.702,219.74,-28.29,12.612,4.289,-17.096,-116.031,-204.748,2.809,0,0
5.852,26.516,0,45.712,443.849,-261.475,5,15,10,1,0,3.288,2.395,-15.534,-147.145,15.969,41.618,6.682,0.551,-7.396,-71.252,-172.076,2.626,0.613,14.958,-48.255,-455.634,-72.687,-202.748,16.181,12.258,-10.543,-149.389,-194.885,10.382,0,0
5.939,24.037,0,50.239,452.649,-247.914,5,15,10,1,0,2.426,-3.679,-16.468,-117.481,5.053,38.489,9.384,1.358,-8.057,-75.008,-166.305,0.611,11.879,5.236,-18.152,-128.733,252.382,-154.779,13.027,3.669,-14.914,-153.863,-183.084,10.366,0,0
5.988,21.924,0,54.86,462.136,-211.293,5,15,10,1,0,5.449,-9.051,-16.935,-80.748,6.198,37.832,8.866,0.862,-8.481,-74.962,-154.672,3.282,6.153,3.487,-18.822,-118.458,385.45,-192.672,15.208,4.086,-17.359,-140.504,-178.473,2.656,0,0
5.999,20.239,0,59.493,463.269,-168.515,5,15,10,1,0,7.621,-6.399,-13.611,-57.359,-7.527,33.679,13.199,0.153,-8.814,-84.473,-138.519,13.634,8.814,3.463,-18.545,-98.198,-468.321,-188.519,12.959,8.232,-17.34,-159.389,-164.702,-6.962,0,0
5.973,18.789,0,63.968,447.511,-144.963,5,15,10,1,0,4.824,-5.54,-14.739,-25.725,-0.351,36.092,11.795,-1.902,-9.597,-77.679,-134.092,21.695,8.969,1.198,-20.128,-74.504,-481.053,-374.656,15.862,-3.233,-20.604,-169.939,-136.611,-9.557,0,0
5.908,17.379,0,68.04,407.216,-141.026,5,15,10,1,0,7.851,-2.005,-13.582,-27.13,2.321,33.282,8.828,-3.947,-11.297,-74.672,-142.748,28.809,9.662,8.13,-28.367,-136.244,-492.443,-155.573,5.997,-2.179,-13.482,-153.023,-105.527,-8.397,0,0
5.806,15.999,0,71.438,339.81,-138.027,5,15,10,1,0,6.838,-4.574,-13.798,-42.672,1.649,29.969,8.821,-3.269,-11.103,-67.725,-149.221,31.221,8.957,3.148,-21.354,-114.321,-60.351,407.45,13.089,-7.334,-12.662,-113.267,-57.939,-1.802,0,0
5.666,14.479,0,74.13,269.166,-151.966,5,15,10,1,0,5.068,-4.153,-15.101,-43.099,5.221,31.42,8.584,-3.664,-9.606,-72.168,-155.115,29.695,7.825,2.709,-15.496,-38.656,438.763,-231.206,12.514,-10.833,-13.343,-47.786,-1.008,9.389,0,0
5.488,12.838,0,76.133,200.306,-164.086,5,15,10,1,0,6.984,-3.736,-12.962,-64.015,8.336,25.71,9.647,-1.698,-9.942,-78.611,-156.672,28.443,6.251,0.869,-17.297,-31.695,-197.328,-123.603,9.755,-7.58,-11.621,2.626,48.046,15.389,0,0
5.272,11.135,0,77.492,135.887,-170.288,5,15,10,1,0,8.66,-7.544,-13.841,-66.214,20.153,24.84,7.501,-1.315,-10.344,-78.55,-156.687,23.008,4.438,2.328,-16.981,-33.771,369.145,-39.328,8.617,-5.43,-14.928,43.924,87.511,13.481,0,0
5.018,9.439,0,78.371,87.891,-169.602,5,15,10,1,0,6.615,-4.141,-13.177,-75.282,9.649,21.588,9.259,-1.779,-9.089,-89.16,-153.099,20.198,3.636,2.912,-15.587,-35.42,-298.382,14.29,8.931,-0.11,-14.236,60.977,114.122,8.809,0,0
4.727,7.829,0,78.821,44.998,-161.053,5,15,10,1,0,6.421,-7.31,-14.473,-67.008,14.931,21.802,9.072,-2.115,-10.596,-87.74,-146.916,18.198,4.122,1.636,-14.662,-25.725,172.473,15.267,5.456,-0.589,-17.469,74.137,132.061,5.542,0,0
4.397,6.375,0,79.085,26.379,-145.409,5,15,10,1,0,3.822,-3.178,-15.22,-52.595,8.168,19.267,11.166,-2.316,-8.615,-88.733,-139.252,17.435,3.851,0.92,-14.411,-16.076,169.191,21.878,-0.026,-0.503,-19.426,71.756,143.847,7.038,0,0
4.03,5.1,0,79.345,26.047,-127.442,5,15,10,1,0,6,-6.895,-13.807,-33.176,4.962,16.687,10.057,-3.415,-9.638,-85.634,-130.656,16.489,2.031,6.142,-21.914,0.794,-336.366,62.718,5.226,0.96,-15.304,50.107,163.588,9.527,0,0
3.625,3.932,0,79.411,6.592,-116.867,5,15,10,1,0,6.179,-4.891,-13.625,-9.908,6.641,18.031,9.587,-2.314,-10.121,-70.031,-127.863,14.595,2.017,6.911,-35.533,102.962,-442.626,219.115,5.688,-2.201,-16.492,32.412,184.595,13.008,0,0
3.181,2.855,0,79.242,-16.892,-107.655,5,15,10,1,0,3.583,-3.377,-13.886,-6.076,-1.328,16.244,9.597,-2.376,-10.61,-60.534,-123.221,9.542,3.226,3.032,-14.195,21.969,157.084,9.954,3.161,-2.203,-15.762,31.679,189.267,20.473,0,0
2.7,1.929,0,78.986,-25.623,-92.617,5,15,10,1,0,5.669,-5.166,-12.368,2.122,-5.695,13.939,10.437,-2.354,-10.924,-49.435,-116.733,10.321,2.218,5.791,-15.228,22.412,143.267,13.618,4.048,-1.866,-15.251,4.153,212.855,22.382,0,0
2.182,1.057,0,78.418,-56.751,-87.17,5,15,10,1,0,8.462,-4.915,-12.466,15.267,-3.511,14.687,9.194,-3.269,-11.714,-35.74,-112.275,9.603,0.57,5.794,-17.745,13.496,285.45,-8.305,11.187,-1.296,-13.779,-14.29,241.954,28.641,0,0
1.625,0.225,0,77.547,-87.158,-83.176,5,15,10,1,0,5.956,-2.254,-13.503,10.351,-9.511,12.58,11.388,-2.805,-8.974,-25.939,-107.069,5.74,1.322,6.787,-15.661,1.481,139.374,-4.687,7.884,-3.118,-16.236,-3.573,252.26,41.008,0,0
1.03,-0.418,0,76.441,-110.562,-64.385,5,15,10,1,0,8.028,-4.498,-13.252,1.45,-16.305,7.282,13.319,-0.972,-9.192,-23.023,-94.046,4.504,0.704,6.171,-22.489,-28.061,260.748,-14.534,6.091,-3.329,-17.91,-4.137,264.107,51.649,0,0
0.398,-0.811,0,75.141,-130.039,-39.242,5,15,10,1,0,7.346,-6.306,-11.623,11.344,-23.802,5.847,13.347,-0.625,-10.993,-22.84,-80.519,8.977,-0.575,9.665,17.953,-217.893,-23.466,-48.733,8.191,0.208,-16.636,-9.542,275.74,58.687,0,0
0,-0.803,0,73.599,-154.164,0.79,5,15,10,1,0,6.229,-6.977,-11.087,22.198,-36.305,4.443,13.716,-1.827,-8.675,-25.511,-57.664,13.145,-1.83,6.237,-15.999,-48.55,437.969,-66.198,7.487,1.698,-16.456,-21.328,286.794,62.321,0,0
0,-0.777,0,71.864,-173.561,2.563,5,15,10,1,0,13.539,-5.398,-12.064,41.542,-17.817,10.931,5.736,-6.129,-13.697,-20.733,-68.076,13.008,-3.217,4.706,-16.135,-61.527,196.443,-28.763,4.867,0.759,-17.802,-15.664,286.397,66.29,0,0
0,-0.829,0,69.919,-194.493,-5.127,5,15,10,1,0,5.683,-1.827,-11.973,25.42,-37.603,8.672,8.39,-1.921,-9.377,-2.855,-73.817,13.389,-3.686,5.638,-15.944,-59.053,186.824,-14.046,8.213,1.823,-15.683,-28.321,294.214,71.466,0,0
0,-0.99,0,67.871,-204.735,-16.136,5,15,10,0,0,9.458,-6.265,-8.62,19.618,-29.603,7.878,6.929,-3.3,-9.501,6.168,-83.756,12.351,-3.432,5.834,-16.001,-59.939,91.252,-11.969,8.713,0.4,-18.023,-12.015,291.542,73.802,0,0
0,-1.58,0,65.719,-215.275,-58.983,5,15,10,0,0,6.867,-1.171,-12.332,3.252,-23.206,10.824,6.081,-2.51,-9.906,12.26,-103.832,8.977,-3.961,5.039,-14.832,-89.924,73.267,2.595,5.35,0.012,-18.013,-12.336,286.702,69.939,0,0
0,-2.506,0,63.546,-217.221,-92.629,5,15,10,0,0,8.627,-3.137,-10.785,-19.786,-16.87,7.802,5.968,-0.235,-10.33,5.817,-120.198,9.038,-2.908,9.236,-16.65,-202.076,138.244,-0.885,10.701,5.164,-14.943,-12.473,282,66.473,0,0
0,-3.634,0,61.301,-224.488,-112.759,5,15,10,0,0,6.936,-3.595,-10.814,-39.328,-15.359,6.916,9.427,1.269,-8.835,-10.473,-122.198,6.412,-3.672,2.436,-14.298,-111.023,120.794,14.137,5.679,-0.848,-20.755,-8.977,281.878,58.382,0,0
0,-4.788,0,59.038,-226.296,-115.425,5,15,10,0,0,5.238,-4.117,-12.064,-51.527,-17.878,5.359,14.133,1.377,-7.288,-32.87,-112.443,4.748,-4.555,6.152,-17.187,-199.511,187.725,114.076,8.193,1.885,-19.505,-17.74,277.267,54.015,0,0
0,-5.846,0,56.739,-229.958,-105.767,5,15,10,0,0,7.02,-5.997,-11.156,-52.992,-21.282,4.779,14.085,0.984,-9.163,-56.519,-100.519,11.695,-0.687,1.255,-10.308,-78.901,105.069,28.519,10.857,1.978,-18.997,-19.695,265.985,50.046,0,0
0,-6.692,0,54.428,-231.057,-84.675,5,15,10,0,0,5.559,-6.105,-10.05,-53.939,-34.275,2.565,15.278,-1.133,-7.128,-70.29,-80.748,20.122,-0.577,1.396,-8.718,-54.107,34.641,25.573,8.284,0.891,-20.391,-13.282,251.282,44.809,0,0
0,-7.19,0,52.136,-229.271,-49.759,5,15,10,0,0,3.456,-6,-11.606,-51.42,-49.344,0.809,14.43,-0.759,-5.978,-71.252,-68.198,23.344,-0.433,0.884,-8.304,-24.443,14.779,63.908,6.419,0.56,-21.289,-5.42,235.588,40.29,0,0
0,-7.3,0,49.906,-223,-10.975,5,15,10,0,0,5.097,-6.72,-9.154,-51.053,-66.565,-3.267,15.314,-3.03,-5.717,-71.832,-51.237,20.809,-1.071,0.81,-7.372,12.58,20.947,127.695,10.421,2.311,-19.141,3.786,221.084,32.931,0,0
0,-7.194,0,47.745,-216.111,10.609,5,15,10,0,0,10.426,-7.851,-9.499,-32.26,-66.718,-8.015,12.143,-4.203,-8.418,-63.267,-45.893,19.649,-1.667,1.868,-8.715,31.985,3.542,8.275,7.868,1.195,-20.942,25.756,203.908,23.466,0,0
0,-7.186,0,45.661,-208.363,0.721,5,15,10,0,0,6.474,-3.851,-14.272,-15.908,-64.55,-7.069,13.295,-3.985,-10.416,-44.198,-51.176,9.13,-0.316,2.838,-6.943,43.832,-7.42,69.344,5.322,2.048,-20.571,43.542,176.824,16.55,0,0
0,-7.087,0,43.728,-193.314,9.899,5,15,10,0,0,7.916,-2.79,-13.81,-18.137,-71.908,-10.977,12.579,-2.397,-11.604,-33.786,-55.496,9.038,-1.312,6.572,-3.032,115.802,-55.023,112.55,5.882,2.953,-20.683,72.076,150.824,6.733,0,0
0,-6.652,0,41.944,-178.379,43.556,5,15,10,0,0,8.208,-1.384,-14.569,-20.122,-71.649,-10.733,15.596,-2.201,-11.12,-30.855,-35.649,8.962,-2.266,2.153,-7.983,69.557,-22.87,16.55,5.212,4.081,-21.055,92.58,118.87,-5.023,0,0
0,-6.014,0,40.391,-155.308,63.778,5,15,10,0,0,8.086,-5.858,-11.613,-10.382,-91.008,-19.008,15.079,-1.035,-11.151,-34.55,-29.099,12.351,-3.056,4.919,-7.295,75.527,-70.107,54.595,3.276,6.711,-21.847,97.954,92.519,-17.511,0,0
0,-5.271,0,39.182,-120.85,74.261,5,15,10,0,0,11.431,-3.971,-12.023,-4.931,-89.786,-19.511,11.304,-0.766,-11.391,-37.893,-25.71,12.809,-1.063,3.772,-6.546,67.405,-78.412,8.519,2.316,5.576,-22.008,104.244,50.611,-30.565,0,0
0,-4.491,0,38.293,-88.932,78.072,5,15,10,0,0,9.221,-2.062,-12.773,-12.733,-89.802,-18.824,11.51,-1.102,-11.312,-35.878,-22.489,5.908,1.229,5.988,-5.92,74.733,-93.313,10.687,9.022,2.285,-21.023,99.42,26.168,-29.084,0,0
0,-3.652,0,37.802,-49.107,83.851,5,15,10,0,0,9.017,-3.264,-10.881,-20.198,-95.557,-23.313,10.576,-0.443,-10.335,-37.847,-20.168,5.435,5.935,8.835,-5.042,74.183,-45.053,-2.809,9.171,6.287,-18.806,104.687,-11.16,-15.191,0,0
0,-2.869,0,37.718,-8.446,78.369,5,15,10,0,0,9.008,-1.289,-13.161,-27.328,-94.183,-26.015,9.93,-2.019,-11.058,-40.702,-23.206,-0.397,6.244,1.15,1.993,111.282,-144.626,-18.015,8.086,5.104,-23.366,88.244,-49.863,-6.687,0,0
0,-2.136,0,37.926,20.886,73.242,5,15,10,0,0,9.319,-2.74,-12.092,-30.137,-92.641,-29.466,10.986,-2.263,-12.03,-38.855,-25.16,-3.71,3.152,4.891,-3.473,74.977,-94.855,-44.397,0.299,6.064,-29.028,36.779,-95.634,0.427,0,0
0,-1.481,0,38.468,54.199,65.552,5,15,10,0,0,10.464,-3.959,-11.637,-29.374,-92.29,-32.046,10.689,-1.851,-10.517,-38.031,-29.023,-4.809,-2.187,5.802,-12.555,12.992,-237.878,-138.137,6.668,9.487,-16.698,-41.191,-133.924,-1.145,0,0
0,-0.88,0,39.087,61.901,60.07,5,15,10,0,0,10.255,-4.376,-12.234,-27.527,-88.992,-32.183,12.361,-1.514,-11.19,-34.855,-30.183,-6.489,-0.141,8.973,-15.625,-79.588,-167.344,-192,10.164,3.061,-5.729,-91.16,-125.099,-1.084,0,0
0,-0.313,0,39.725,63.732,56.728,5,15,10,0,0,10.665,-1.32,-13.065,-25.359,-85.038,-31.847,10.437,-2.002,-11.728,-31.053,-32.489,-14.076,0.417,3.68,-21.378,-188.198,-360.321,488.061,13.173,1.583,2.326,-115.481,-91.267,3.252,0,0
0,0.31,0,40.135,41.05,62.233,15,15,10,0,0,9.18,-2.929,-11.446,-26.031,-90.321,-35.466,13.625,-0.323,-10.816,-29.252,-22.626,-14.092,0.158,25.209,-36.979,-115.939,-319.298,-225.221,15.331,-4.457,2.658,-111.282,-37.008,5.71,0,0
0,1.039,0,40.043,-9.213,72.933,15,15,10,0,1,8.955,-3.391,-11.786,-30.168,-93.863,-36.748,14.784,-0.388,-9.803,-31.176,-12.504,-16.992,3.703,6.167,-11.405,-173.206,-72.519,-104.122,7.803,-5.897,-8.064,-92.458,-39.756,8.168,0,1
0,1.914,0,40.055,1.156,87.456,15,5,10,0,1,6.126,-5.901,-7.69,-30.534,-102.763,-35.237,16.906,-1.054,-8.806,-31.405,2.443,-17.069,3.767,-1.193,-3.353,-490.519,469.481,386.198,9.958,-3.681,-14.423,-67.313,-76.504,2.55,0,0
0,2.881,0.648,40.179,12.405,96.703,15,5,10,0,1,11.75,-2.383,-11,-39.924,-94.611,-35.878,17.759,-1.54,-7.01,-35.511,10.519,-16.214,1.641,-5.207,-2.874,-314.336,-268.046,-244.397,14.475,-0.256,-19.74,-64.397,-85.618,-17.328,0,0
0,3.98,1.259,40.461,28.198,109.886,15,5,10,0,1,11.681,-4.225,-7.41,-40.855,-101.053,-35.313,15.692,-0.719,-6.395,-31.985,18.58,-12.962,2.937,-38.09,-48.207,173.771,-4.168,277.985,11.455,-4.004,-14.717,-35.237,-109.969,-25.847,0,0
0,5.18,1.833,41.002,54.165,120.072,15,5,10,0,1,10.088,-3.969,-6.689,-47.466,-103.389,-34.885,15.762,-0.089,-5.063,-28.931,29.023,-14.779,2.869,-1.983,-5.121,-29.237,-312.565,231.573,12.389,1.59,-6.723,-33.939,-97.695,-26.992,0,0
0,6.562,2.37,41.482,47.985,138.142,15,5,10,0,1,11.443,0.975,-7.939,-54.168,-100.962,-36.626,15.11,0.467,-4.555,-32.29,42.168,-16.168,6.031,0.048,13.661,294.198,-390.855,251.115,8.282,-4.371,-7.247,-19.252,-78.809,-21.45,0,0
0,8.231,2.87,41.555,7.324,166.935,15,5,10,0,1,8.555,0.501,-7.774,-56.748,-104,-35.313,12.502,-1.023,-4.316,-36.473,58.55,-17.863,3.597,5.936,-16.569,140.443,-417.298,-190.656,10.603,-5.394,-12.346,4.153,-53.282,-17.634,0,0
0,10.081,3.333,41.201,-35.488,184.96,15,5,10,0,1,11.252,-3.372,-9.518,-51.786,-109.969,-34.992,13.206,0.934,-5.966,-40.992,77.634,-24.534,4.721,8.89,-10.54,52.962,-234.885,-162.321,11.544,5.808,-3.65,13.282,-49.74,-12.305,0,0
0,12.219,3.759,40.322,-87.868,213.856,15,5,10,0,1,6.926,-1.847,-14.988,-53.237,-127.099,-35.237,14.351,1.281,-4.287,-41.069,101.664,-29.679,1.25,7.209,-14.162,43.481,-144,-29.237,14.837,-0.484,-13.929,25.374,-7.573,-21.16,0,0
0,14.743,4.148,38.827,-149.437,252.366,15,5,10,0,1,5.597,-5.501,-17.091,-46.992,-150.687,-38.305,15.929,-1.116,-4.323,-44.947,118.885,-31.573,-0.946,8.002,-14.315,26.58,369.084,-43.359,17.273,-0.046,-13.297,48.015,1.435,-19.252,0,0
0,17.745,4.5,36.82,-200.718,300.259,15,5,10,0,1,11.757,-5.98,-16.94,-23.069,-169.649,-35.802,12.842,-2.936,-7.676,-41.649,139.145,-22.947,-3.032,14.508,-37.171,184.885,-432.87,-34.198,14.088,1.039,-12.809,47.176,16.198,-15.863,0,0
0,21.225,4.815,34.246,-257.401,347.913,15,5,10,0,1,10.727,-10.337,-15.793,7.16,-201.206,-38.519,12.229,0.285,-9.108,-25.588,162.534,-12.336,1.688,5.77,-13.779,11.771,-380.427,17.832,16.406,-0.575,-10.157,50.489,37.542,-8.565,0,0
0,25.278,5.093,31.155,-309.106,405.362,15,5,10,0,1,11.328,-8.289,-17.1,34.427,-215.832,-39.069,12.289,-2.84,-10.011,-7.389,186.076,-5.74,1.688,5.77,-13.779,1.42,234.931,12.947,12.456,-2.419,-9.59,68.351,38.84,-10.565,0,0
0,29.633,5.333,27.903,-325.23,435.437,15,5,10,0,1,10.785,-5.597,-20.135,65.756,-222.427,-35.908,10.164,-6.186,-11.027,9.191,196.916,3.786,2.203,3.862,-18.858,24.901,187.603,19.298,5.92,-5.796,-9.597,104.244,15.16,-23.695,0,0
0,34.243,5.537,24.663,-324.029,461.038,15,5,10,0,1,8.49,-6.787,-21.586,88.504,-232.794,-35.908,11.671,-4.819,-12.2,26.336,204.718,23.786,0.563,3.918,-14.758,11.389,-213.496,11.695,10.873,-2.323,-15.359,89.679,17.237,-19.267,0,0
0,38.887,5.704,21.648,-301.461,464.414,15,5,10,0,1,10.124,-7.336,-20.59,104.137,-240.061,-38.427,13.529,-2.809,-12.354,32.641,210.321,46.382,4.642,3.704,-16.545,42.55,201.405,16.855,10.895,0.012,-12.945,88,9.893,-19.42,0,0
0,43.721,5.833,19.096,-255.215,483.365,15,5,10,0,1,10.72,-6.754,-20.037,113.084,-235.084,-39.267,8.9,0.022,-15.651,55.847,206.931,68.214,1.36,2.123,-15.582,47.74,299.176,8.55,5.609,5.324,-13.894,75.527,-4.824,-18.015,0,0
0,48.383,5.926,17.159,-193.715,466.21,15,5,10,0,1,15.522,-11.642,-15.067,149.053,-207.435,-27.176,13.194,-1.02,-16.207,46.122,209.389,75.908,7.65,5.39,-15.879,72.473,-302.366,-9.221,10.476,5.027,-10.363,39.374,-7.023,-21.405,0,0
0,52.847,5.981,15.664,-149.426,446.378,15,5,10,0,1,4.563,-6.035,-17.615,144.519,-199.42,-22.87,27.186,-2.738,-9.925,56.534,220.656,77.725,5.317,6.313,-13.913,40.626,453.481,-249.649,10.078,4.907,-9.82,4.397,-7.832,-24.092,0,0
0,56.619,6,14.372,-129.238,377.198,15,5,10,0,1,13.043,-4.072,-14.365,146.809,-144.046,-20.382,16.844,-1.736,-17.371,52.809,215.359,87.405,4.371,6.621,-18.494,64.412,482.672,-86.473,10.569,1.918,-9.312,-4.885,-3.282,-24.397,0,0
0,59.918,5.981,13.852,-52.048,329.922,15,5,10,0,1,9.867,2.539,-15.223,118.824,-100.763,-20.687,14.966,1.03,-14.452,62.931,212.809,77.023,0.881,7.908,-0.503,72.901,-196.412,-230.84,30.407,17.67,14.059,21.74,-58.809,-2.336,0,0
0,62.672,5.926,13.379,-47.264,275.448,15,5,10,0,1,8.253,2,-15.685,89.725,-62.809,-18.229,12.116,0.503,-13.036,56.779,204.336,66.351,1.459,2.732,-24.156,128.656,-484.534,-446.046,14.983,9.994,-7.286,-35.924,15.496,-28.687,0,0
0,65.053,5.833,11.801,-157.814,238.06,15,5,10,0,1,10.823,-1.291,-14.15,59.863,-33.664,-12.885,12.229,-0.606,-12.828,56.901,198.168,51.084,-3.181,10.503,-31.48,291.634,-174.427,-203.237,7.647,-11.681,-11.36,-8.611,12.229,-29.42,0,0
0,67.143,5.704,9.834,-196.667,209.027,15,5,10,0,1,5.635,1.99,-17.694,30.366,-13.634,-2.58,12.198,0.934,-11.954,55.191,193.328,34.061,-0.144,4.58,-19.222,74.031,382.519,-39.389,6.718,-10.138,-14.179,94.26,3.45,-8.214,0,0
0,68.923,5.537,8.102,-173.184,177.979,15,5,10,0,1,4.369,0.472,-17.476,12.931,10.092,7.328,10.988,1.526,-12.449,53.634,189.282,21.42,5.528,0.163,-13.793,54,-280.076,-4.214,7.271,1.377,-12.797,126.092,-4.779,-2.168,0,0
0,70.476,5.333,6.773,-132.923,155.331,15,5,10,0,1,4.366,-0.433,-17.603,-8.458,29.832,11.389,12.365,0.156,-10.545,46.321,187.405,10.641,5.659,3.765,-14.339,99.603,-122.992,-7.893,10.979,5.422,-7.918,115.71,1.389,0.489,0,0
0,71.794,5.093,5.686,-108.753,131.779,15,5,10,0,1,3.571,-0.75,-17.96,-21.832,47.267,13.328,12.207,0.043,-10.763,42.076,186.275,5.542,4.479,8.766,-14.667,121.939,-111.405,-18.672,9.791,7.734,-7.82,86.275,0.702,-1.863,0,0
0,72.951,4.815,4.712,-97.389,115.723,15,5,10,0,1,1.911,-0.278,-19.11,-25.603,67.969,16.229,10.639,0.493,-10.346,45.756,180.229,1.496,4.021,8.09,-15.419,123.786,-111.176,-18.611,6.804,3.075,-11.388,57.985,-4.489,-6.672,0,0
0,73.977,4.5,3.994,-71.789,102.619,15,5,10,0,1,3.626,-1.648,-17.067,-29.328,84.885,18.733,11.034,-0.151,-10.787,42.87,175.893,-3.985,4.697,9.52,-13.965,117.053,-177.542,-58.87,9.058,5.58,-7.827,38.916,-6.107,-4.702,0,0
0,74.801,4.148,3.455,-53.845,82.386,15,5,10,0,1,2.948,-0.848,-17.151,-22.489,108.534,20.489,10.742,0.508,-10.648,38,172.672,-8.031,4.608,8.229,-13.333,101.573,-163.985,-41.771,9.041,5.118,-7.918,26.885,-6.733,-5.603,0,0
0,75.416,3.759,3.03,-42.503,61.512,15,5,10,0,1,6.277,6.031,-22.856,-26.534,135.893,15.298,8.857,0.038,-11.542,33.649,165.435,-10.794,6.625,16.156,-15.769,-319.176,-231.588,-143.634,7.781,2.625,-8.076,32.076,-8.916,-5.618,0,0
0,75.647,3.333,2.818,-21.24,23.026,15,5,10,0,1,3.015,-4.479,-15.105,1.053,153.206,14.107,7.437,-1.233,-12.404,32.84,160.397,-7.771,4.416,8.682,-12.876,68.168,-126,-48.305,10.239,3.875,-6.546,30.076,-13.389,-2.55,0,0
0,75.523,2.87,2.664,-15.392,-12.417,15,5,10,0,1,4.596,3.954,-22.099,0.763,176.275,5.344,8.282,-0.314,-11.542,35.634,155.725,-5.878,1.111,2.767,-46.042,-479.298,-18.824,-119.206,9.935,3.875,-7.465,18.947,-12.046,-2.275,0,0
0,75.354,2.37,2.566,-9.83,-16.834,15,5,10,0,1,3.878,-6.423,-14.681,27.832,187.252,-1.863,7.535,-1.186,-12.634,34.305,157.557,4.427,4.431,8.454,-12.43,58.183,-95.832,-15.695,9.841,1.595,-6.895,30.504,-24.763,-0.519,0,0
0,74.925,1.833,2.602,3.662,-42.893,15,5,10,0,0,7.255,-3.228,-16.116,48.015,210.504,-7.176,7.389,-5.113,-13.362,43.71,151.74,10.061,2.529,9.005,-13.053,46.763,-84.962,-3.908,9.204,0.465,-9.748,17.618,-26.122,2.046,0,0
0,74.237,1.259,2.635,3.273,-68.859,15,5,10,0,0,0.393,-3.281,-17.072,60.87,219.74,-14.061,7.757,-3.425,-10.907,53.359,143.496,18.489,2.469,0.655,-30.704,281.878,-368.137,-18.076,9.99,3.549,-8.72,12.244,-25.481,-0.198,0,0
0,73.359,0.648,2.675,4.04,-87.811,15,5,10,0,0,2.555,-0.92,-19.172,58.855,232.214,-24.229,6.459,-2.663,-11.997,66.809,131.802,20.336,5.176,6.857,-12.904,22.84,-46.58,-2.809,8.047,2.191,-10.03,13.298,-38.458,-0.565,0,0
0,72.37,0,3.06,38.429,-98.889,15,5,10,0,0,2.68,-2.208,-19.048,55.679,236.718,-32.198,5.509,-1.928,-11.676,78.947,120.824,23.45,5.705,9.616,-12.284,17.237,-37.42,-5.282,8.562,2.541,-8.519,13.008,-53.939,0.901,0,0
0,71.271,0,3.668,60.791,-109.898,15,5,10,0,0,3.322,-2.326,-19.457,54.687,244.58,-35.725,5.564,-2.11,-11.451,89.435,110.718,18.641,2.263,8.974,-15.299,16.092,-19.649,-10.046,11.158,6.414,-4.972,-21.802,-48.107,2.26,0,0
0,70.055,0,4.118,45.078,-121.571,15,5,10,0,0,2.843,-2.16,-19.788,51.45,250.092,-40.336,6.002,-2.453,-10.909,98,99.817,15.618,1.293,7.343,-14.475,1.496,-24.824,-11.74,10.579,1.633,-8.766,-30.092,-45.725,-0.977,0,0
0,68.656,0,4.385,26.665,-139.927,15,5,10,0,0,3.286,0.007,-21.012,43.878,257.405,-45.74,6.33,-1.506,-11.175,106.473,89.008,9.16,-1.971,7.659,-15.757,-10.595,-33.145,-8.458,12.777,0.886,-7.005,-24.824,-44.031,-0.122,0,0
0,67.132,0,4.594,20.886,-152.333,15,5,10,0,0,4.467,-2.994,-19.519,41.481,261.817,-49.176,6.119,-2.56,-10.423,110.397,79.649,5.389,0.266,6.543,-13.862,-15.176,-34.168,-7.863,8.9,-1.008,-8.035,1.023,-61.084,1.969,0,0
0,65.408,0,4.832,23.804,-172.44,15,5,10,0,0,6.213,-3.487,-19.907,40.626,269.405,-51.756,6.028,-1.976,-11.142,118.473,71.893,-0.824,-0.606,7.137,-14.296,-16.84,-35.863,-5.008,11.166,-0.11,-7.913,16.336,-53.328,5.527,0,0
0,63.606,0,5.026,19.421,-180.233,15,5,10,0,0,5.341,-4.299,-19.778,39.878,268.153,-53.817,5.794,-1.835,-10.883,120.931,65.221,-3.695,1.779,5.257,-13.836,5.802,-42.702,-4.779,10.057,1.935,-9.101,19.649,-54.336,7.481,0,0
0,61.669,0,4.99,-3.616,-193.703,15,5,10,0,0,5.633,-3.679,-20.398,49.496,274.29,-52.321,4.134,-1.118,-11.269,121.496,54.626,-9.45,0.417,6.426,-15.85,13.939,-212.84,-6.168,9.755,1.619,-13.45,18.473,-46.473,4.992,0,0
0,59.684,0,5.023,3.284,-198.452,15,5,10,0,0,6.816,-2.414,-22.219,51.466,271.603,-53.16,4.819,0.311,-11.237,115.084,47.542,-14.412,0.316,6.076,-16.571,27.893,-248.061,0.366,10.114,1.296,-11.161,18.031,-49.863,5.985,0,0
0,57.644,0,5.023,-0,-204.003,15,5,10,0,0,4.46,-1.13,-24.882,55.969,267.435,-51.435,4.33,0.893,-8.864,105.176,37.954,-18.58,2.488,3.937,-15.067,37.725,-56.29,-3.008,10.232,-0.098,-9.894,22.107,-52.947,4.992,0,0
0,55.615,0,5.023,-0,-202.87,15,5,10,0,0,1.796,-3.482,-23.356,55.786,250.412,-51.038,5.077,2.718,-8.847,93.481,31.405,-20.275,4.007,4.076,-14.547,46.855,-113.695,-7.389,10.217,-0.455,-9.463,32.473,-52.29,6.183,0,0
0,53.608,0,5.023,-0,-200.718,15,5,10,0,0,0.824,-2.167,-25.282,47.725,234.214,-47.985,6.055,1.756,-5.856,83.695,22.534,-19.74,3.396,9.921,-17.752,108.962,-249.908,-38.473,10.6,1.186,-8.653,38.183,-50.015,8.031,0,0
0,51.664,0,5.023,-0,-194.436,15,5,10,0,0,3.463,-4.541,-23.407,39.038,219.389,-41.466,5.525,1.775,-5.762,72.977,13.832,-17.115,2.62,6.857,-13.822,57.695,-58.702,-6.443,9.815,1.293,-9.403,39.328,-50.84,8.534,0,0
0,49.796,0,5.023,-0,-186.757,15,5,10,0,0,3.209,-4.325,-23.318,26.046,199.786,-33.206,4.919,3.317,-6.27,67.023,4.229,-16.885,2.539,7.355,-13.604,53.969,-61.786,-5.359,9.563,1.401,-10.078,40.718,-56.336,9.237,0,0
0,48.042,0,5.03,0.71,-175.438,15,5,10,0,0,4.007,-3.909,-22.204,5.42,179.786,-24.275,4.323,3.696,-6.076,58.336,-6.611,-16.489,3.023,7.185,-14.183,49.939,-123.71,-3.725,9.87,1.669,-10.493,38.763,-61.13,9.435,0,0
0,46.357,0,5.041,1.122,-168.457,15,5,10,0,0,3.346,-3.09,-23.153,-15.893,160.275,-11.053,4.28,5.37,-6.057,47.221,-16.29,-23.206,3.238,5.355,-14.71,43.771,-59.695,-0.397,10.646,2.024,-10.397,37.023,-64.702,8.534,0,0
0,44.757,0,5.056,1.442,-160.012,15,5,10,0,0,3.523,-4.036,-22.353,-39.863,135.985,2.26,4.424,6.014,-5.77,31.13,-23.023,-25.542,3.226,5.341,-14.614,42.794,-60.046,-1.053,10.996,0.831,-10.612,39.053,-66.015,10.198,0,0
0,43.16,0,5.085,2.895,-159.725,15,5,10,0,0,-0.738,2.163,-30.52,-46.992,128.534,17.435,9.178,3.492,-2.771,-14.397,-18.168,-25.374,5.463,7.379,-15.642,35.542,200.489,11.817,11.137,1.248,-10.758,41.786,-65.771,13.71,0,0
0,41.626,0,5.304,21.996,-153.385,15,5,10,0,0,6.122,-3.015,-22.214,-66.244,90.779,27.557,4.481,6.934,-3.137,2.55,-46.244,-15.115,6.701,6.689,-14.37,28.031,-44.244,2.229,13.316,3.171,-7.722,36.061,-84.702,14.092,0,0
0,40.282,0,5.696,39.173,-134.377,15,5,10,0,0,2.802,-3.26,-23.344,-91.13,57.756,40.427,6.45,6.055,-2.893,-36.107,-58.244,-16.122,5.568,7.81,-15.788,18.947,-146.198,4.397,10.924,2.074,-9.554,25.863,-81.115,11.282,0,0
0,39.172,0,6.183,48.718,-111.042,15,5,10,0,0,3.13,-4.44,-22.432,-103.649,35.893,49.725,8.296,5.231,-4.163,-64.809,-60.198,-12.275,7.501,6.305,-18.863,57.115,-110.901,315.237,12.461,-0.489,-10.289,20.641,-83.221,12.901,0,0
0,38.246,0,6.784,60.093,-92.583,15,5,10,0,0,4.558,-3.14,-22.676,-113.069,11.817,48.031,13.855,3.466,-2.982,-83.099,-56.519,-15.328,3.717,12.417,-21.431,109.176,-124.947,59.481,13.783,1.269,-7.137,9.023,-77.053,16.702,0,0
0,37.426,0,7.326,54.188,-82.054,15,5,10,0,0,9.949,-6.955,-19.493,-86.275,10.962,42.84,12.452,-1.597,-4.158,-101.695,-49.695,-9.618,4.577,6.358,-19.026,84.992,-210.687,103.817,10.845,-3.116,-13.515,13.878,-77.115,17.603,0,0
0,36.686,0,7.982,65.575,-73.998,15,5,10,0,0,4.958,-3.624,-25.471,-75.176,-17.267,30.519,11.772,-3.351,-3.621,-78.382,-51.435,3.908,3.854,5.4,-18.341,41.542,-52.763,62.412,10.746,0.22,-9.733,16.412,-89.206,21.237,0,0
0,36.224,0,8.656,67.36,-46.154,15,5,10,0,0,4.603,-4.028,-25.49,-72.885,-21.206,28.779,7.865,-8.553,-6.028,-62.641,-62.748,14.198,2.304,9.258,-34.68,139.954,-431.389,227.42,12.952,2.026,-9.762,3.328,-83.71,21.527,0,0
0,36.158,0,9.237,58.159,-6.592,15,15,10,1,0,2.908,-4.8,-20.995,-15.511,-96.626,-5.435,8.727,-6.469,-5.154,-24.656,-75.466,42.626,4.824,4.664,-38.895,123.221,-470.962,-467.053,12.255,-0.204,-12.6,5.023,-90.855,20.244,1,0
0,36.213,0,9.856,61.936,5.528,5,15,10,1,0,5.621,-5.439,-18.473,-11.588,-94.916,-5.954,7.623,-5.607,-8.162,7.038,-89.13,44.565,4.838,4.207,-18.949,31.802,-65.252,28.031,16.171,0.879,-8.548,-5.145,-92.565,21.42,0,0
0.645,36.213,0,10.314,45.742,0,5,15,10,1,0,8.977,-4.445,-6.72,30.351,-73.389,-11.435,9.472,-5.753,-8.862,50.046,-91.695,56.504,7.573,8.192,-14.873,36.931,-150.718,71.267,11.647,-0.438,-9.465,-1.71,-95.802,24.031,0,0
1.253,36.217,0,10.761,44.746,0.355,5,15,10,1,0,9.051,-4.428,-6.32,20.504,-59.603,-8.733,11.755,-4.024,-8.43,87.679,-82.519,63.771,8.351,4.701,-11.108,26.58,-57.435,45.16,13.146,-0.92,-5.932,19.893,-101.053,27.893,0,0
1.824,36.342,0,11.303,54.165,12.463,5,15,10,1,0,6.802,-3.985,-13.407,21.695,-64.107,-4.733,13.278,-1.298,-5.715,120.305,-64.229,71.847,0.129,9.011,-10.16,65.878,-61.313,102.229,16.985,-0.91,-4.23,36.336,-101.542,29.756,0,0
2.359,36.627,0,11.882,57.85,28.519,5,15,10,1,0,5.705,-3.281,-17.4,34.763,-72.244,4.611,10.478,-1.463,-6.819,125.42,-51.176,69.954,5.145,9.8,2.663,174.458,-11.695,42.992,14.04,-5.274,-7.226,48.443,-104.153,33.282,0,0
2.857,36.865,0,12.647,76.55,23.838,5,15,10,1,0,3.341,-1.612,-18.672,47.618,-79.374,7.634,10.155,0.287,-5.214,125.969,-50.198,70.763,12.818,5.382,-6.972,42.504,0.244,109.374,15.429,2.57,-1.516,58.962,-110.55,29.359,0,0
3.319,36.902,0,13.647,99.964,3.639,5,15,10,1,0,5.657,-0.405,-20.92,57.908,-64.748,5.634,6.126,1.528,-7.561,103.008,-66.351,54.137,9.491,6.711,-6.797,40.031,29.115,16.351,15.362,2.972,-1.411,42.702,-108.672,25.252,0,0
3.743,36.719,0,14.793,114.59,-18.242,5,15,10,1,0,7.219,1.15,-19.385,37.084,-64.885,2.092,11.173,2.819,-4.151,59.939,-72.611,37.298,10.723,7.432,-4.354,21.786,45.832,16.779,13.541,0.992,-2.793,30.55,-112.244,22.214,0,0
4.132,36.287,0,16.229,143.635,-43.224,5,15,10,1,0,11.81,-0.781,-17.433,36.733,-47.496,10.046,12.191,4.718,-7.101,13.466,-88.107,27.237,4.311,14.423,2.85,6.565,135.786,21.435,10.181,-0.472,-6.917,23.298,-117.969,24.458,0,0
4.483,35.448,0,18.199,196.988,-83.908,5,15,10,1,0,11.405,0.98,-16.526,21.084,-32.275,19.298,11.927,2.826,-8.49,-19.573,-106.458,23.008,13.015,5.125,-2.187,-7.878,211.725,18.992,11.154,6.337,-4.04,1.802,-139.405,23.344,0,0
4.798,34.232,0,20.762,256.348,-121.605,5,15,10,1,0,11.039,0.534,-16.679,-11.71,-10.305,26.504,9.911,1.957,-13.498,-36.87,-133.282,25.817,8.22,2.52,-2.63,-65.832,198.107,193.221,17.134,6.347,-3.916,-10.244,-153.542,18.885,0,0
5.077,32.522,0,23.725,296.231,-170.987,5,15,10,1,0,6.486,2.278,-18.066,-46.687,3.252,34.305,4.455,0.328,-14.459,-35.893,-153.496,23.878,9.111,5.044,-5.461,-48.214,315.786,19.298,16.566,5.406,-10.208,-39.389,-170.366,14.977,0,0
5.319,30.379,0,27.039,331.433,-214.257,5,15,10,1,0,8.457,0.821,-15.975,-85.069,26.046,35.771,10.617,0.728,-14.267,-43.053,-174.458,19.649,1.815,23.031,-8.383,-311.45,-119.695,117.985,13.383,9.508,-11.53,-62.092,-188.947,8.198,0,0
5.524,27.775,0,30.749,371.007,-260.388,5,15,10,1,0,10.572,1.135,-17.615,-87.481,26.473,32.031,8.933,0.647,-11.484,-55.649,-189.695,13.802,1.911,22.877,-7.894,-338.321,-72.061,100.641,14.99,5.93,-13.886,-83.313,-205.74,8.26,0,0
5.692,24.802,0,34.832,408.326,-297.307,5,15,10,1,0,5.918,1.93,-12.78,-112.794,32.779,38.885,4.421,0.747,-11.795,-53.802,-204.443,11.634,12.076,13.28,-13.082,-118.29,429.542,-30.718,13.47,12.557,-9.08,-117.145,-219.053,14.092,0,0
5.824,21.689,0,39.223,439.076,-311.291,5,15,10,1,0,4.05,1.116,-17.567,-160.626,38.29,45.573,6.095,2.589,-8.55,-61.038,-202.641,5.618,9.369,7.631,-17.584,-132,226.336,-37.954,19.845,7.609,-15.56,-146.504,-199.023,11.038,0,0
5.919,18.848,0,43.716,449.319,-284.134,5,15,10,1,0,6.57,-5.892,-14.155,-147.908,13.511,36.947,8.627,0.153,-8.126,-73.481,-187.038,2.26,5.94,8.451,-28.553,-307.481,-54.305,-254.901,11.348,4.175,-14.854,-166.824,-202.321,5.481,0,0
5.978,16.357,0,48.257,454.091,-249.058,5,15,10,1,0,6.996,-5.408,-15.98,-104.443,10.412,34.733,13.173,1.121,-7.398,-87.191,-171.298,4.321,6.083,7.02,-17.963,-170.748,-30,-359.084,13.187,2.088,-13.719,-174.015,-188.55,4.122,0,0
6,14.299,0,52.798,454.091,-205.799,5,15,10,1,0,4.294,-7.405,-15.848,-58.504,9.374,37.252,12.325,0.402,-8.608,-92.733,-156.473,12.534,6.086,1.104,-17.797,-155.695,250.641,-187.847,13.027,0.819,-16.435,-153.557,-176.382,5.863,0,0
5.985,12.601,0,57.379,458.142,-169.899,5,15,10,1,0,8.356,-4.301,-13.177,-48.214,4.84,35.863,13.046,-0.513,-10.703,-99.13,-145.405,27.237,4.5,1.336,-19.103,-121.221,254.427,-96.29,9.947,6.517,-17.419,-154.015,-173.939,1.13,0,0
5.934,11.091,0,61.799,442.006,-150.925,5,15,10,1,0,4.476,-5.504,-13.999,-25.527,11.603,37.573,8.967,-3.47,-10.732,-95.282,-146.885,32.992,4.551,1.54,-16.466,-115.878,-486.244,125.069,11.757,0.553,-17.623,-163.45,-151.924,-6.107,0,0
5.846,9.601,0,65.993,419.324,-149.025,5,15,10,1,0,6.593,-4.004,-12.473,-39.588,4.244,33.893,10.291,-4.21,-8.577,-90.885,-147.115,33.74,6.728,4.991,-15.189,-77.405,241.13,-90.565,1.492,0.105,-11.863,-141.679,-134.992,-5.13,0,0
5.721,8.084,0,69.564,357.091,-151.669,5,15,10,1,0,9.24,-5.212,-12.979,-40.504,18.107,32.611,7.286,-3.296,-11.163,-83.496,-149.649,33.298,6.366,4.551,-14.832,-58.687,226.977,-90.565,15.879,-4.495,-10.411,-117.893,-67.893,3.924,0,0
5.56,6.397,0,72.347,278.344,-168.766,5,15,10,1,0,5.465,-1.825,-14.686,-47.099,13.023,32.031,9.13,-3.075,-8.969,-76.809,-149.038,25.13,7.734,4.178,-18.403,-114.55,341.466,362.504,14.578,-6.455,-9.271,-63.252,-13.145,15.466,0,0
5.362,4.741,0,74.375,202.813,-165.516,5,15,10,1,0,8.826,-8.011,-11.41,-58.58,14.779,24.641,7.928,-2.215,-10.397,-78.718,-144.229,20.244,7.319,4.586,-14.016,-51.786,-216.443,-121.16,12.627,-8.1,-12.753,-11.985,37.466,22.107,0,0
5.128,3.027,0,75.742,136.631,-171.433,5,15,10,1,0,8.162,-5.532,-12.234,-56.29,17.191,22.809,9.257,-2.563,-9.753,-79.42,-141.45,15.344,4.282,4.009,-14.923,-49.664,181.267,-11.099,10.167,-3.638,-12.548,24.26,74.076,21.924,0,0
4.857,1.438,0,76.664,92.24,-158.924,5,15,10,1,0,5.722,-6.313,-12.967,-58.504,16.427,21.237,10.84,-4.637,-10.196,-88.26,-135.206,12.092,3.224,7.847,-17.187,-199.389,-299.878,-500.275,7.626,-3.169,-14.128,49.359,88.168,19.634,0,0
4.549,-0.129,0,77.257,59.326,-156.716,5,15,10,1,0,5.307,-6.692,-14.581,-32.489,15.42,20.153,11.599,-5.37,-10.998,-82.58,-134.412,12.656,1.811,0.697,-15.079,-49.344,-317.924,65.466,6.572,-0.575,-15.359,62.305,117.832,15.405,0,0
4.205,-1.517,0,77.606,34.836,-138.771,5,15,10,1,0,8.119,-5.3,-12.248,-30.733,13.42,13.618,11.314,-3.964,-11.477,-71.389,-131.557,16.885,2.52,1.908,-17.608,-52.885,345.16,20.092,5.2,0.477,-15.163,57.969,136.656,12.611,0,0
3.824,-2.789,0,77.931,32.57,-127.156,5,15,10,1,0,7.226,-8.169,-12.497,-9.527,14.855,13.008,10.61,-4.642,-10.881,-53.45,-125.893,13.771,2.421,2.181,-19.634,-10.504,-317.496,-491.237,4.558,0.402,-15.014,48.87,150.779,14.58,0,0
3.406,-3.887,0,78.184,25.257,-109.841,5,15,10,1,0,6.72,-5.956,-11.113,7.42,12.168,9.939,10.67,-5.765,-10.066,-37.237,-119.206,14.046,1.25,7.234,-21.565,12.702,323.008,250.626,6.091,0.465,-14.229,32.931,168.275,18.244,0,0
2.952,-4.879,0,78.173,-1.064,-99.22,5,15,10,1,0,5.844,-5.758,-12.239,14.046,6.427,7.664,12.519,-4.419,-10.957,-16.229,-112.641,12.733,1.688,3.633,-15.436,14.656,161.405,5.588,6.816,0.12,-14.147,15.237,188.366,23.603,0,0
2.461,-5.718,0,78.085,-8.812,-83.84,5,15,10,1,0,7.913,-6.038,-11.403,24.718,4.183,5.695,10.94,-4.227,-8.742,3.618,-105.527,9.924,1.095,6.971,-15.683,41.466,312.427,9.13,0.661,0.845,-14.042,26.977,177.954,33.374,0,0
1.934,-6.417,0,78.023,-6.248,-69.958,5,15,10,1,0,7.645,-1.188,-12.43,18.656,-5.557,4.046,12.21,-2.021,-8.806,17.435,-95.053,2.84,1.104,5.874,-21.44,51.176,312.137,-25.374,7.583,4.194,-10.658,-5.466,209.359,36.153,0,0
1.37,-6.879,0,77.613,-40.947,-46.166,5,15,10,1,0,3.76,-2.824,-11.249,11.908,-20.046,2.214,15.017,-1.169,-7.518,17.954,-79.099,-4.29,1.339,4.63,-15.757,7.145,-401.359,-73.038,6.656,-2.745,-14.538,-19.939,231.145,36.489,0,0
0.769,-7.099,0,76.803,-80.99,-21.996,5,15,10,1,0,4.903,-4.9,-9.4,13.099,-27.969,-0.046,16.315,0.568,-6.325,12.809,-57.863,-0.443,-0.62,7.072,-16.296,-0.427,266.55,-52.58,5.968,-1.976,-16.135,-26.427,255.221,47.359,0,0
0.132,-7.146,0,75.643,-116.066,-4.738,5,15,10,1,0,5.717,-4.424,-9.611,15.038,-31.176,1.084,12.909,0.302,-6.498,10.931,-48.885,1.099,-0.625,7.015,-16.221,-13.374,250.855,-28.763,7.24,-0.17,-16.059,-19.298,266.229,61.924,0,0
0,-7.077,0,74.218,-142.422,6.935,5,15,10,1,0,6.34,-3.456,-9.405,6.458,-40.473,0.321,10.873,0.105,-6.177,8.092,-44.229,2.305,-0.862,4.545,-36.548,-250.992,-105.786,-176.366,8.318,2.364,-17.314,-24.718,275.237,68.519,0,0
0,-6.879,0,72.544,-167.382,19.798,5,15,10,1,0,8.538,-6.162,-7.41,5.725,-44.748,-0.885,8.268,-2.239,-7.118,6,-44.992,5.511,-1.688,5.711,-23.184,-107.542,397.908,-79.145,6.591,-0.398,-18.923,-38.031,283.267,66.763,0,0
0,-6.934,0,70.578,-196.69,-5.516,5,15,10,1,0,7.434,-4.416,-9.365,7.115,-43.466,0.366,7.623,-2.436,-7.439,10.366,-58.977,7.878,-3.6,8.133,-17.175,-70.565,71.038,-25.282,6.773,1.186,-16.25,-48.87,292.473,73.45,0,0
0,-6.977,0,68.344,-223.366,-4.337,5,15,10,1,0,6.605,-3.616,-9.355,-11.435,-50.901,-1.695,9.98,-0.055,-8.052,11.573,-66.366,9.191,-3.36,4.936,-17.457,-90.336,66.611,-11.206,3.53,-1.933,-19.517,-38.122,292.977,78.076,0,0
0,-6.985,0,65.873,-247.136,-0.755,5,15,10,1,0,4.665,-5.949,-11.046,-13.786,-56.947,-1.527,12.775,-0.101,-7.425,3.206,-64.473,8.183,-5.329,5.818,-18.334,-115.573,49.908,-15.725,7.108,-1.811,-20.449,-39.252,301.954,79.496,0,0
0,-6.985,0,63.309,-256.348,0,5,15,10,1,0,7.092,-5.475,-10.447,-5.802,-59.817,-2.779,11.712,-1.76,-8.761,-5.344,-62.84,15.573,-3.346,5.516,-15.189,-127.176,76.565,-17.832,8.615,5.803,-16.166,-36.87,292.061,78.031,0,0
0,-6.974,0,60.643,-266.602,1.064,5,15,10,1,0,6.649,-4.915,-11.067,-5.221,-61.908,-3.405,10.315,-1.449,-8.907,-11.573,-65.863,21.802,-3.437,4.48,-18.442,-268.916,58.534,12.641,6.874,1.593,-21.917,-30.382,284.183,69.252,0,0
0,-6.967,0,57.925,-271.809,0.732,5,15,10,1,0,5.576,-5.185,-10.509,-11.893,-69.832,-4.977,11.295,-0.398,-7.901,-15.206,-64.153,24.168,-4.134,0.473,-30.857,-9.038,172.092,77.313,6.981,-3.684,-25.754,-27.634,282.473,61.053,0,0
0,-6.919,0,55.212,-271.34,4.795,5,15,10,1,0,6.589,-4.864,-11.836,-12.305,-69.023,-3.649,10.536,0.122,-7.863,-23.344,-67.221,25.298,-2.146,2.87,-13.101,-205.466,19.542,75.542,4.728,0.321,-22.683,-26.122,263.145,59.786,0,0
0,-6.86,0,52.553,-265.87,5.848,5,15,10,1,0,6.155,-2.836,-12.672,-24.55,-73.496,-2.687,10.557,0.819,-8.224,-36.473,-65.817,22.015,-3.463,0.77,-15.098,-491.496,-7.328,377.16,7.204,0.228,-24.065,-18.351,250.718,53.13,0,0
0,-6.549,0,49.967,-258.557,31.117,5,15,10,0,0,7.29,-6.79,-8.715,-31.527,-88.962,-6.595,11.18,0.017,-8.646,-56.168,-46.641,23.496,-2.451,-2.376,-1.906,-148.656,-180.519,420.153,7.305,3.075,-21.696,-9.954,220.84,47.115,0,0
0,-6.124,0,47.525,-244.263,42.503,5,15,10,0,0,5.41,-4.828,-12.753,-21.649,-91.008,-3.603,12.406,-1.629,-9.235,-67.802,-39.176,19.664,-2.184,0.386,-6.383,5.573,-101.618,251.725,6.926,1.296,-23.447,11.74,194.153,35.084,0,0
0,-5.568,0,45.24,-228.493,55.653,5,15,10,0,0,7.154,-6.083,-11.815,-15.267,-98.992,-4.015,10.335,-1.444,-10.385,-70.977,-30.229,24.336,-2.84,1.696,2.385,347.588,-301.802,252.702,4.745,2.124,-22.496,34.321,158.641,24.977,0,0
0,-4.909,0,43.16,-207.985,65.907,5,15,10,0,0,4.055,-4.474,-12.555,-17.298,-109.878,-6.397,13.06,-1.463,-9.563,-64.214,-25.023,26.412,-2.124,1.145,-3.296,120.595,-98.809,111.939,4.464,3.463,-22.245,62.779,126.519,13.588,0,0
0,-4.07,0,41.292,-186.814,83.851,5,15,10,0,0,6.967,-4.598,-12.603,-26.229,-111.511,-10.061,13.18,-3.844,-9.575,-60.366,-20.26,26.84,-1.202,2.081,-5.772,71.252,-61.649,22,3.456,4.117,-23.543,84.504,87.511,-1.985,0,0
0,-3.132,0,39.787,-150.49,93.785,5,15,10,0,0,8.16,-5.087,-13.879,-22.809,-113.221,-15.221,13.244,-3.509,-11.297,-51.954,-18.321,25.847,-3.183,2.594,-8.112,65.328,-296.916,75.969,6.651,4.85,-22.717,103.496,56.534,-19.725,0,0
0,-2.107,0,38.677,-110.939,102.516,5,15,10,0,0,11.206,-5.156,-12.933,-19.313,-114.229,-18.702,12.655,-4.848,-12.076,-40.382,-15.053,22.351,3.799,6.658,2.702,297.634,472.672,86.962,9.97,3.018,-19.941,114.351,15.603,-11.237,0,0
0,-1.115,0,37.919,-75.863,99.232,5,15,10,0,0,12.325,-3.193,-13.24,-12.885,-107.466,-18.351,12.016,-3.399,-13.455,-31.45,-18.672,17.084,6.682,5.791,-4.206,63.206,-61.527,8.443,8.984,4.107,-24.008,119.695,-12.473,-6.809,0,0
0,-0.155,0,37.652,-26.688,96.016,5,15,10,0,0,9.757,-2.328,-14.162,-10.015,-105.45,-19.282,12.119,-0.913,-13.012,-24.58,-23.053,11.328,5.779,8.234,-5.044,47.435,-57.038,1.618,1.248,5.104,-30.091,96.046,-68.198,2.168,0,0
0,0.746,0,37.864,21.252,90.042,5,15,10,0,0,10.155,-1.978,-13.855,-15.634,-107.282,-19.893,12.327,0.721,-11.494,-26.58,-23.069,9.099,-2.306,2.54,-18.255,55.618,-149.389,-74.137,3.614,9.554,-26.966,6.824,-91.802,1.115,0,0
0,1.658,0,38.26,39.539,91.221,5,15,10,0,0,10.56,-1.626,-13.549,-22.183,-108.26,-20.901,12.782,0.97,-10.152,-36.427,-20.229,7.191,-0.742,26.198,-21.426,-11.588,-342.977,-179.969,9.183,6.859,-9.4,-79.893,-103.282,0.229,0,0
0,2.489,0,38.501,24.124,83.096,5,15,10,0,1,10.95,-0.819,-14.222,-23.389,-106.382,-21.573,11.745,1.976,-11.015,-47.786,-22.809,3.603,0.75,8.903,-43.015,-453.634,196.015,156.824,12.064,-3.674,-0.8,-116.87,-65.664,6.244,0,1
0,3.273,0,38.352,-14.935,78.381,5,5,10,0,1,12.028,-0.237,-12.471,-36.87,-102.321,-24.412,12.71,1.207,-10.713,-61.328,-20.901,-1.053,2.045,27.46,-39.911,499.634,399.115,367.878,10.299,-8.052,-0.433,-103.145,-50.901,10.779,0,0
0,3.954,0.645,38.432,8.057,68.138,5,5,10,0,1,14.916,-0.096,-11.221,-54.015,-98.595,-26.336,14.626,1.056,-8.924,-72.702,-18.015,-7.084,5.255,6.144,-13.364,-141.206,435.878,-27.359,13.462,-5.35,-7.643,-75.511,-58.718,6.244,0,0
0,4.573,1.253,38.432,-0,61.855,15,5,10,0,1,15.235,-2.735,-7.669,-65.771,-92.626,-26.534,14.775,0.716,-8.912,-74.595,-17.099,-11.588,2.366,3.631,-1.825,-350.183,-485.756,85.008,12.31,-0.52,-17.12,-48.092,-88.427,-12.519,0,0
0,5.144,1.824,38.798,36.552,57.152,15,5,10,0,1,13.273,-0.402,-8.735,-82.397,-92.015,-29.115,15.814,-0.266,-6.584,-75.084,-14.687,-16.137,4.172,-4.728,2.208,-315.221,-210.702,-278.595,7.937,0.405,-21.249,-23.099,-127.557,-25.847,0,0
0,5.833,2.359,39.75,95.249,68.848,15,5,10,0,1,12.605,-3.442,-7.367,-87.603,-101.863,-29.679,16.004,0.917,-4.677,-68.137,-4.901,-17.511,3.382,-1.08,-5.291,-88.229,-103.282,-226.504,9.187,8.21,-11.391,-39.45,-132.015,-27.618,0,0
0,6.807,2.857,40.647,89.699,97.412,15,5,10,0,1,8.814,-3.88,-8.251,-87.008,-115.817,-31.42,18.758,0.994,-2.738,-74,15.466,-18.458,1.394,3.124,-14.241,-6.458,-262.794,-258.931,10.045,4.419,-13.824,-87.282,-88.84,-22.397,0,0
0,8.238,3.319,40.992,34.424,143.166,15,5,10,0,1,10.845,-5.935,-5.322,-70.229,-117.74,-32.458,14.555,-1.77,-4.503,-70.489,36.84,-13.725,2.338,11.255,26.939,223.008,285.053,-443.359,7.992,-6.981,-17.488,-79.588,-54.794,-13.542,0,0
0,9.912,3.743,40.823,-16.811,167.336,15,5,10,0,1,15.273,-6.105,-6.958,-42.244,-120.947,-31.985,13.211,-0.924,-2.785,-58.641,55.618,-14.092,1.705,5.059,-28.232,32.015,-466.702,-274.687,13.838,-9.446,-17.127,-30.702,-42.824,-6.336,0,0
0,11.937,4.132,40.124,-69.924,202.504,15,5,10,0,1,11.721,-4.687,-8.395,-24.366,-138.214,-30.885,14.667,1.538,-1.808,-45.603,82.198,-21.802,1.238,4.604,-23.821,-0.443,-298.275,-136.794,18.456,-3.839,-14.432,7.511,-27.573,-11.634,0,0
0,14.417,4.483,38.974,-115.002,247.994,15,5,10,0,1,8.984,-6.011,-9.81,-22.076,-150.229,-33.13,16.803,-0.726,-1.169,-43.786,115.725,-27.954,2.539,5.519,-21.546,13.45,374.947,-96.855,16.54,-2.134,-12.519,49.328,-12.031,-14.382,0,0
0,17.412,4.798,37.315,-165.963,299.492,15,5,10,0,1,15.944,-11.211,-6.95,-6.916,-168.427,-37.313,16.303,-2.12,-4.752,-42.336,149.939,-17.42,4.014,6.821,-16.214,0.351,317.237,-52.824,11.434,-0.702,-13.941,51.038,5.084,-11.649,0,0
0,20.847,5.077,34.949,-236.573,343.541,15,5,10,0,1,14.808,-14.804,-11.599,11.053,-186.779,-37.221,16.224,-4.177,-5.379,-24.122,184.443,-17.053,0.877,5.612,-18.264,3.649,-384.046,-4.275,9.879,-4.208,-15.172,51.313,38.168,-1.588,0,0
0,24.857,5.319,32.038,-291.081,401.036,15,5,10,0,1,16.411,-12.354,-14.353,32.382,-207.252,-40.26,14.334,-7.463,-8.658,0.84,208.031,-5.511,1.413,4.625,-12.27,3.344,-198.198,8.733,3.451,-8.112,-12.684,61.756,38.687,-2.565,0,0
0,29.321,5.524,28.947,-309.06,446.401,15,5,10,0,1,11.544,-5.959,-16.008,55.771,-214.763,-41.679,10.028,-6.617,-11.357,35.756,219.954,9.237,-3.185,6.47,-18.834,-114.87,-140.947,218.137,1.631,-8.814,-15.134,97.42,13.328,-16.412,0,0
0,34.115,5.692,26.174,-277.302,479.36,15,5,10,0,1,10.936,-10.79,-17.52,86.153,-220.718,-46.443,11.199,-6.728,-11.934,61.985,229.863,23.237,-0.287,1.157,-15.41,-6.382,-185.221,2.275,9.309,3.104,-11.075,81.924,15.176,-13.389,0,0
0,38.997,5.824,23.615,-255.913,488.149,15,5,10,0,1,10.296,-9.982,-16.344,119.344,-219.588,-50.26,15.726,-4.912,-12.342,76.779,248.87,43.771,5.959,1.38,-11.803,-3.618,-342.412,19.176,8.823,-1.133,-12.516,64.672,6.244,-16.275,0,0
0,44.039,5.919,21.527,-208.786,504.285,15,5,10,0,1,9.736,-5.94,-19.819,131.817,-210.763,-54.107,8.953,-4.177,-14.854,95.588,251.786,74.763,6.613,-0.213,-11.822,7.924,-298.443,263.817,8.162,2.287,-12.126,38,2.885,-17.344,0,0
0,49.082,5.978,19.92,-160.744,504.285,15,5,10,0,1,10.825,-6.091,-19.9,132.198,-212,-54.733,13.738,-2.709,-14.44,107.237,257.267,83.282,4.239,4.898,-13.91,6.214,453.481,-41.527,10.368,4.426,-10.655,5.145,-2.489,-21.863,0,0
0,54.066,6,18.521,-139.893,498.368,15,5,10,0,1,11.228,-13.118,-18.322,166.855,-187.45,-44.214,16.303,2.498,-13.676,94.168,260.351,89.878,4.831,5.671,-13.276,14.855,-251.649,-18.229,10.368,0.647,-10.833,-2.092,-2.534,-23.099,0,0
0,58.67,5.985,17.276,-124.478,460.362,15,5,10,0,1,7.444,-7.449,-19.768,180.26,-172.84,-43.878,23.682,4.773,-9.779,77.16,275.924,97.634,3.228,8.08,-29.909,120.992,-47.405,-418.687,10.538,0.831,-10.727,6.992,1.344,-19.878,0,0
0,62.445,5.934,16.093,-118.366,377.518,15,5,10,0,1,16.073,-1.128,-12.241,187.908,-96.733,-38.626,17.702,-2.359,-14.66,75.496,264.794,95.969,3.731,2.025,-24.056,121.13,-0.26,-120.672,10.605,1.368,-10.186,15.924,-1.115,-17.099,0,0
0,65.587,5.846,14.84,-125.221,314.255,15,5,10,0,1,14.638,-2.536,-12.136,154.779,-45.359,-32.214,12.653,-1.226,-12.085,85.038,245.344,85.145,1.408,9.315,-31.423,193.908,-244.779,-479.756,9.537,1.305,-10.272,18.046,6.214,-15.237,0,0
0,68.154,5.721,13.449,-139.183,256.68,15,5,10,0,1,7.942,0.802,-13.901,103.618,-19.573,-23.496,11.46,-1.241,-9.609,76.992,224.412,67.695,3.07,3.232,-26.824,235.802,-391.344,-451.42,8.083,-2.218,-11.937,41.527,1.496,-10.626,0,0
0,70.344,5.56,12.149,-129.948,219.029,15,5,10,0,1,5.853,4.012,-16.43,56.885,6.26,-17.466,12.926,-1.315,-9.961,71.389,208.626,42.336,2.23,7.411,-18.336,64.931,455.557,-106.015,10.869,3.492,-9.901,50.137,-0.26,-5.328,0,0
0,72.106,5.362,10.885,-126.377,176.159,15,5,10,0,1,6.62,0.884,-16.461,28.718,38.504,-12.229,13.043,-0.342,-12.183,72.702,198.168,21.038,4.186,3.175,-25.349,323.145,-23.588,-221.313,9.901,1.317,-10.112,52.733,-0.427,-5.084,0,0
0,73.556,5.128,9.761,-112.381,145.02,15,5,10,0,1,6.644,-0.034,-15.898,2.519,64.443,-5.771,13.625,-0.228,-10.713,74.611,194.504,0.427,6.687,5.681,-12.162,48.641,-117.786,-8.153,7.14,1.291,-11.807,58.55,-6,-2.504,0,0
0,74.698,4.857,8.966,-79.514,114.189,15,5,10,0,1,5.188,-0.101,-14.866,-27.878,94.565,-4.321,13.371,-0.144,-10.442,66.595,196.672,-16.214,4.553,5.449,-12.787,54.794,-398.611,-49.099,10.663,7.13,-5.808,34.214,-12.061,-1.282,0,0
0,75.566,4.549,8.198,-76.847,86.826,15,5,10,0,1,3.573,2.785,-17.024,-55.252,127.756,-2.046,13.024,0.407,-10.174,58.275,197.359,-32.198,2.943,5.528,-14.138,60.87,-109.695,-26.534,9.432,1.054,-10.481,16,-3.603,-6.626,0,0
0,76.138,4.205,7.487,-71.068,57.175,15,5,10,0,1,4.385,1.985,-17.007,-58.29,131.053,-2.366,12.598,0.168,-11.336,41.817,193.878,-42.58,3.147,5.524,-16.554,104.443,-366.916,-48.366,11.197,-0.156,-9.41,19.282,-11.237,-2.855,0,0
0,76.357,3.824,6.934,-55.287,21.938,15,5,10,0,1,3.518,-2.69,-14.873,-74.168,178.076,3.099,10.806,-1.368,-12.586,27.481,184.504,-43.359,2.112,5.657,-14.593,52.214,-84.55,-8.885,8.512,-0.874,-12.258,24.534,-13.313,-6.641,0,0
0,76.237,3.406,6.601,-33.371,-12.085,15,5,10,0,1,1.463,8.675,-24.496,-82.641,206.58,3.817,12.409,0.426,-11.027,18.656,170.885,-46.168,8.694,4.934,-8.771,38.916,-275.786,-75.969,7.099,2.977,-8.198,16.687,-31.053,-3.985,0,0
0,76.002,2.952,6.377,-22.327,-23.46,15,5,10,0,1,5.791,-6.33,-15.11,-47.786,228.412,-0.656,7.444,0.101,-15.084,6.901,163.893,-33.023,6.045,7.438,-16.574,135.313,450.321,6.84,8.155,2.369,-9.324,3.786,-21.893,-5.863,0,0
0,75.412,2.461,6.165,-21.229,-58.96,15,5,10,0,1,4.297,-2.824,-18.509,-25.771,251.267,-4,8.155,-0.891,-13.115,14.855,159.145,-29.511,6.471,5.888,-13.585,50.855,-250.443,3.359,6.752,-1.485,-11.266,10.611,-29.603,-5.115,0,0
0,74.442,1.934,6.19,2.529,-97,15,5,10,0,1,3.391,-2.915,-19.962,6.641,274.458,-8.275,6.713,-1.868,-13.391,22.504,144,-20.565,3.008,8.141,-14.023,4.992,-208.443,-17.71,10.909,4.4,-6.747,-4.748,-33.985,-3.435,0,0
0,73.109,1.37,6.202,1.156,-133.312,15,5,10,0,1,0.431,-2.663,-19.366,28.351,285.924,-13.954,6.665,-2.486,-13.019,34.58,130.168,-15.679,3.118,11.409,-45.046,91.344,129.939,-141.924,9.894,2.536,-8.411,-2.427,-38.076,-4.947,0,0
0,71.457,0.769,6.231,2.895,-165.207,15,5,10,0,1,3.303,-2.601,-17.201,34.534,299.618,-25.679,5.142,-2.742,-14.016,49.466,112.901,-6.519,3.322,7.937,-14.128,9.939,-55.176,-9.176,9.726,0.941,-8.66,-2.382,-39.832,-4.763,0,0
0,69.575,0.132,6.261,2.987,-188.187,15,5,10,0,1,2.397,-1.233,-19.543,38.885,310.992,-33.634,2.723,-3.243,-14.739,70.107,92.214,-3.863,2.508,6.311,-13.367,-2.015,-59.405,-11.115,10.167,0.678,-9.377,0.214,-41.115,-4.015,0,0
0,67.517,0,6.261,-0,-205.799,15,5,10,0,1,0.251,-1.823,-20.588,33.664,305.863,-43.893,3.26,-2.817,-12.722,94.031,75.954,-0.183,2.613,5.719,-13.254,-1.344,-60.427,-10.641,9.937,0.843,-8.984,4.427,-44.855,-4.107,0,0
0,65.367,0,6.261,-0,-215.001,15,5,10,0,1,3.614,-2.965,-19.931,34.931,307.847,-48.183,1.389,-2.62,-14.363,121.847,60.58,-4.489,3.023,4.819,-12.902,2.702,-122.885,-23.176,9.561,0.913,-9.214,5.313,-47.496,-3.908,0,0
0,63.083,0,6.261,-0,-228.482,15,5,10,0,1,3.827,-1.897,-21.804,31.511,302.687,-49.13,2.582,-1.15,-12.785,140.107,52.931,-6.626,2.924,4.673,-12.916,10.168,-63.374,-13.084,9.559,0.661,-9.288,6.672,-49.313,-3.74,0,0
0,60.742,0,6.256,-0.446,-234.032,15,5,10,0,1,-1.679,0.932,-26.772,29.023,291.954,-50.473,3.739,-0.453,-10.814,160.412,40.092,-22.366,2.639,4.414,-12.947,8.351,-130.702,-28.489,9.975,0.01,-9.381,10.702,-49.786,-3.252,0,0
0,58.399,0,6.242,-1.465,-234.341,15,5,10,0,1,0.465,-3.748,-22.295,28.901,277.863,-52.809,2.213,2.081,-10.399,152.198,30.504,-27.511,2.615,8.144,-16.473,60.595,-136.26,-28.061,10.739,0.194,-8.73,20.855,-50.809,-4.061,0,0
0,56.037,0,6.239,-0.309,-236.218,15,5,10,0,1,2.625,-1.672,-23.145,13.298,263.511,-48.244,1.178,3.114,-10.095,136.748,20.519,-38.107,3.092,3.631,-12.559,41.053,-279.771,-52.947,10.562,-0.333,-8.591,29.206,-51.634,-4.015,0,0
0,53.781,0,6.228,-1.099,-225.586,15,5,10,0,1,0.469,1.358,-28.374,5.756,247.496,-39.924,1.004,4.419,-8.83,115.282,5.45,-53.328,2.747,3.796,-13.015,54.947,-67.649,-15.481,11.724,-0.065,-8.411,42.336,-56.824,-2.351,0,0
0,51.514,0,6.223,-0.423,-226.708,15,5,10,0,1,-0.319,-3.564,-25.976,5.313,220.55,-32.824,2.778,5.382,-7.583,81.969,-5.221,-58.275,2.56,4.627,-13.185,66.214,-266.885,-66.198,9.446,0.92,-8.754,48.565,-60.412,-3.527,0,0
0,49.397,0,6.223,-0,-211.647,15,5,10,0,1,0.479,-1.959,-27.636,-3.511,198.687,-24.565,4.586,5.602,-6.273,51.282,-16.076,-58.397,3.667,4.824,-12.655,75.237,-219.618,-67.969,10.306,0.263,-8.517,53.878,-61.435,-2.107,0,0
0,47.324,0,6.22,-0.286,-207.287,15,5,10,0,0,0.357,-4.04,-25.591,-15.603,172.275,-18.992,5.583,4.642,-5.324,19.527,-26,-53.786,3.358,6.103,-12.325,81.053,484.351,-29.924,12.004,0.714,-9.309,59.557,-61.832,0.626,0,0
0,45.446,0,6.22,-0,-187.844,15,5,10,0,0,0.366,-2.16,-28.417,-34.031,146.611,-14.153,6.395,4.598,-6.174,-8.595,-38.122,-46.55,2.407,5.765,-13.644,78.305,-261.939,-66.198,10.342,3.188,-8.39,56.137,-68.702,-2.626,0,0
0,43.709,0,6.22,-0,-173.653,15,5,10,0,0,1.708,-5.537,-26.4,-45.817,116.763,-9.542,5.267,3.875,-7.573,-28.366,-49.282,-36.412,3.391,5.846,-13.187,72.412,-272.565,-58.443,9.676,2.572,-10.186,50.595,-71.328,-5.573,0,0
0,42.223,0,6.22,-0,-148.659,15,5,10,0,0,1.344,-5.401,-26.688,-46.947,113.374,-8.748,9.705,0.211,-0.098,-25.634,-50.55,-29.344,1.799,7.35,-14.056,92.992,-145.786,-49.038,10.974,0.182,-9.357,50.519,-73.74,-4.595,0,0
0,40.934,0,6.22,-0,-128.918,15,5,10,0,0,7.734,8.929,-49.05,-47.206,90.183,-0.962,9.348,-5.274,-3.794,-51.511,-54.366,-41.634,4.541,6.457,-13.338,76.26,-145.969,-66.565,12.605,1.08,-7.678,55.405,-75.435,3.786,0,0
0,39.915,0,6.22,-0,-101.818,15,5,10,0,0,18.662,-7.585,-26.379,-62.092,12.595,14.321,1.427,3.078,-3.042,13.069,-83.344,-12.336,5.142,5.998,-16.382,181.023,-279.13,380.092,11.827,-3.696,-13.173,73.603,-72.336,10.321,0,0
0,39.729,0,6.242,2.117,-18.642,15,5,10,1,0,-0.584,-4.804,-42.746,-99.496,-101.695,5.695,7.813,0.922,1.308,-1.573,-64.611,-9.206,-0.455,8.272,-17.395,95.786,-64.779,-5.786,10.117,1.269,-7.094,74.901,-72.321,11.252,1,0
0,40.318,0,6.403,16.136,58.937,5,5,10,1,0,7.039,-11.022,-32.56,-82.244,-164.534,7.496,13.297,0.182,0.762,-24.718,-56.916,11.863,9.125,7.516,-10.481,97.359,-118.718,250.137,6.507,0.901,-12.425,84.122,-105.176,15.221,0,0
0.655,41.425,0,6.791,38.807,110.619,5,5,10,1,0,11.194,-11.827,-6.905,-39.756,-171.191,4.305,13.194,-3.99,-4.431,-34.305,-47.863,36.473,7.532,6.457,-12.617,100.153,-56.55,1.649,15.833,-0.189,-7.226,77.237,-99.664,17.725,0,0
1.273,42.53,0,7.26,46.921,110.573,5,5,10,1,0,15.517,-10.023,3.159,15.221,-116.702,-0.137,13.577,-7.889,-10.471,-29.985,-30.702,58.092,8.402,6.895,-12.543,95.237,-36.885,23.267,13.079,0.623,-9.539,72.198,-112.595,20.489,0,0
1.852,43.45,0,8.007,74.707,91.931,5,5,10,1,0,9.444,-5.885,-6.771,46.489,-78.458,2.672,11.027,-8.447,-14.143,0.962,-10.779,86.229,3.516,17.276,-13.24,-315.252,-175.145,165.618,14.188,2.381,-6.634,75.359,-133.221,21.908,0,0
2.394,44.112,0,9.065,105.801,66.25,5,5,10,1,0,4.127,-5.911,-11.151,90.473,-53.42,5.527,3.387,-8.43,-15.896,37.13,-17.053,102.916,5.475,20.177,-11.635,287.878,0,87.939,16.511,3.806,-7.506,63.221,-139.542,20.718,0,0
2.897,44.639,0,10.376,131.115,52.734,5,5,10,1,0,1.272,6.5,-23.627,62.046,-75.16,-5.786,1.128,-4.373,-10.152,78.534,-52.977,116.092,1.624,15.131,-24.171,390.473,134.351,0,16.473,2.048,-7.458,48.748,-145.542,16.763,0,0
3.363,45.218,0,11.973,159.668,57.896,5,5,10,1,0,-1.291,1.748,-30.414,37.435,-102.55,-12.26,3.487,-0.556,-8.155,85.664,-84.153,92.794,12.583,8.696,-10.042,18.565,66.412,7.573,16.047,1.138,-6.205,38.366,-159.038,12.351,0,0
3.791,45.727,0,13.884,191.117,50.903,5,5,10,1,0,11.348,-6.479,-25.773,45.481,-107.313,-6.412,10.284,2.361,-8.55,83.237,-84.031,57.756,2.314,5.997,2.644,9.16,405.481,-63.023,16.375,0.683,-4.737,18.687,-173.008,5.405,0,0
4.181,45.793,0,16.064,217.953,6.557,5,15,10,1,0,13.338,-1.784,-20.458,63.206,-78.321,9.084,11.807,-1.413,-12.715,71.023,-83.511,19.603,9.365,8.9,-4.996,-19.237,262.58,-7.328,14.768,-1.027,-6.651,5.893,-179.939,2.733,0,0
4.534,45.321,0,18.517,245.339,-47.241,5,15,10,1,0,6.586,1.061,-15.833,47.389,-55.221,12.443,13.642,0.465,-11.41,62.489,-89.847,9.618,5.758,8.842,1.863,-14.687,177.176,-0.183,14.255,1.871,-2.433,-8.305,-194.443,5.725,0,0
4.848,44.296,0,21.235,271.763,-102.482,5,15,10,1,0,9.594,0.558,-16.612,20.397,-21.282,16.153,17.029,0.853,-8.783,44.214,-111.954,11.695,10.869,4.294,-4.376,-5.344,230.137,2.626,20.58,-1.274,-2.685,-14.397,-187.786,2.977,0,0
5.124,42.699,0,24.223,298.76,-159.691,5,15,10,1,0,15.091,-1.09,-17.711,-14.366,-8.718,22.443,17.464,1.571,-11.578,12.855,-137.817,18.718,2.275,11.218,-1.255,-7.023,-435.664,24.611,20.262,1.006,1.708,-30.183,-188.962,4.275,0,0
5.363,40.751,0,27.354,313.18,-194.79,5,15,10,1,0,7.314,0.879,-20.403,-46.198,3.832,31.13,14.784,2.955,-10.445,-7.13,-161.176,18.489,1.705,30.666,1.504,-125.038,-385.221,191.023,18.339,-2.163,-1.478,-39.557,-171.969,9.435,0,0
5.564,38.524,0,30.609,325.516,-222.691,5,15,10,1,0,9.08,3.528,-20.027,-66.534,23.679,38.366,16.406,3.422,-11.87,-44.962,-171.802,11.771,6.131,10.346,-9.388,-28.427,183.817,-2.534,17.881,6.459,-5.379,-40.885,-161.344,15.481,0,0
5.727,36.045,0,34.074,346.459,-247.925,5,15,10,1,0,4.428,0.764,-13.934,-85.267,48.29,42.947,9.844,1.025,-10.217,-42.794,-181.695,10.061,7.626,11.095,-15.783,-106.443,-244.046,-56.794,14.186,5.161,-13.958,-53.725,-163.588,12.809,0,0
5.852,33.251,0,37.876,380.162,-279.408,5,15,10,1,0,8.304,-2.661,-8.411,-127.13,38.748,47.695,8.325,0.422,-9.937,-55.908,-189.221,1.664,7.669,3.412,-18.911,-164.641,-187.374,-166.962,10.469,2.881,-21.907,-81.511,-190.55,11.267,0,0
5.939,30.398,0,42.101,422.551,-285.279,5,15,10,1,0,9.46,6.186,-16.724,-147.176,43.588,46.26,8.962,0.963,-7.144,-64.931,-188.519,1.954,8.361,2.77,-21.143,-240.305,-124.84,-275.176,13.18,6.605,-14.586,-110.412,-213.191,15.847,0,0
5.988,27.615,0,46.708,460.671,-278.298,5,15,10,1,0,0.297,-0.946,-17.692,-144.656,24.321,41.924,10.67,-1.255,-6.083,-55.817,-178.748,2.122,8.589,0.741,-32.888,-184.763,15.13,-437.74,17.781,1.051,-16.02,-123.878,-194.962,21.618,0,0
5.999,25.128,0,51.549,484.155,-248.681,5,15,10,1,0,4.364,-8.708,-16.729,-111.42,26.427,36.611,5.461,0.129,-8.933,-46.718,-176.214,8.168,7.238,3.473,-19.033,-142.489,254.824,-320.977,15.695,7.58,-11.704,-135.939,-192.061,29.832,0,0
5.973,23.015,0,56.482,493.287,-211.316,5,15,10,1,0,8.744,-8.842,-16.253,-73.145,13.069,31.832,10.382,-0.453,-7.42,-50.565,-155.038,9.328,8.847,3.233,-20.674,-131.237,-444.321,-165.618,7.156,4.311,-21.376,-134.962,-177.023,20.504,0,0
5.908,21.254,0,61.357,487.462,-176.113,5,15,10,1,0,7.077,-7.417,-15.745,-22.992,9.099,34.137,12.77,-0.977,-8.919,-58.55,-140.214,18.626,7.688,1.53,-21.014,-129.649,-441.847,-166.351,13.398,10.38,-19.994,-155.313,-157.084,5.42,0,0
5.806,19.888,0,65.982,462.514,-136.574,5,15,10,1,0,7.283,-7.753,-14.004,-4.611,5.45,28.916,10.083,-2.989,-10.404,-57.725,-130.244,31.908,14.131,5.591,-16.861,-166.473,263.542,-144.366,2.163,-8.505,-33.061,-164.168,-125.802,-9.42,0,0
5.666,18.65,0,69.757,377.518,-123.86,5,15,10,1,0,7.489,-6.38,-14.715,18.763,13.267,29.206,8.15,-4.718,-10.782,-48.305,-130.214,39.481,7.971,11.435,-25.732,-112.611,41.863,-421.618,12.715,-5.36,-13.731,-198.504,-71.893,-10.687,0,0
5.488,17.42,0,72.599,284.18,-122.967,5,15,10,1,0,7.31,-1.346,-13.676,-1.206,11.313,22.962,8.263,-4.28,-10.742,-41.282,-133.374,40.824,7.164,2.069,-15.948,-47.023,227.939,-89.71,10.615,-8.581,-11.333,-154.901,-23.863,-0.321,0,0
5.272,16.204,0,74.818,221.936,-121.617,5,15,10,1,0,6.395,-4.251,-14.169,-19.527,10.046,19.573,8.313,-3.102,-9.518,-35.802,-135.878,38.137,6.421,3.803,-14.047,-43.908,-174.916,-238.962,8.502,-9.19,-11.23,-83.038,5.588,14.855,0,0
5.018,14.878,0,76.506,168.801,-132.569,5,15,10,1,0,7.31,-4.141,-13.913,-27.374,14.55,20.015,8.304,-1.396,-8.799,-40.931,-136.244,31.695,6.764,3.518,-11.688,-59.573,375.954,-67.603,10.282,-6.998,-9.669,-26.702,54.58,20.611,0,0
4.727,13.501,0,77.656,115.002,-137.696,5,15,10,1,0,4.084,-1.209,-13.606,-45.74,12.351,18.733,9.436,-0.618,-8.28,-51.298,-135.344,24.229,4.103,-0.08,-18.054,-88.733,351.893,-22.382,7.987,-6.397,-14.035,19.786,89.786,12.244,0,0
4.397,12.135,0,78.452,79.525,-136.631,5,15,10,1,0,4.668,-3.348,-13.098,-53.573,13.008,17.038,9.353,0.903,-8.416,-60.321,-129.176,21.649,1.873,1.653,-15.632,-41.282,333.679,19.176,9.08,-1.712,-13.649,46.534,118.672,3.542,0,0
4.03,10.802,0,78.811,35.9,-133.301,5,15,10,1,0,6.253,-2.369,-13.901,-46.244,12.489,17.634,11.673,1.849,-7.166,-73.679,-124.519,17.878,2.872,1.207,-13.683,-29.267,168.947,17.893,4.5,-0.558,-15.503,67.099,132.794,-1.038,0,0
3.625,9.619,0,78.938,12.76,-118.275,5,15,10,1,0,5.583,-2.021,-13.407,-49.374,6.58,15.649,11.307,1.911,-7.882,-83.298,-118.198,15.13,2.57,-0.113,-14.03,-14.473,161.908,29.969,0.081,-3.415,-18.969,76.275,146.183,-3.221,0,0
3.181,8.638,0,79.103,16.468,-98.099,5,15,10,1,0,5.887,-5.3,-13.647,-29.298,2.962,17.939,10.042,0.022,-8.699,-91.679,-106.626,13.298,0.798,2.414,-15.769,4.076,158.962,22.901,5.288,-0.548,-13.879,80.29,163.954,-2.626,0,0
2.7,7.737,0,79.136,3.296,-90.111,5,15,10,1,0,5.995,-2.972,-13.922,-11.466,0.794,18.962,10.912,-2.038,-8.234,-82.519,-101.649,13.939,2.134,2.108,-15.56,15.939,306.443,47.237,5.691,-1.418,-13.788,71.466,179.557,-2.107,0,0
2.182,7.026,0,79.005,-13.115,-71.079,5,15,10,1,0,3.705,-2.254,-14.253,-14.565,-8.565,17.389,11.544,-1.111,-9.551,-73.145,-95.618,14.321,2.685,3.276,-14.454,42.198,151.756,16.977,6.244,-3.569,-13.721,85.695,191.115,9.099,0,0
1.625,6.543,0,78.726,-27.889,-48.294,5,15,10,1,0,6.467,-7.997,-12.14,4.641,-16.656,14.504,12.136,-1.763,-9.391,-64.015,-86.565,17.115,1.746,6.768,-14.842,38.046,286.84,70.779,5.71,0.754,-10.885,51.74,218.977,13.359,0,0
1.03,6.21,0,78.034,-69.214,-33.337,5,15,10,1,0,5.492,-3.571,-14.26,13.969,-19.618,15.481,11.079,-4.455,-10.473,-51.511,-82.26,15.023,1.935,6.433,-14.938,29.985,137.435,13.313,6.57,-3.818,-14.602,43.221,245.481,20.885,0,0
0.398,6.004,0,77.056,-97.756,-20.542,5,15,10,1,0,4.369,-3.363,-13.323,16.015,-27.74,12.107,11.549,-3.018,-9.444,-29.634,-77.542,16.962,0.366,7.266,-16.645,13.435,258.076,13.344,9.142,-1.171,-14.681,21.954,270.321,33.298,0,0
0,6.071,0,75.737,-131.871,6.626,5,15,10,1,0,7.791,-5.298,-11.158,22.779,-32.931,9.939,9.094,-4.572,-8.792,-14.107,-69.053,18.26,-0.747,7.247,-15.817,-1.954,118.855,4.031,8.244,0.18,-15.903,3.176,279.618,44.962,0,0
0,6.038,0,74.112,-162.598,-3.273,5,15,10,1,0,2.227,-2.409,-15.616,28.046,-36.855,13.252,8.785,-4.716,-10.823,5.42,-76.244,13.16,-0.216,7.221,-14.935,-13.16,106.214,1.13,7.748,1.665,-16.77,-19.649,292.412,55.954,0,0
0,5.983,0,72.223,-188.897,-5.493,5,15,10,1,0,6.869,-5.022,-12.636,34.153,-35.298,9.344,7.607,-4.747,-9.87,23.282,-82.305,10.794,-2.309,6.249,-15.45,-28.046,94.107,8.122,5.556,-1.073,-19.476,-31.725,298.855,62.611,0,0
0,5.59,0,70.069,-215.355,-39.253,5,15,10,1,0,3.983,-2.512,-14.59,38.214,-29.008,11.237,8.11,-3.367,-10.016,44.244,-94.931,8.641,-3.396,7.531,-22.077,-82.321,312.794,17.832,7.798,2.06,-15.896,-58.229,307.282,71.908,0,0
0,4.873,0,67.67,-239.88,-71.766,5,15,10,1,0,9.98,-2.11,-12.157,22.687,-17.481,9.603,7.676,-1.703,-11.412,47.756,-108.275,5.405,-2.534,15.528,-47.67,-436.519,177.344,138.26,5.14,-0.074,-15.903,-60.992,307.252,82.458,0,0
0,3.866,0,65.023,-264.737,-100.651,5,15,10,1,0,7.554,-2.16,-13.429,8.26,-11.603,10.382,7.434,-0.17,-11.855,39.786,-120.672,5.557,-4.594,7.744,-35.743,381.557,415.252,-5.863,5.401,-1.681,-17.014,-58.885,310.626,93.298,0,0
0,2.753,0,62.287,-273.617,-111.34,5,15,10,1,0,6.526,-1.277,-13.302,-11.756,-10.901,11.71,10.452,2.702,-10.464,21.466,-125.985,4.137,-6.881,8.296,-17.453,-119.969,72.229,-7.603,10.217,-0.326,-16.71,-51.313,313.603,95.511,0,0
0,1.533,0,59.5,-278.687,-121.96,5,15,10,1,0,7.793,-3.193,-11.932,-21.221,-7.863,13.16,10.375,2.328,-9.832,-8.489,-120.901,6.015,-3.676,5.419,-20.578,-260.366,52.901,-4.916,8.124,1.633,-17.373,-33.099,299.313,93.328,0,0
0,0.295,0,56.779,-272.072,-123.78,5,15,10,1,0,8.042,-1.815,-12.066,-37.725,-6.351,11.542,9.525,1.118,-9.968,-35.908,-119.756,10.702,-1.859,3.832,-13.367,-142.427,5.344,20.733,8.883,4.297,-18.205,-25.817,280.443,87.847,0,0
0,-0.877,0,54.124,-265.538,-117.222,5,15,10,1,0,6.033,-3.351,-12.181,-56.122,-13.084,10.504,11.472,1.832,-8.421,-55.771,-113.344,12.168,-1.981,3.078,-13.017,-142.427,7.145,2.321,8.136,5.085,-20.6,-27.725,262.687,78.55,0,0
0,-1.961,0,51.52,-260.354,-108.399,5,15,10,1,0,6.117,-4.737,-12.229,-61.023,-17.511,10.305,12.646,0.388,-7.738,-78.198,-103.069,11.45,-1.298,0.996,-10.605,-122.321,22.901,91.542,9.144,2.795,-21.567,-37.511,249.786,71.084,0,0
0,-2.949,0,48.971,-254.906,-98.808,5,15,10,0,0,6.081,-4.697,-11.927,-59.053,-23.206,8.885,12.725,-0.881,-7.978,-86.824,-96.626,16.107,-2.68,0.671,-8.962,-186.565,32.122,122.626,6.498,2.436,-22.437,-40.565,235.969,63.252,0,0
0,-3.722,0,46.559,-241.253,-77.328,5,15,10,0,0,5.485,-5.877,-9.712,-59.496,-35.588,6.29,12.569,-1.973,-6.809,-90.809,-89.374,20.275,-1.859,-0.671,-6.867,-49.313,3.084,4,7.777,2.091,-21.637,-32.718,203.924,58.137,0,0
0,-4.304,0,44.31,-224.865,-58.193,5,15,10,0,0,4.479,-5.794,-9.947,-60.885,-48.855,4.779,14.344,-2.366,-5.477,-88.687,-81.527,25.389,-1.348,-0.534,-5.358,-15.878,-4.977,8.947,6.344,1.451,-22.192,-13.542,174.382,49.176,0,0
0,-4.648,0,42.267,-204.335,-34.435,5,15,10,0,0,6.366,-6.421,-9.506,-57.725,-60.962,-1.679,15.113,-2.984,-6.119,-85.74,-70.901,22.336,-2.117,1.461,-0.671,11.588,-60.885,128.855,9.606,2.749,-19.996,6.321,145.435,37.115,0,0
0,-4.579,0,40.541,-172.531,6.981,5,15,10,0,0,9.132,-3.439,-14.698,-46.55,-69.344,-3.878,12.885,-5.949,-7.135,-75.725,-62.565,24,-1.801,2.074,0.263,36.504,-109.802,120.916,3.432,4.151,-21.306,39.863,98.229,23.221,0,0
0,-4.572,0,39.197,-134.388,0.71,5,15,10,0,0,7.853,-6.483,-12.241,-13.45,-75.802,-8.214,12.952,-4.129,-9.293,-58.26,-63.771,21.038,2.505,2.117,5.485,49.053,-132.397,232.916,6.855,1.162,-22.001,65.252,60.107,15.313,0,0
0,-4.546,0,38.209,-98.877,2.563,5,15,10,0,0,13.647,-2.946,-11.532,-10.412,-70.947,-8.382,8.972,-4.584,-12.133,-46.321,-60.107,10.656,1.794,3.537,-4.627,41.298,-81.191,31.511,6.989,6.476,-23.179,67.13,26.977,5.985,0,0
0,-4.381,0,37.578,-63.023,16.457,5,15,10,0,0,4.773,-1.118,-16.827,-17.282,-84.595,-15.252,16.317,-1.93,-10.61,-34.626,-54.702,-2.366,2.793,2.872,-3.391,33.45,-33.069,21.954,5.937,9.683,-22.525,54.916,-24.122,-8.687,0,0
0,-3.905,0,37.479,-9.888,47.665,5,15,10,0,0,5.178,-6.079,-13.316,-15.038,-97.71,-24.748,13.47,-0.841,-11.542,-39.282,-40.947,4.29,3.212,4.548,-2.862,36.366,-26.137,-0.244,7.365,8.977,-24.166,48.962,-77.13,-18.229,0,0
0,-3.206,0,37.911,43.202,69.901,5,15,10,0,0,8.79,-4.218,-14.478,-6.824,-101.099,-27.252,14.49,-1.365,-11.841,-43.45,-34.534,9.832,1.171,6.328,-0.771,68.443,-128.321,-56.794,5.832,6.905,-24.036,25.817,-123.42,-24.534,0,0
0,-2.386,0,38.842,93.029,82.009,5,15,10,0,0,10.84,-2.699,-13.649,-10.687,-101.817,-28.397,13.268,-2.122,-10.754,-44.443,-33.618,8.992,0.611,8.163,-10.164,46.305,-177.664,-110.473,7.683,4.222,-16.902,-6.702,-143.16,-21.374,0,0
0,-1.613,0,40.091,124.947,77.294,5,15,10,0,0,10.749,-1.174,-12.773,-19.344,-99.42,-29.374,12.95,-0.62,-12.102,-45.435,-33.252,3.313,2.371,21.451,-16.152,-7.893,-91.008,-235.725,10.756,4.357,-1.705,-33.603,-143.053,-9.466,0,0
0,-0.88,0,41.322,123.036,73.277,5,15,10,0,1,10.414,-2.817,-9.815,-37.237,-98.626,-31.908,14.032,-0.453,-10.964,-46.397,-28.397,-1.756,-0.134,8.974,-20.856,-26.84,-60.672,-91.969,16.873,-8.042,-4.141,-54.656,-73.267,-4.947,0,1
0,-0.228,0,42.196,87.456,65.151,5,5,10,0,1,13.996,-3.274,-11.055,-48.427,-91.252,-34.656,14.164,-1.59,-10.684,-48.931,-24.107,-8.84,-0.17,3.081,-29.349,-118.55,-119.985,-171.969,6.201,-7.705,-0.644,-74.275,-47.313,-5.313,0,0
0,0.412,0.652,42.614,41.794,64.064,15,5,10,0,1,14.916,-1.588,-11,-57.603,-90.061,-35.237,13.575,-0.877,-10.552,-54.977,-17.634,-12.351,3.985,8.384,-18.092,-153.664,-110.977,-170.595,10.488,-10.272,-11.939,-56.763,-45.496,1.634,0,0
0,1.076,1.266,42.867,25.269,66.342,15,5,10,0,1,11.022,-4.186,-10.684,-61.328,-94.458,-34.931,16.427,0.589,-8.732,-55.221,-8.031,-9.695,2.808,-10.289,-9.187,168.656,319.237,-377.405,14.193,-9.444,-22.25,-35.206,-60.489,-7.466,0,0
0,1.83,1.843,43.511,64.419,75.394,15,5,10,0,1,9.618,-3.154,-10.809,-67.053,-101.878,-33.191,17.975,-0.213,-6.335,-56.87,0.809,-10.031,-0.34,-3.698,-11.882,-115.74,-187.252,479.878,10.993,1.195,-23.914,-4.595,-137.008,-23.756,0,0
0,2.727,2.382,44.639,112.805,89.756,15,5,10,0,1,11.166,-2.635,-10.069,-66.931,-105.832,-33.802,16.763,0.695,-6.833,-52.809,2.977,-7.176,0.151,1.674,-3.815,-70.565,-48.198,-46.977,10.248,11.606,-15.707,-32.534,-149.252,-38.351,0,0
0,3.841,2.884,45.705,106.613,111.34,15,5,10,0,1,8.881,-2.829,-8.792,-61.206,-114.107,-34.901,15.419,1.564,-5.257,-56.931,12.779,-7.069,2.081,4.6,-11.18,-3.618,-133.969,-109.527,14.387,8.871,-11.249,-79.359,-112.641,-38.046,0,0
0,5.173,3.348,46.115,40.947,133.255,15,5,10,0,1,9.47,-1.638,-8.395,-51.176,-120.931,-35.832,15.122,0.433,-5.446,-56.916,26.046,-9.878,0.637,7.683,-18.214,29.115,-182.183,-255.145,18.102,1.274,-7.992,-94.092,-51.252,-27.573,0,0
0,6.818,3.775,45.734,-38.075,164.463,15,5,10,0,1,8.541,1.26,-8.098,-47.802,-124.412,-37.145,16.011,-1.684,-4.675,-55.618,44.427,-15.74,4.364,8.592,2.836,65.313,164.137,242.321,14.471,-11.11,-17.299,-42.153,-32.031,-7.634,0,0
0,8.788,4.165,44.965,-76.904,197.045,15,5,10,0,1,10.306,-5.171,-6.704,-45.313,-130.092,-42.061,16.523,-1.382,-5.604,-45.481,67.282,-19.069,3.518,8.581,-14.49,-29.603,-274.092,-75.603,17.103,-3.391,-12.871,8.931,-31.939,-6.214,0,0
0,10.993,4.517,43.9,-106.522,220.459,15,5,10,0,1,9.381,-4.879,-8.9,-37.267,-130.809,-43.008,17.417,0.838,-3.195,-43.084,90.718,-21.664,7.935,3.624,-9.115,-35.618,-289.298,-98.321,16.456,7.597,-6.376,24.26,-26.779,-16.397,0,0
0,13.336,4.831,42.295,-160.458,234.295,15,5,10,0,1,13.029,-5.669,-5.13,-32.427,-136.015,-44.55,16.442,-1.001,-2.8,-39.359,115.664,-25.863,4.759,6.765,-18.226,-16.84,328.412,-296.061,12.315,4.349,-11.005,27.573,3.786,-15.313,0,0
0,15.943,5.108,40.12,-217.507,260.766,15,5,10,0,1,11.558,-3.087,-12.526,-38.29,-135.389,-39.496,15.364,-1.734,-6.131,-27.237,134.031,-33.573,0.642,4.426,-15.771,1.908,-372.168,-250.137,16.54,-2.287,-13.347,33.389,32.26,-3.359,0,0
0,18.764,5.348,37.454,-266.556,282.017,15,5,10,0,1,8.646,-9.798,-15.117,-23.573,-156.366,-36.611,15.199,-1.65,-6.203,-12.504,151.237,-31.985,3.339,6.538,-11.786,-2.183,-382.168,0.244,8.327,1.368,-11.154,43.756,37.252,-1.267,0,0
0,22.118,5.55,34.469,-298.52,335.404,15,5,10,0,1,9.01,-5.168,-20.588,2.794,-172.305,-34.183,15.113,-4.788,-7.001,2.718,176.214,-28.076,5.135,2.785,-9.226,-8.351,-385.71,28.458,14.643,-1.142,-4.227,59.71,22.458,-4.443,0,0
0,25.937,5.715,31.525,-294.411,381.982,15,5,10,0,1,10.155,-4.637,-20.664,37.588,-199.221,-40.443,14.602,-6.538,-9.06,20.55,193.542,-12.687,4.196,2.932,17.11,-117.771,-486.84,0,8.981,-1.233,-11.077,87.13,2.885,-18.947,0,0
0,30.376,5.843,28.833,-269.166,443.871,15,5,10,0,1,11.57,-5.762,-19.222,67.466,-213.038,-49.16,12.409,-6.158,-11.657,37.893,214.061,6.626,6.148,1.176,-8.167,-12.336,-181.969,-8,8.622,-2.656,-11.503,66.947,15.023,-23.45,0,0
0,35.074,5.932,26.351,-248.269,469.804,15,5,10,0,1,8.224,-12.188,-15.733,110.351,-215.863,-56.26,15.788,-5.509,-12.725,59.786,230.565,24.733,2.606,0.695,-13.185,2.718,-172.901,-4.015,10.368,-0.874,-10.102,55.344,10.992,-24.916,0,0
0,39.959,5.985,24.113,-223.732,488.515,15,5,10,0,1,12.497,-10.648,-14.04,135.359,-203.176,-43.389,9.671,2.201,-17.512,76.244,230.656,57.802,7.142,-1.776,-10.246,16.947,-242.321,28.947,5.978,-7.46,-17.012,60.336,0.092,-25.099,0,0
0,44.75,6,22.549,-156.395,479.016,15,5,10,0,1,7.221,2.797,-25.469,156.458,-211.16,-55.252,0.709,-5.525,-20.456,111.206,224.718,93.374,5.24,3.057,-14.351,55.832,445.237,-4.397,8.038,4.574,-12.071,38.992,-12.046,-26.55,0,0
0,49.741,5.977,21.29,-125.988,499.146,15,5,10,0,1,7.381,-7.956,-22.152,153.13,-204.427,-52.137,12.33,2.726,-12.15,101.328,234.092,96.992,4.282,4.225,-12.195,39.359,-128.122,-7.206,10.507,3.011,-9.645,7.573,-9.176,-30.031,0,0
0,54.506,5.917,20.143,-114.647,476.453,15,5,10,0,1,12.907,-6.543,-18.739,208.336,-166.153,-43.481,11.134,3.554,-19.112,71.115,234.321,108.244,4.558,4.143,-12.092,41.084,-254.763,-16.427,10.984,0.378,-9.477,10.901,-4.702,-27.328,0,0
0,58.633,5.82,18.935,-120.816,412.743,15,5,10,0,1,6.493,-3.066,-18.688,200.748,-132.489,-35.115,12.531,4.78,-16.827,92.87,237.603,95.985,4.469,6.567,-12.095,50.977,-127.649,-22.015,9.216,-1.08,-9.796,32.458,-8.168,-24.947,0,0
0,62.045,5.685,17.69,-124.489,341.252,15,5,10,0,1,11.53,-5.374,-13.491,185.863,-107.695,-31.435,17.273,0.194,-14.044,87.313,239.206,104.107,3.298,6.468,-16.712,116.046,475.771,-54.046,10.265,-0.144,-9.58,56.702,-3.725,-17.42,0,0
0,64.975,5.513,16.46,-123.059,292.969,15,5,10,0,1,11.482,-1.504,-12.495,154.412,-64.672,-22.489,13.781,1.588,-11.879,69.389,235.359,91.847,4.91,1.718,-20.77,-480.046,-115.313,-384,8.624,0.41,-11.12,84.214,-6.366,-12.992,0,0
0,67.495,5.303,15.357,-110.218,251.988,15,5,10,0,1,4.927,5.707,-17.611,111.481,-35.908,-14.84,13.587,-0.996,-10.426,65.053,224.397,69.405,3.243,7.213,-42.995,-378.305,-55.71,152.427,9.788,3.655,-9.659,82.87,-3.878,-11.389,0,0
0,69.696,5.056,14.196,-116.158,220.07,15,5,10,0,1,5.25,2.572,-16.169,72.198,-11.878,-4.519,12.646,0.932,-10.533,61.176,206.931,49.618,2.817,11.49,-26.92,-325.053,-24.443,475.359,9.717,2.385,-10.631,74.275,-3.679,-8.718,0,0
0,71.662,4.771,13.119,-107.678,196.667,15,5,10,0,1,4.804,1.894,-17.275,33.969,14.916,9.908,13.592,2.326,-12.813,52.198,201.252,27.863,5.94,7.512,-13.129,164.534,-468.229,-43.725,7.369,2.33,-11.525,80.092,-10.214,-6.473,0,0
0,73.395,4.449,12.307,-81.242,173.207,15,5,10,0,1,4.567,1.413,-17.615,-3.298,42.412,17.45,14.315,0.661,-10.172,42.992,200.046,9.954,3.367,6.84,-13.654,66.916,-215.924,-26.718,11.721,6.984,-8.586,50.55,-12.061,-5.466,0,0
0,74.853,4.09,11.526,-78.049,145.809,15,5,10,0,1,3.396,-0.098,-17.548,-39.45,61.084,19.389,13.977,1.274,-10.517,34.031,202.382,-3.634,2.915,7.55,-18.801,146.794,-434.641,-49.649,9.223,3.042,-10.466,26.55,-7.206,-10.779,0,0
0,75.987,3.693,10.794,-73.174,113.457,15,5,10,0,1,3.439,1.368,-18.044,-57.466,91.847,26.229,12.255,-0.477,-11.69,33.038,194.336,-14.641,5.432,3.879,-32.266,-494.916,230.58,-95.756,7.604,-1.55,-12.169,31.374,-15.618,-9.099,0,0
0,76.812,3.258,10.391,-40.295,82.443,15,5,10,0,1,1.854,0.992,-18.748,-70.977,111.389,30.137,10.845,-0.539,-10.584,35.603,183.13,-22.473,6.62,6.586,-11.067,55.817,-75.786,-6.901,9.096,3.801,-8.28,28.275,-30.443,-6.534,0,0
0,77.405,2.786,10.245,-14.671,59.303,15,5,10,0,1,2.405,0.687,-17.256,-81.969,127.573,34.366,10.505,1.751,-10.624,24.458,176.229,-31.359,7.386,6.485,-25.176,436.26,498.794,-35.664,7.645,3.93,-10.002,15.053,-32.137,-9.42,0,0
0,77.712,2.277,10.387,14.248,30.773,15,5,10,0,1,5.786,0.924,-18.121,-76.107,156.534,36.061,9.652,1.011,-11.405,11.206,171.313,-41.756,8.304,9.209,-8.553,47.282,-89.298,-8.061,11.031,1.375,-8.912,-0.962,-40.107,-12.595,0,0
0,77.705,1.73,10.471,8.423,-0.721,15,5,10,0,0,2.927,0.448,-18.612,-59.328,180.687,35.42,8.574,2.014,-12.37,4.153,166.397,-44.168,4.088,8.989,-12.916,36.336,-54.29,-8.977,8.105,0.745,-11.63,-13.771,-32.611,-11.115,0,0
0,77.544,1.146,10.501,2.987,-16.159,15,5,10,0,0,3.291,-4.246,-15.613,-43.511,194.275,29.374,9.362,-0.944,-12.888,-2.947,171.954,-37.74,3.02,7.597,-12.16,3.924,-206.977,-24.55,6.95,-0.695,-10.782,-2.076,-43.969,-10.168,0,0
0,77.127,0.524,10.651,14.946,-41.702,15,5,10,0,0,3.71,-5.295,-15.271,-38.443,196.656,29.053,7.726,-1.851,-13.472,-2.763,164.015,-20.321,3.207,5.959,-12.828,5.634,-101.298,380.58,6.205,1.188,-11.671,5.13,-50.962,-6.855,0,0
0,76.496,0,10.999,34.813,-63.011,15,5,10,0,0,0.774,-1.636,-19.019,13.557,231.344,18.214,8.062,-0.697,-12.933,4.947,157.618,-10.794,0.436,9.604,-15.443,4.901,-90.977,-18.382,12.94,3.772,-6.91,-8.809,-45.649,-7.252,0,0
0,75.684,0,11.204,20.531,-81.253,15,5,10,0,0,0.893,-2.802,-18.176,34.519,243.985,9.115,6.776,-2.587,-12.423,14.305,148.412,1.954,2.33,8.351,-13.977,-7.282,-92.504,-20.611,10.059,1.909,-8.809,-16.794,-50.55,-9.42,0,0
0,74.692,0,11.23,2.552,-99.232,15,5,10,0,0,1.662,-2.996,-18.363,46.916,255.588,-0.595,5.537,-2.484,-12.576,24.26,135.725,12.489,4.345,5.161,-13.173,-11.313,-52.015,-19.206,9.547,0.642,-11.714,-14.687,-50.626,-8.855,0,0
0,73.515,0,11.23,-0,-117.623,15,5,10,0,0,1.353,-1.042,-19.51,51.511,265.832,-10.183,4.843,-2.675,-12.468,37.557,121.206,16.595,2.357,5.262,-14.595,-13.695,-56.733,-10.443,9.918,0.388,-10.567,-7.817,-50.275,-7.298,0,0
0,72.12,0,11.23,-0,-139.504,15,5,10,0,0,0.908,-1.109,-19.603,51.16,266.504,-11.145,3.652,-2.795,-11.415,52.504,105.267,20.672,2.256,4.462,-14.337,-9.817,-58.58,-12.992,9.829,0.347,-10.83,-5.466,-51.145,-7.542,0,0
0,70.531,0,11.23,-0,-158.89,15,5,10,0,0,2.503,-0.601,-19.797,49.221,283.038,-30.626,3.796,-4.16,-12.588,72.443,88.321,17.282,2.67,4.119,-14.392,-0.733,-60.458,-13.252,9.774,0.412,-11.362,-1.221,-51.542,-7.878,0,0
0,68.681,0,11.23,-0,-185.006,15,5,10,0,0,4.369,-0.81,-19.088,45.618,294.977,-40.092,2.184,-2.805,-14.602,99.389,68.733,16.992,2.663,3.801,-14.478,9.939,-61.328,-12.672,9.793,0.062,-11.755,2.427,-51.573,-7.588,0,0
0,66.631,0,11.23,-0,-205.067,15,5,10,0,0,1.885,1.708,-21.536,35.832,297.557,-45.328,2.608,-4.352,-14.401,120.672,60.046,10.092,2.457,3.856,-14.729,10.244,-125.206,-47.634,9.685,0.108,-11.8,7.557,-52.168,-7.084,0,0
0,64.36,0,11.23,-0,-227.051,15,5,10,0,0,2.338,1.971,-24.453,27.389,297.786,-48.885,3.684,-2.726,-12.703,146.504,40.794,-4.351,2.486,4.11,-14.806,31.542,-64.26,-11.45,9.858,-0.304,-11.431,13.908,-52.321,-6.504,0,0
0,61.962,0,11.23,-0,-239.834,15,5,10,0,0,0.599,-4.479,-21.107,33.023,291.084,-48.504,3.799,-0.081,-11.692,155.038,28.824,-13.45,3.08,4.613,-14.655,39.45,-65.603,-9.878,10.332,-0.065,-10.95,19.695,-52.046,-5.176,0,0
0,59.493,0,11.23,-0,-246.884,15,5,10,0,0,4.261,-1.696,-22.638,30.901,286,-45.527,4.206,0.582,-11.338,144.458,18.962,-24.153,3.707,5.334,-14.365,44.382,-66.153,-18.198,10.78,0.206,-10.928,24.519,-52.076,-2.809,0,0
0,56.948,0,11.23,-0,-254.506,15,5,10,0,0,-2.79,-1.195,-25.493,30.382,275.557,-43.374,6.114,4.002,-7.458,131.359,12.885,-41.588,4.584,6.251,-14.083,46.84,-66.504,-7.527,12.116,0.893,-9.767,26.565,-51.053,0.885,0,0
0,54.33,0,11.215,-1.431,-261.818,15,5,10,0,0,3.327,-4.371,-23.656,29.71,264.992,-38.702,3.734,4.474,-8.169,110.29,3.45,-43.542,5.319,6.773,-13.81,46.656,-68.947,-6.962,12.116,0.927,-9.8,28.076,-48.87,3.435,0,0
0,51.796,0,11.185,-2.987,-253.407,15,5,10,0,0,3.02,-3.734,-24.779,13.756,244.168,-32.565,2.898,4.325,-7.698,75.878,-10.855,-40.473,4.895,7.067,-16.765,83.679,-272.687,-30.595,12.006,1.14,-9.041,28.824,-50.687,4.015,0,0
0,49.353,0,11.123,-6.203,-244.263,15,5,10,0,0,0.936,-3.904,-26.98,4.565,218.382,-24.504,4.064,3.949,-6.229,52.198,-26.305,-39.176,2.97,8.066,-14.068,34.336,-424.29,-18.779,14.686,3.367,-5.76,18.824,-46.183,3.679,0,0
0,47.082,0,10.86,-26.321,-227.086,15,5,10,0,0,3.257,-5.53,-24.903,-6.397,188.672,-17.695,4.194,2.838,-5.353,30.901,-36.046,-34.275,5.858,3.628,-10.356,27.893,-143.252,-24.397,12.521,1.887,-7.995,20.275,-49.542,2.58,0,0
0,45.021,0,10.52,-34.069,-206.143,15,5,10,0,0,1.914,-3.154,-26.158,-25.099,158.84,-12.366,6.002,2.065,-3.619,14.611,-46.977,-29.359,1.061,5.573,-15.46,27.13,-312.183,291.664,10.069,-3.674,-12.207,36.611,-44.534,2.702,0,0
0,43.135,0,10.212,-30.762,-188.622,15,5,10,0,0,2.709,-4.632,-24.839,-38.672,127.527,-3.954,5.822,2.057,-2.575,7.695,-56.351,-26.092,4.371,5.065,-12.574,19.038,-147.481,32.55,8.84,-3.3,-11.589,46.534,-53.038,6.183,0,0
0,41.472,0,9.897,-31.529,-166.249,15,5,10,0,0,2.726,-4.682,-26.247,-50.672,91.695,5.252,5.925,4.953,-4.567,0.748,-63.237,-26.656,6.059,5.2,-11.132,32.305,-63.542,3.756,11.3,3.949,-5.777,36.321,-61.405,10.702,0,0
0,40.011,0,9.761,-13.515,-146.107,15,5,10,0,0,9.024,-7.221,-21.888,-51.038,74.855,7.863,7.837,2.445,-4.531,-20.779,-63.191,-29.115,6.591,5.222,-12.852,85.542,-210.748,182.718,12.787,0.893,-7.686,44.198,-69.176,11.023,0,0
0,38.777,0,9.802,4.028,-123.402,15,5,10,0,0,10.782,-7.64,-27.789,-64.351,23.282,14.137,6.438,5.396,-2.136,1.573,-64.427,-16.901,6.809,5.567,-14.844,95.954,-236.58,21.557,11.079,0.163,-9.266,33.099,-66.046,11.679,0,0
0,38.004,0,9.816,1.431,-77.305,15,5,10,0,0,-0.841,-4.749,-35.583,-65.038,-30.702,21.405,8.129,4.122,-0.651,-18.244,-63.817,-8.092,4.895,5.552,-13.843,49.496,-60.489,3.267,12.31,-0.326,-9.405,30.809,-67.863,13.832,0,0
0,37.744,0,9.813,-0.332,-26.012,15,5,10,0,0,-3.346,-4.378,-36.119,-54.427,-99.145,12.794,11.257,0.45,0.218,-25.603,-69.588,10.595,3.645,6.942,-19.888,101.023,-237.313,12.031,10.576,0.92,-8.593,35.71,-71.74,17.435,0,0
0,38.008,0,9.856,4.372,26.436,15,5,10,1,0,11.345,-7.3,-18.458,-22.641,-118.321,3.45,7.925,-4.289,-6.328,-25.847,-83.679,29.481,6.371,5.192,-13.005,49.282,-57.863,19.023,13.122,-0.465,-9.276,35.985,-72.565,20.366,1,0
0,38.517,0,9.93,7.313,50.835,5,5,10,1,0,12.157,-8.143,-3.605,-6.595,-120.275,-12.244,11.76,-5.224,-6.514,-10.397,-74.244,55.053,9.137,3.416,-13.824,105.084,-95.573,66.015,10.497,-2.776,-12.473,49.985,-84.656,22.168,0,0
0.652,38.978,0,10.292,36.289,46.177,5,15,10,1,0,13.182,-7.892,-0.975,30.336,-74.962,-4.473,11.875,-7.298,-9.788,0.229,-59.374,59.557,2.716,1.292,-10.385,477.298,-238.046,126.046,9.355,0.086,-8.768,51.252,-103.298,24.977,0,0
1.266,39.351,0,11.014,72.155,37.308,5,15,10,1,0,5.619,-3.485,-6.867,38.687,-73.115,0.504,13.666,-4.788,-7.381,34.366,-38.321,82.107,1.504,6.441,-16.123,-459.863,-85.252,244.031,15.632,2.764,-5.051,43.969,-110.137,22.473,0,0
1.843,39.835,0,11.922,90.786,48.386,5,15,10,1,0,1.744,-1.145,-14.198,44.885,-72.519,0.397,13.515,0.57,-5.346,43.863,-31.176,89.13,2.52,30.056,-15.644,486.718,62.046,135.573,14.107,0.726,-7.432,35.298,-112.061,22.183,0,0
2.382,40.483,0,13.123,120.152,64.774,5,15,10,1,0,4.048,0.58,-20.164,43.466,-76.779,0.076,6.651,-0.16,-8.162,61.267,-45.13,88.183,11.364,9.542,-7.602,72.916,127.756,492.458,18.171,3.109,-3.111,20.153,-128.244,18.672,0,0
2.884,41.132,0,14.537,141.358,64.865,5,15,10,1,0,4.38,-0.893,-25.148,44.489,-89.573,-0.244,5.18,-1.406,-7.051,67.74,-58.412,74.122,10.071,8.165,-9.226,4,83.908,20.733,16.324,1.849,-4.304,4.672,-122.092,14.809,0,0
3.348,41.619,0,16.019,148.236,48.74,5,15,10,1,0,5.274,-3.717,-20.741,47.466,-90.626,0.29,9.338,-2.821,-6.093,62.214,-66.168,48.336,9.527,7.19,-7.777,-5.252,98.656,21.221,14.492,-1.921,-5.856,0.29,-123.802,13.481,0,0
3.775,41.626,0,17.705,168.515,0.71,5,15,10,1,0,9.832,-1.327,-19.23,49.817,-67.954,2.29,13.307,-1.123,-6.735,55.023,-79.099,29.145,9.568,6.05,-5.585,-24.29,73.588,23.389,12.531,-1.736,-4.867,-0.198,-133.466,14.534,0,0
4.165,41.125,0,19.763,205.822,-50.16,5,15,10,1,0,11.185,-0.249,-16.296,40.26,-44.992,8.443,9.453,-0.556,-9.803,40.29,-94.779,22.504,8.426,7.757,-5.001,-23.481,89.74,22.107,13.858,1.617,-3.181,-7.588,-132.031,15.924,0,0
4.517,39.941,0,22.003,224.064,-118.321,5,15,10,1,0,9.676,0.474,-17.433,25.649,-19.817,17.389,11.489,0.929,-11.19,29.664,-124.656,14.336,9.374,6.361,-5.386,-23.038,94.458,9.908,14.526,3.834,-1.471,-18.779,-129.573,15.756,0,0
4.831,38.257,0,24.409,240.601,-168.446,5,15,10,1,0,8.756,2.675,-18.343,20.214,-20.122,17.405,16.926,1.214,-8.823,8,-148.748,15.802,8.517,8.189,-7.015,-19.145,132.855,7.42,17.069,1.209,-5.085,-27.374,-120.748,14.595,0,0
5.108,36.118,0,26.969,255.97,-213.868,5,15,10,1,0,4.548,3.729,-20.806,-46.382,22.275,34.931,11.666,4.189,-13.129,-3.893,-160.733,12.29,9.439,0.824,-6.759,-65.16,-397.985,56.366,11.623,6.388,-9.585,-31.481,-139.084,18.824,0,0
5.348,33.632,0,29.797,282.784,-248.635,5,15,10,1,0,7.762,1.837,-16.427,-102.244,31.328,36.733,10.691,1.657,-14.813,-35.71,-179.863,3.634,9.841,8.878,-10.825,-48.824,170.092,9.725,15.704,3.832,-16.32,-31.695,-149.802,8.443,0,0
5.55,30.878,0,33.019,322.243,-275.414,5,15,10,1,0,11.841,2.304,-9.671,-135.282,38.794,35.649,10.62,2.646,-10.006,-54.855,-183.557,-1.924,7.87,8.967,-12.272,-75.267,185.496,1.298,11.625,8.759,-16.083,-62.824,-183.802,6.519,0,0
5.715,27.94,0,36.612,359.242,-293.736,5,15,10,1,0,4.814,4.838,-17.515,-163.679,37.023,45.908,7.314,1.403,-8.811,-65.664,-186.015,-3.603,6.881,9.484,-14.071,-94.901,200.595,-26.015,13.019,7.123,-15.275,-99.145,-196.901,-1.145,0,0
5.843,25.014,0,40.56,394.81,-292.592,5,15,10,1,0,1.339,-1.902,-17.85,-172.672,28.519,39.893,5.818,0.165,-7.75,-66.977,-186.763,0.122,5.018,6.74,-17.342,-106.504,-152.321,-273.221,18.365,6.122,-12.454,-130.794,-180.122,-8.718,0,0
5.932,22.418,0,44.723,416.314,-259.633,5,15,10,1,0,6.821,-9.417,-13.932,-145.069,13.542,33.603,11.736,1.736,-7.432,-70.809,-169.511,3.069,5.703,6.445,-18.803,-109.191,-119.221,-230.412,15.934,1.578,-14.919,-141.389,-178.107,-1.695,0,0
5.985,20.309,0,49.001,427.815,-210.938,5,15,10,1,0,5.2,-5.293,-17.469,-93.511,-0.626,32.137,13.573,0.596,-6.761,-82.58,-151.435,4.809,7.863,3.238,-18.037,-114.26,-73.359,-313.405,15.419,-0.055,-15.172,-132.015,-169.695,1.466,0,0
6,18.738,0,53.337,433.583,-157.105,5,15,10,1,0,5.487,-10.969,-14.535,-31.313,1.038,32.122,11.506,-2.108,-8.941,-78.214,-133.191,20.305,5.315,1.26,-19.134,-97.435,464.412,-337.527,8.454,2.752,-20.863,-100.504,-177.664,-0.275,0,0
5.977,17.46,0,57.683,434.625,-127.751,5,15,10,1,0,6.546,-4.146,-13.965,-6.076,-2.855,29.679,11.671,-3.461,-10.248,-72.351,-126.885,31.16,5.48,5.259,-18.257,-86.962,468.443,-305.771,12.171,9.012,-16.629,-131.053,-160.84,-13.756,0,0
5.917,16.427,0,61.792,410.912,-103.283,5,15,10,1,0,6.447,-5.188,-13.752,-2.855,-4.885,25.618,10.337,-3.056,-10.751,-61.664,-125.679,36.977,0.153,30.66,-24.285,417.725,-206.443,-127.511,9.547,1.859,-18.887,-137.985,-151.405,-18.489,0,0
5.82,15.354,0,65.392,359.975,-107.311,5,15,10,1,0,6.802,-5.19,-12.959,0.198,3.878,26.84,8.002,-3.961,-11.53,-55.878,-132.58,38.809,8.459,4.737,-16.818,-57.374,226.244,-93.313,12.643,0.821,-11.944,-146.183,-100.565,-15.817,0,0
5.685,14.057,0,68.458,306.588,-129.673,5,15,10,1,0,8.002,-1.533,-13.41,-13.878,9.405,23.74,7.664,-2.967,-11.063,-50.992,-143.038,36.443,7.425,4.11,-15.635,-50.046,219.969,-66.015,10.342,-5.834,-11.345,-118.443,-57.618,-9.481,0,0
5.513,12.553,0,71.057,259.919,-150.479,5,15,10,1,0,7.259,-2.041,-14.214,-45.176,10.809,22.397,8.44,-2.156,-10.287,-50.397,-148.046,25.176,6.881,3.599,-20.765,-92.794,430.214,-231.084,10.802,-8.335,-10.205,-66.076,-9.435,2.947,0,0
5.303,10.893,0,73.215,215.779,-165.928,5,15,10,1,0,2.924,-2.05,-15.498,-46.702,17.802,24.198,5.777,-1.485,-10.751,-55.771,-156.107,18.29,5.595,3.164,-14.44,-47.511,418.489,-95.267,10.246,-8.189,-9.882,-14.351,28.076,13.16,0,0
5.056,9.022,0,74.972,175.747,-187.123,5,15,10,1,0,7.698,-3.128,-9.944,-65.084,19.74,19.817,7.391,-0.503,-11.592,-60.519,-158.733,15.588,0.604,1.516,-17.122,-35.786,405.389,-57.771,7.07,-2.469,-10.873,27.756,57.954,14.794,0,0
4.771,7.056,0,76.316,134.365,-196.621,5,15,10,1,0,-0.314,0.457,-17.409,-82.366,15.71,20.702,8.895,2.189,-7.501,-62.656,-163.588,11.023,5.283,2.866,-17.872,-56.519,379.588,-35.298,7.573,-2.642,-14.48,47.435,92.305,9.756,0,0
4.449,5.43,0,77.302,98.58,-162.587,5,15,10,1,0,8.433,-5.664,-11.63,-91.832,10.321,13.756,11.93,1.739,-7.516,-92.473,-140.931,11.863,3.858,2.012,-15.156,-16.092,373.435,4.916,8.337,-0.666,-15.398,49.527,125.588,4.305,0,0
4.09,4.005,0,77.968,66.651,-142.468,5,15,10,1,0,4.855,-9.451,-13.302,-43.435,12.382,17.924,12.914,-0.129,-9.975,-104.076,-129.74,14.473,3.686,1.77,-15.211,-2.458,183.344,5.893,7.973,-0.75,-16.109,55.847,147.466,4.214,0,0
3.693,2.793,0,78.313,34.412,-121.228,5,15,10,1,0,5.35,-4.06,-13.156,-24.565,9.725,20.504,9.875,-3.111,-10.73,-102.794,-121.435,12.855,4.069,2.989,-14.708,4.977,351.817,47.511,3.892,0.165,-15.872,42.687,169.176,3.069,0,0
3.258,1.691,0,78.309,-0.401,-110.207,5,15,10,1,0,5.147,-4.761,-13.038,-9.374,3.557,17.817,9.487,-2.924,-11.206,-80.168,-119.481,15.344,2.385,2.132,-14.665,0,318.534,37.802,3.37,-4.179,-17.491,39.374,189.221,8,0,0
2.786,0.691,0,78.089,-21.95,-100.033,5,15,10,1,0,5.408,-6.028,-12.042,5.466,1.634,17.389,8.749,-3.145,-10.119,-56.443,-118.916,13.328,-0.879,3.087,-17.742,24.718,154.687,22.84,7.084,-5.889,-17.34,28.84,216.015,13.939,0,0
2.277,-0.224,0,77.623,-46.555,-91.507,5,15,10,1,0,6.658,-3.806,-11.633,8.656,-3.603,14.641,9.899,-4.416,-10.687,-37.527,-116.076,9.496,-0.062,3.791,-16.241,15.908,310.015,16.153,5.827,-1.43,-12.239,13.847,230.702,19.267,0,0
1.73,-0.968,0,76.814,-80.933,-74.375,5,15,10,1,0,7.147,-3.966,-13.568,9.466,-9.496,13.191,12.116,-3.688,-10.335,-17.649,-105.511,6.168,-1.198,2.461,15.577,119.45,220.809,-21.985,7.489,-2.46,-13.4,-0.168,257.618,22.809,0,0
1.146,-1.576,0,75.654,-116.032,-60.768,5,15,10,1,0,9.408,-6.033,-11.297,19.603,-14.26,10.046,9.954,-2.582,-11.472,-4.443,-98.046,6.947,-0.932,4.754,-16.875,13.466,271.374,-3.786,7.949,-1.142,-13.965,-3.145,273.023,32.763,0,0
0.524,-2.033,0,74.2,-145.386,-45.765,5,15,10,1,0,5.683,-1.909,-12.849,20.076,-22.992,9.954,10.952,-2.172,-10.761,6.672,-89.206,5.542,-1.059,6.004,-16.509,-9.771,233.573,-6.87,7.535,-2.065,-15.833,-3.389,284.412,41.008,0,0
0,-2.21,0,72.507,-169.258,-17.624,5,15,10,1,0,6.646,-5.14,-10.713,24.687,-33.771,6.977,12.207,-1.138,-9.13,8.992,-72.748,5.71,-1.995,5.85,-21.613,-59.298,420.748,-13.069,7.094,-3.046,-17.625,-2.29,290.916,46.656,0,0
0,-2.231,0,70.636,-187.1,-2.14,5,15,10,1,0,7.353,-8.059,-7.738,35.908,-36.931,4.031,10.948,0.022,-8.644,16,-66.824,10.55,-3.003,3.788,-37.209,-331.237,-248.076,-32,7.911,0,-17.105,-8.824,299.145,52.748,0,0
0,-2.429,0,68.538,-209.862,-19.821,5,15,10,1,0,9.664,-5.504,-8.409,39.008,-28.611,10.107,6.895,-2.62,-9.65,25.267,-74.931,7.695,-1.811,0.713,-32.975,-428.947,-322.443,11.847,5.255,-1.106,-18.949,-13.069,303.664,55.481,0,0
0,-2.894,0,66.239,-229.924,-46.486,5,15,10,1,0,5.664,0.845,-12.686,14.718,-28.931,12.489,7.252,-2.096,-8.845,34.412,-91.084,2.366,-3.679,5.961,-17.026,-64.702,74.397,-0.107,8.399,-0.417,-17.474,-29.74,314.962,61.786,0,0
0,-3.553,0,63.796,-244.252,-65.918,5,15,10,1,0,8.941,-3.324,-10.114,-7.954,-27.267,6.504,7.76,-0.75,-7.453,27.511,-102.153,2.565,-1.394,6.439,-19.888,-153.924,131.878,5.191,7.635,-2.646,-19.402,-21.573,310.473,65.023,0,0
0,-4.348,0,61.229,-256.749,-79.445,5,15,10,1,0,7.906,-2.943,-11.714,-21.817,-26.351,6.931,9.429,1.257,-8.974,10.046,-106.092,3.71,-3.803,8.882,-22.302,-176.458,107.634,6.321,6.637,-2.249,-20.324,-24.504,311.237,69.374,0,0
0,-5.186,0,58.636,-259.255,-83.862,5,15,10,1,0,5.992,-4.733,-10.617,-31.527,-32.168,4.595,11.06,0.22,-7.061,-9.038,-99.893,7.313,-4.809,6.277,-15.972,-111.573,187.847,156.58,9.92,-0.362,-19.246,-29.176,308.412,69.115,0,0
0,-5.948,0,56.051,-258.534,-76.172,5,15,10,1,0,6.687,-4.309,-12.502,-34.901,-35.282,3.74,12.804,-0.826,-9.226,-26.809,-94.321,10.931,-3.406,5.226,-14.265,-107.847,84.458,12.824,11.024,0.493,-18.731,-22.382,298.84,69.756,0,0
0,-6.52,0,53.502,-254.906,-57.152,5,15,10,1,0,5.944,-4.955,-11.671,-36.351,-46.855,1.557,14.167,-1.257,-8.27,-36.275,-85.374,15.832,-1.111,3.081,-13.048,-180.397,82.992,69.802,11.218,2.963,-19.522,-20.947,283.267,68.183,0,0
0,-6.872,0,51.008,-249.356,-35.202,5,15,10,1,0,5.422,-5.844,-10.955,-31.069,-55.282,0.244,15.069,0.649,-7.53,-47.557,-70.412,25.817,-1.971,3.228,-10.536,-67.176,69.618,110.779,8.818,2.345,-21.761,-22.076,264.84,63.16,0,0
0,-7.007,0,48.602,-240.635,-13.55,5,15,10,0,0,7.413,-4.553,-11.237,-27.069,-60.779,1.71,13.403,-1.389,-8.052,-52.443,-62.214,28.046,-1.791,5.676,-6.859,-84.244,50.809,62.351,4.498,1.978,-22.154,-19.695,234.015,61.557,0,0
0,-6.93,0,46.338,-226.319,7.748,5,15,10,0,0,4.838,-5.719,-11.218,-20.84,-71.313,1.832,12.639,-2.781,-7.437,-46.092,-54.427,28.382,-2.156,2.385,-6.728,-19.42,26.015,128.183,8.735,1.3,-21.598,-7.252,214.092,56.885,0,0
0,-6.912,0,44.255,-208.374,1.808,5,15,10,0,0,5.482,-5.145,-12.152,-8.733,-78.305,1.313,11.278,-1.899,-7.841,-37.389,-58.382,27.588,-1.839,3.205,-2.572,0.763,7.847,64.641,6.641,2.601,-22.164,8.183,182.58,49.878,0,0
0,-6.677,0,42.362,-189.32,23.415,5,15,10,0,0,2.635,-0.999,-15.177,-23.832,-92.595,-0.153,15.999,-0.96,-7.108,-42.565,-47.42,21.679,-2.179,2.785,-6.057,13.45,-13.221,59.115,5.379,5.753,-20.195,18.855,148.58,38.366,0,0
0,-6.197,0,40.71,-165.161,48.02,5,15,10,0,0,8.969,-4.927,-11.997,-13.969,-94.611,-4.901,14.475,-2.963,-10.337,-49.542,-39.328,27.023,2.453,2.194,3.65,28.076,-60.641,126.473,9.396,-0.501,-21.996,39.893,115.924,31.588,0,0
0,-5.568,0,39.384,-132.569,62.954,5,15,10,0,0,6.96,-6.574,-11.3,-2.794,-100.641,-9.008,12.907,-2.017,-11.685,-49.313,-33.893,31.008,2.481,3.039,-4.591,5.878,-109.313,231.939,5.008,1.77,-23.04,64.916,76,24.092,0,0
0,-4.905,0,38.373,-101.132,66.273,5,15,10,0,0,7.432,-4.807,-12.346,-5.954,-100.763,-12.076,13.338,-2.17,-11.348,-45.634,-33.725,26.595,-0.376,2.285,-5.288,3.771,-119.695,-53.252,8.601,7.305,-23.031,68.748,47.282,6.321,0,0
0,-4.202,0,37.722,-65.14,70.347,5,15,10,0,0,10.358,-1.966,-14.138,-16.015,-98.153,-13.573,12.904,-1.214,-11.496,-42.977,-34.87,20.779,-0.192,1.873,1.274,48.412,-53.374,1.282,4.733,6.328,-27.926,73.45,-16.015,-8.962,0,0
0,-3.517,0,37.692,-2.93,68.447,5,15,10,0,0,11.333,-1.607,-14.485,-24,-96.107,-15.771,13.012,-1.957,-11.558,-46.992,-35.298,15.435,0.616,4.656,3.779,62.58,-50.198,8.489,4.543,9.614,-24.094,59.573,-83.649,-17.618,0,0
0,-2.847,0,38.139,44.701,67.017,5,15,10,0,0,11.218,-1.574,-14.246,-33.221,-95.649,-18.26,12.045,-1.19,-12.066,-49.71,-37.389,13.344,2.199,13.489,25.291,288.962,-273.954,1.344,5.149,3.238,-28.51,50.214,-124.931,-19.863,0,0
0,-2.221,0,38.985,84.561,62.599,5,15,10,0,0,10.208,-3.114,-12.83,-34.611,-95.939,-20.198,10.548,-0.79,-11.566,-53.267,-37.817,11.008,1.195,8.818,-9.18,20.229,-199.527,-48.977,5.274,3.652,-21.505,20.611,-161.847,-13.863,0,0
0,-1.693,0,40.216,123.081,52.803,5,15,10,0,0,9.125,-0.992,-14.856,-39.954,-93.847,-23.176,14.605,-1.339,-10.768,-55.328,-37.695,4.198,1.061,2.025,-18.298,45.053,221.053,479.756,11.975,6.713,-5.985,-20.87,-166.29,-8.977,0,0
0,-1.129,0,41.497,128.14,56.374,5,15,10,0,0,8.601,-0.278,-13.386,-49.71,-95.603,-27.237,14.653,-0.038,-10.888,-59.557,-33.252,0.55,3.075,28.138,-25.459,-21.145,-236.656,-188.214,15.946,6.368,1.693,-67.863,-120,-5.649,0,0
0,-0.503,0,42.49,99.266,62.634,5,15,10,0,1,11.942,-4.486,-10.356,-48.489,-95.985,-31.573,12.38,-2.007,-11.075,-60.122,-28.748,-2.534,1.157,8.453,-47.632,-394.275,-451.435,425.038,17.469,1.803,3.169,-86.916,-78.153,-3.115,0,1
0,0.134,0,43.021,53.124,63.721,5,5,10,0,1,10.428,-2.364,-11.752,-45.847,-94.305,-29.939,13.022,-1.662,-10.814,-53.282,-25.023,-8.244,4.73,9.652,-17.28,-85.511,-53.969,-96.733,10.548,-2.529,-6.385,-100.107,-51.328,0.168,0,0
0,0.742,0.652,43.298,27.752,60.78,15,5,10,0,1,12.337,-3.03,-11.288,-45.023,-95.191,-33.298,15.975,-1.547,-10.569,-45.405,-21.038,-13.969,3.063,4.699,-11.851,-131.267,-52.336,-94.198,4.11,-0.532,-10.442,-87.267,-78.748,2.321,0,0
0,1.423,1.266,43.691,39.208,68.092,15,5,10,0,1,9.355,-1.257,-10.323,-49.405,-102.763,-34.153,15.908,-1.245,-8.919,-30.702,-14.947,-17.527,2.395,0.062,0.398,-267.802,-111.618,-158.107,10.485,-1.926,-19.68,-58.519,-95.557,-3.145,0,0
0,2.244,1.843,44.427,73.643,82.054,15,5,10,0,1,12.706,-3.296,-9.065,-46.351,-103.099,-36.641,15.122,-0.28,-7.863,-28.275,-5.435,-15.313,0.477,-0.323,-4.898,-110.031,-116.565,-128.489,9.468,0.175,-19.172,-36.427,-119.298,-15.847,0,0
0,3.232,2.382,45.368,94.116,98.843,15,5,10,0,1,12.514,-4.194,-8.323,-38.779,-109.71,-37.45,16.392,0.627,-6.251,-24.702,5.145,-12.84,0.848,-0.278,-2.17,-120.137,-279.771,-229.191,12.054,4.529,-12.303,-39.542,-119.557,-23.42,0,0
0,4.427,2.884,46.049,68.058,119.454,15,5,10,0,1,9.439,-3.569,-5.734,-33.191,-115.878,-37.817,16.095,-0.39,-4.268,-23.634,19.466,-10.244,1.712,2.026,-8.464,-9.725,-87.481,-53.908,15.757,1.447,-11.558,-50.321,-85.481,-22.55,0,0
0,5.869,3.348,46.035,-1.408,144.207,15,5,10,0,1,9.642,-2.527,-5.875,-30.229,-120.794,-38.183,16.863,0.11,-4.91,-20.092,36.382,-11.389,2.429,6.57,-14.19,10.763,-446.977,-160.55,16.873,-6.227,-15.596,-41.847,-40.733,-17.71,0,0
0,7.704,3.775,45.445,-58.96,183.541,15,5,10,0,1,8.373,-4.843,-3.995,-32.489,-137.817,-42.519,21.38,-2.057,-2.263,-22.458,68.183,-16.794,6.076,4.371,-11.637,4.382,-244.534,-58.229,10.215,-3.767,-12.751,-1.695,-43.527,-11.328,0,0
0,9.945,4.165,44.504,-94.094,224.087,15,5,10,0,1,17.335,-7.542,-5.161,-27.924,-129.954,-46.947,15.225,0.596,-2.97,-21.481,93.924,-14.397,8.435,8.274,-12.171,6.824,437.969,-213.008,13.968,2.041,-10.883,24.916,-24.962,-17.359,0,0
0,12.421,4.517,43.054,-145.02,247.571,15,5,10,0,1,10.591,-2.788,-11.027,-24.107,-139.756,-43.45,15.687,-0.666,-1.454,-25.405,119.16,-25.374,3.243,7.366,-26.019,122.687,-182.733,-222.779,5.039,-3.741,-15.046,43.466,-3.16,-23.679,0,0
0,15.251,4.831,41.135,-191.906,283.07,15,5,10,0,1,10.27,-6.234,-12.914,-20.015,-161.405,-45.282,17.378,0.381,-2.371,-28.656,144.229,-30.58,2.259,2.167,-13.122,28.29,311.939,0.427,8.076,-5.616,-15.489,75.16,19.481,-14.748,0,0
0,18.434,5.108,38.765,-237.008,318.249,15,5,10,0,1,11.223,-6.699,-19.555,-9.053,-169.557,-37.13,14.976,-4.105,-5.13,-16.947,167.252,-36.168,1.897,1.151,-21.833,186.611,259.053,76.947,12.363,-3.882,-14.547,79.084,38.962,-12.931,0,0
0,22.147,5.348,35.92,-284.489,371.339,15,5,10,0,1,12.562,-4.816,-22.123,28.84,-198.641,-37.863,15,-5.3,-8.979,0.229,188.382,-26.26,0.146,2.002,-16.157,50.504,-192.55,18.718,12.229,-4.922,-11.218,81.588,46.412,-17.511,0,0
0,26.443,5.55,32.807,-311.326,429.566,15,5,10,0,1,8.282,-6.831,-19.792,66.794,-230.275,-42.458,14.248,-5.813,-11.154,25.053,209.74,-8.977,-3.535,1.722,-16.107,51.298,-199.756,24.977,14.095,-6.562,-9.252,104.473,48.168,-18.916,0,0
0,31.321,5.715,29.552,-325.505,487.794,15,5,10,0,1,7.379,-11.786,-15.661,101.313,-244.901,-47.878,14.32,-6.443,-11.412,44.382,228.29,11.313,-1.763,1.032,-15.366,53.695,-398.046,12.824,6.665,-3.834,-12.876,126.779,32.458,-27.817,0,0
0,36.381,5.843,26.328,-322.335,506.047,15,5,10,0,1,11.551,-5.674,-20.243,134.794,-236.519,-52.962,11.683,-3.399,-13.175,56.427,241.069,45.695,3.664,0.395,-12.636,59.13,-406.29,50.321,8.117,-2.821,-14.669,138.748,22.809,-26.718,0,0
0,41.673,5.932,23.439,-288.872,529.176,15,5,10,0,1,12.844,-6.052,-23.407,143.908,-241.023,-52.321,9.97,-1.363,-14.873,70.55,243.557,71.649,6.239,2.299,-11.989,74.26,10.321,102.656,8.888,1.317,-13.848,144.565,6.29,-21.099,0,0
0,46.984,5.985,21.066,-237.351,531.076,15,5,10,0,1,5.439,-1.825,-32.608,179.634,-208.26,-56.58,13.204,-2.888,-13.719,43.954,252.779,95.176,5.667,4.753,-16.799,181.053,-341.008,73.16,10.265,5.796,-12.777,119.634,0.412,-19.038,0,0
0,52.081,6,19.129,-193.715,509.732,15,5,10,0,1,12.595,-13.158,-13.783,187.557,-229.756,-44.916,11.846,1.674,-16.71,75.389,229.588,114.641,6.704,6.431,-15.172,98.092,-315.878,13.985,8.122,7.851,-12.698,88.366,1.145,-17.969,0,0
0,56.897,5.977,17.459,-166.958,481.568,15,5,10,0,1,-5.865,8.929,-24.63,171.511,-192.443,-31.42,29.911,-3.2,-12.809,64.718,240.427,89.863,3.521,1.984,-24.424,199.74,-305.115,-15.115,9.707,6.342,-11.882,59.847,2.397,-16.794,0,0
0,60.867,5.917,16.031,-142.834,397.008,15,5,10,0,1,6.172,0.714,-19.036,157.069,-150.427,-29.985,25.766,-1.14,-10.885,62.748,235.023,99.557,5.576,24.28,-30.484,-367.908,-147.191,-261.13,9.587,6.234,-11.087,45.695,1.374,-13.496,0,0
0,64.177,5.82,14.873,-115.746,331.044,15,5,10,0,1,4.373,2.836,-17.917,124.641,-109.664,-19.405,20.865,-3.217,-9.355,55.359,226.397,78.809,23.644,22.686,-43.426,211.282,19.786,271.878,-11.261,2.56,-16.133,65.45,-42.382,-13.13,0,0
0,67.048,5.685,14.258,-61.512,287.098,15,5,10,0,1,7.08,5.418,-18.669,87.496,-73.527,-15.802,15.908,-1.849,-11.261,54.26,207.206,61.557,-0.848,22.261,-26.963,136.718,-275.985,-95.511,17.261,13.711,-4.685,-3.924,24.885,-9.618,0,0
0,69.491,5.513,12.962,-129.673,244.24,15,5,10,0,1,4.958,4.474,-17.941,52.26,-39.878,-10.107,13.601,-0.395,-12.1,61.008,197.008,39.527,0.489,24.107,-32.716,327.893,-472.947,429.924,7.633,-3.401,-10.148,0.153,8.779,-15.557,0,0
0,71.681,5.303,11.508,-145.329,218.972,15,5,10,0,1,7.401,-0.467,-14.171,15.71,-16.687,-4.229,13.479,1.71,-12.48,60.443,195.985,20.733,-0.163,5.755,-13.75,18.489,-284.473,-120.183,7.441,-3.995,-12.248,39.618,7.832,-2.824,0,0
0,73.618,5.056,10.116,-139.206,193.737,15,5,10,0,1,4.955,1.77,-17.225,-12.733,14.855,7.695,14.938,2.637,-12.258,49.359,205.115,-1.725,3.377,4.742,-13.017,16.656,477.969,-1.099,10.198,-0.532,-11.587,65.863,1.557,3.832,0,0
0,75.284,4.771,9.062,-105.446,166.638,15,5,10,0,1,4.38,0.951,-17.716,-40.779,37.817,12.595,14.222,1.614,-11.494,37.786,213.298,-13.756,4.153,6.867,-12.502,38.107,-114.046,1.359,10.117,7.195,-7.386,48.198,-0.214,4.046,0,0
0,76.757,4.449,8.052,-101.029,147.24,15,5,10,0,1,2.594,-2.608,-15.477,-55.863,59.176,18.229,14.459,0.659,-11.41,28.198,218.427,-22.87,4.45,7.592,-14.583,42.748,-113.939,-0.885,8.708,6.615,-9.791,4.489,1.924,-2.397,0,0
0,78.13,4.09,7.106,-94.505,137.306,15,5,10,0,1,2.505,-0.448,-17.62,-70.137,80.641,20.962,13.882,0.833,-11.704,19.282,216.153,-23.176,3.957,9.434,-12.507,34.702,-405.817,-7.573,7.211,0.996,-10.77,-5.634,-4.992,-2.031,0,0
0,79.298,3.693,6.385,-72.144,116.867,15,5,10,0,1,2.606,-0.307,-17.46,-69.939,105.145,24.672,11.681,0.469,-11.031,12.366,208.931,-25.069,4.862,8.071,-13.134,20.779,-374.046,17.038,8.088,1.224,-10.612,-4.763,-10,-0.977,0,0
0,80.276,3.258,5.906,-47.951,97.767,15,5,10,0,1,1.492,-0.232,-17.213,-68.382,126.489,28.076,10.5,1.231,-12.421,2.687,197.664,-27.649,3.365,8.341,-17.603,40.198,-330.321,29.924,8.876,4.002,-7.554,-14.809,-13.13,-3.679,0,0
0,81.015,2.786,5.47,-43.591,73.918,15,5,10,0,1,-3.377,10.32,-22.516,-75.206,150.885,29.084,15.992,-1.303,-10.981,-5.893,192.244,-38.824,2.606,8.145,-14.303,12.87,-79.634,2.351,10.093,0.879,-8.021,-19.053,-12.046,-7.313,0,0
0,81.298,2.277,5.011,-45.845,28.278,15,5,10,0,1,1.789,2.795,-19.558,-50.641,183.817,24.336,13.556,-1.099,-12.078,-4.748,185.786,-34.748,3.547,4.838,-13.996,6.473,-76.183,2.977,8.442,-2.364,-10.818,-6.076,-21.985,-6.992,0,0
0,81.316,1.73,4.74,-27.077,1.831,15,5,10,0,1,3.93,-0.038,-18.114,-35.435,207.481,19.756,10.586,-1.233,-13.194,4.809,181.481,-28.214,9.384,2.546,-9.551,7.786,-61.282,17.008,4.335,0.481,-11.314,6.87,-41.863,-4.489,0,0
0,81.012,1.146,4.795,5.493,-30.418,15,5,10,0,0,6.009,-4.642,-16.085,-1.45,232.366,14.229,6.342,-2.697,-14.923,18.947,169.527,-13.069,9.333,2.948,-8.984,8.58,-57.969,4.916,12.844,4.376,-6.043,-7.786,-29.008,-3.725,0,0
0,80.295,0.524,4.829,3.33,-71.755,15,5,10,0,0,-1.48,-1.825,-18.911,20.427,246.504,8.733,6.998,-1.631,-12.627,35.252,157.878,-2.931,5.798,6.761,-11.769,10.092,-218.519,-34.809,7.528,2.412,-9.788,-18.84,-45.42,-6.137,0,0
0,79.265,0,4.986,15.69,-102.917,15,5,10,0,0,0.28,-2.261,-19.687,39.908,261.908,-2.122,7.324,-2.445,-12.073,45.176,147.282,5.252,5.82,6.301,-10.469,4.366,-49.359,-9.298,9.029,2.46,-8.138,-20.641,-52.076,-6.076,0,0
0,77.969,0,5.081,9.567,-129.673,15,5,10,0,0,2.361,-2.649,-19.546,56.794,279.115,-11.008,5.152,-2.338,-12.878,55.542,129.664,10.504,2.591,6.979,-13.144,0.443,-128.351,-16.519,9.954,-0.881,-10.181,-22.718,-37.802,-6.382,0,0
0,76.383,0,5.048,-3.273,-158.558,15,5,10,0,0,1.839,-1.815,-20.549,63.832,290.031,-18.382,4.452,-1.401,-12.236,71.053,111.649,12.962,3.221,6.071,-12.809,1.084,-63.466,-10.229,9.044,-0.867,-8.986,-7.298,-49.74,-2.84,0,0
0,74.57,0,5.048,-0,-181.263,15,5,10,0,0,1.741,-2.421,-20.377,64.702,297.603,-25.756,4.713,-1.672,-13.067,84.595,97.13,8.58,2.896,5.633,-12.825,0.214,-62.855,-7.344,9.575,1.133,-8.785,3.053,-51.145,-0.779,0,0
0,72.534,0,5.037,-1.133,-203.671,15,5,10,0,0,3.449,0.089,-18.609,63.145,308.427,-32.824,3.976,-3.746,-13.944,102.092,78.733,8.183,3.367,5.003,-12.758,8.931,-120.137,-11.908,9.875,0.999,-8.593,7.847,-51.74,0.183,0,0
0,70.264,0,5.034,-0.355,-227.028,15,5,10,0,0,2.555,1.377,-20.283,42.275,315.832,-41.16,3.449,-3.389,-13.934,123.115,63.328,0.458,3.504,5.377,-13.323,20.076,-112.29,-8.336,10.481,1.667,-8.557,10.412,-50.58,1.725,0,0
0,67.824,0,5.034,-0,-243.92,15,5,10,0,0,-0.422,-0.206,-21.656,18.977,310.718,-42.519,4.907,-0.975,-11.688,141.954,53.679,-9.969,3.08,11.641,-18.193,54.458,-107.71,-7.573,10.059,1.188,-9.4,12.153,-51.389,1.695,0,0
0,65.254,0,5.03,-0.366,-257.046,15,5,10,0,0,3.581,-3.478,-19.613,3.618,309.954,-41.008,3.463,0.857,-11.848,139.466,39.466,-18.275,3.729,5.595,-14.406,29.985,-53.328,-2.519,10.315,0.398,-9.307,15.969,-51.542,3.786,0,0
0,62.691,0,5.03,-0,-256.325,15,5,10,0,0,4.287,0.156,-24.365,-19.832,305.053,-32.366,4.534,1.449,-10.775,128.977,30.58,-39.267,3.547,5.572,-19.433,62.733,-120.137,-14.656,10.725,0.654,-9.616,19.252,-52.718,4.534,0,0
0,60.119,0,5.03,-0,-257.138,15,5,10,0,0,-1.32,-0.867,-26.601,-29.603,287.908,-26.733,5.494,4.677,-7.096,96.947,20.779,-57.511,4.371,5.559,-14.511,31.237,-54.26,-4.885,11.151,0.45,-9.456,24.031,-54.534,4.901,0,0
0,57.556,0,5.03,-0,-256.279,15,5,10,0,0,2.805,-1.775,-25.454,-29.649,281.908,-18.763,3.518,5.099,-8.668,52.611,9.786,-65.756,4.998,3.557,-13.508,31.481,-55.832,-24.183,10.117,0.184,-8.536,33.679,-56.947,4.519,0,0
0,54.953,0,5.03,-0,-260.365,15,5,10,0,0,1.487,-4.124,-26.681,-31.924,263.13,-13.45,4.445,3.537,-8.086,19.023,1.038,-67.664,4.747,5.829,-12.203,38.855,-235.191,-52.336,11.271,-1.037,-7.971,45.45,-58.412,8.198,0,0
0,52.452,0,5.044,1.431,-250.123,15,5,10,0,0,1.238,-4.622,-28.977,-42.336,235.71,-11.176,6.392,2.788,-5.58,-4.473,-11.405,-57.13,4.721,6.095,-12.26,35.847,-57.359,-8.947,11.743,-0.407,-6.871,50.992,-58.214,13.542,0,0
0,50.019,0,5.048,0.423,-243.21,15,5,10,0,0,1.494,-4.028,-28.189,-49.817,207.924,-5.16,4.859,1.238,-4.539,-13.527,-25.939,-49.71,4.711,6.21,-11.822,32.809,-122.641,-13.802,11.261,0.977,-8.735,51.344,-61.221,17.496,0,0
0,47.841,0,5.081,3.273,-217.884,15,5,10,0,0,0.486,-4.515,-28.606,-63.405,167.679,-2.046,4.345,0.338,-2.884,-16.382,-38.702,-38.519,4.788,6.452,-12.559,31.924,-51.649,2.87,11.077,2.453,-10.385,39.527,-66.962,16.183,0,0
0,45.855,0,5.323,24.17,-198.532,15,5,10,0,0,-0.309,-7.19,-27.653,-65.13,124.534,4.718,4.905,-0.244,-2.838,-14.718,-52,-31.557,7.171,4.766,-11.53,31.038,-70.168,4.489,11.678,1.518,-9.115,32.214,-90.031,15.389,0,0
0,44.278,0,5.865,54.234,-157.757,15,5,10,0,0,-0.752,-5.631,-29.602,-70.107,80.641,10.809,3.913,1.485,-2.587,-12.198,-69.145,-19.374,5.31,6.395,-13.501,31.221,-33.496,9.954,10.093,2.057,-10.734,17.45,-92.122,13.756,0,0
0,42.959,0,6.619,75.394,-131.859,15,5,10,0,0,-1.497,-8.363,-28.264,-61.878,41.954,20.229,3.243,2.223,-5.142,-17.878,-85.13,-12.397,4.929,8.656,-12.904,27.084,-27.756,0.489,11.76,3.181,-8.787,-5.435,-102.748,12.565,0,0
0,41.9,0,7.411,79.136,-105.892,15,5,10,0,0,7.084,-5.224,-24.745,-40.321,24.87,19.542,8.989,0.038,-4.692,-27.359,-89.038,-6.29,6.237,6.438,-14.152,18.855,-68.168,-1.466,10.119,-0.975,-11.621,-10.534,-104,12.076,0,0
0,41.076,0,8.3,88.921,-82.386,15,5,10,0,0,-1.006,-2.338,-32.091,-44.382,-24.595,9.023,11.448,-0.963,-3.286,-4.595,-88.611,7.74,6.162,6.821,-11.225,14.458,-64.595,-1.954,13.276,0.172,-5.856,-7.847,-115.099,17.328,0,0
0,40.476,0,9.146,84.618,-60.047,15,5,10,0,0,10.442,-5.473,-34.845,-22.046,-54.061,2.58,4.206,-5.796,-9.949,-0.015,-96.779,24.275,8.258,3.842,-10.445,18.351,-31.878,-0.702,12.361,-1.593,-7.832,8.351,-114.229,19.221,0,0
0,40.421,0,9.992,84.618,-5.493,15,5,10,1,0,3.576,-9.587,-19.361,-13.252,-121.878,-13.359,9.779,-5.025,-7.789,26.031,-93.435,42.382,6.227,4.917,-9.611,17.115,-100.519,17.71,17.201,-1.521,-3.226,17.053,-110.824,21.069,1,0
0,40.483,0,10.783,79.044,6.203,5,5,10,1,0,14.179,-8.541,-2.642,24.26,-73.695,-17.679,16.253,-6.452,-8.569,38.107,-78.992,42.137,8.929,3.619,-8.775,34.412,-12.214,14.29,13.805,-1.602,-6.191,35.069,-119.038,22.443,0,0
0.652,40.487,0,11.633,85.041,0.446,5,5,10,1,0,16.93,-5.133,-5.319,42.992,-45.084,-13.878,18.521,-3.257,-4.852,65.664,-43.176,58.855,8.799,2.903,-1.408,335.863,-21.008,356.397,15.522,-2.002,-5.887,43.374,-121.405,23.496,0,0
1.266,40.791,0,12.647,101.406,30.384,5,5,10,1,0,10.088,-4.967,-7.7,36.794,-64.84,-5.74,18.827,3.442,-0.467,70.55,-11.374,75.221,4.1,5.691,0.766,345.405,148.519,366.656,14.859,1.126,-5.76,53.176,-143.069,22.641,0,0
1.843,41.596,0,14.031,138.428,80.521,5,15,10,1,0,5.609,-2.68,-14.528,41.267,-79.71,3.435,6.665,2.433,-0.079,54.901,-9.969,90.107,2.558,12.421,-9.091,77.344,69.893,19.42,16.293,2.886,-4.395,42.656,-146.931,20.336,0,0
2.382,42.512,0,15.709,167.748,91.53,5,15,10,1,0,0.862,-3.557,-21.967,67.099,-95.45,8.412,0.79,-0.11,-3.971,37.16,-42.473,90.229,0.757,2.395,-9.542,88.794,189.191,122.382,15.671,2.723,-4.316,14.824,-155.191,13.16,0,0
2.884,43.234,0,17.693,198.418,72.224,5,15,10,1,0,6.213,1.315,-24.015,60.427,-96.885,-0.427,5.247,-3.624,-8.699,32.092,-78.626,74.183,1.135,14.111,-5.853,14.656,140.702,117.618,14.895,0.57,-5.255,-6.611,-164.55,10.55,0,0
3.348,43.457,0,20.059,236.653,22.27,5,15,10,1,0,8.557,-1.593,-20.475,61.176,-76.305,-6.534,10.382,-0.584,-10.224,25.084,-91.557,52.412,3.31,9.159,-1.538,-10.779,203.389,19.206,15.841,1.811,-3.437,-23.527,-170.87,8.626,0,0
3.775,43.106,0,22.761,270.184,-35.111,5,15,10,1,0,12.296,3.073,-20.161,48.397,-52.412,-1.511,13.807,1.724,-11.666,5.573,-99.985,33.71,2.376,2.663,5.298,14.107,-496.366,4.885,17.484,1.324,-4.757,-27.176,-161.878,7.099,0,0
4.165,42.271,0,25.699,293.77,-83.508,5,15,10,1,0,10.37,0.687,-15.247,21.695,-32.458,17.603,12.708,2.146,-11.034,-7.359,-114.916,17.985,8.44,8.895,-7.384,0.733,149.969,3.969,17.232,3.935,-1.291,-45.344,-158,7.527,0,0
4.517,40.843,0,28.768,306.885,-142.788,5,15,10,1,0,12.191,1.741,-14.54,-25.359,-4.84,33.954,14.052,1.109,-10.842,-6.046,-140.015,-0.718,6.687,8.189,-10.423,-7.618,170.153,6.656,16.226,0.321,-9.204,-39.435,-149.511,8.382,0,0
4.831,38.795,0,32.019,325.127,-204.792,5,15,10,1,0,10.481,6.433,-17.874,-76.641,19.023,39.71,12.55,2.766,-12.83,-25.298,-166.046,-13.359,7.175,1.975,-14.854,-52.336,368.092,0.641,13.944,1.796,-14.799,-35.496,-157.679,13.405,0,0
5.108,36.166,0,35.59,357.079,-262.906,5,15,10,1,0,13.747,-1.751,-17.601,-104.687,56.137,40.473,10.344,1.791,-14.308,-18.183,-182.809,-19.298,7.123,0.054,-18.26,-113.954,390.397,-50.137,14.145,3.252,-19.146,-49.802,-184.901,11.267,0,0
5.348,33.072,0,39.49,390.015,-309.403,5,15,10,1,0,11.841,-6.476,-12.892,-135.725,54.153,46.87,12.488,-0.704,-13.149,-41.573,-201.496,-27.496,9.063,3.096,-22.207,-174.626,407.924,-50.779,12.995,3.71,-22.396,-86.397,-188.214,11.282,0,0
5.55,29.464,0,43.695,420.445,-360.799,5,15,10,1,0,7.252,4.055,-9.896,-167.496,57.695,55.191,11.556,2.28,-9.64,-42.885,-214.687,-20.061,9.532,8.282,-16.791,-117.511,219.237,-51.099,12.392,5.568,-15.774,-121.13,-210.076,5.863,0,0
5.715,25.784,0,48.1,440.495,-367.963,5,15,10,1,0,4.278,-1.49,-13.268,-188.26,46.794,51.481,9.23,0.043,-8.078,-54.977,-217.221,-18.809,7.08,8.901,-27.207,-269.466,447.252,-274.443,17.764,3.365,-13.376,-145.649,-195.756,1.878,0,0
5.843,22.21,0,52.649,454.915,-357.445,5,15,10,1,0,3.99,-4.888,-15.525,-187.038,33.313,41.481,11.166,2.57,-9.662,-72.962,-205.328,-10.656,9.836,4.143,-19.955,-136.55,245.267,-155.176,16.023,3.379,-16.257,-146.687,-174.748,13.573,0,0
5.932,19.349,0,57.226,457.753,-286.023,5,15,10,1,0,1.892,-4.685,-18.822,-150.702,25.542,34.122,12.26,2.469,-7.841,-84.29,-183.634,-0.382,-1.224,8.107,-18.226,-121.893,494.183,-192.366,12.538,8.007,-19.299,-136.198,-172,7.847,0,0
5.985,17.178,0,61.756,453.015,-217.175,5,15,10,1,0,6.749,-10.272,-17.076,-88.351,14.214,30.473,15.089,1.363,-8.1,-96.015,-158.031,9.481,7.53,6.305,-26.978,-194.962,-492.718,-356.824,12.488,8.95,-16.502,-177.771,-141.313,-4.092,0,0
6,15.618,0,65.912,415.57,-155.96,5,15,10,1,0,5.789,-11.774,-12.868,-38.092,0.962,28.107,11.498,-5.578,-9.877,-92.672,-144.87,25.176,7.472,2.429,-17.67,-58.427,258.443,-99.374,18.966,7.7,-9.276,-171.023,-123.817,-5.42,0,0
5.977,14.23,0,69.365,345.326,-138.84,5,15,10,1,0,6.055,-5.346,-14.387,2.275,7.649,27.985,10.962,-6.057,-9.532,-72.84,-142.931,38.26,7.039,4.912,-16.365,-59.298,463.313,-366.901,11.942,-1.734,-12.883,-166.015,-73.023,-7.099,0,0
5.917,12.911,0,72.05,268.49,-131.825,5,15,10,1,0,7.199,-3.88,-13.132,-3.389,8.473,24.153,9.171,-5.753,-10.861,-55.099,-148.947,40.809,7.695,2.479,-14.705,-52.183,413.786,-132.824,9.484,-6.15,-11.197,-118.198,-32.962,-1.344,0,0
5.82,11.443,0,74.101,205.067,-146.874,5,15,10,1,0,9.403,-6.89,-12.389,0.427,14.84,26.107,6.615,-4.23,-10.457,-33.573,-154.183,37.191,6.718,4.536,-14.59,-55.237,373.664,-123.481,9.602,-10.124,-12.033,-55.16,17.191,11.252,0,0
5.685,9.798,0,75.569,146.851,-164.429,5,15,10,1,0,3.643,0.036,-14.914,-19.45,12.885,26.198,7.197,-2.661,-9.484,-26.244,-158.58,26.321,4.11,4.159,-19.898,-102.107,-314.031,-246.229,11.281,-5.106,-10.349,-7.557,58.595,22.321,0,0
5.513,8.096,0,76.588,101.818,-170.243,5,15,10,1,0,9.877,-3.686,-12.588,-35.817,20.519,19.695,8.778,0.297,-9.432,-30.534,-151.954,18.153,4.563,2.612,-16.473,-100.947,-331.557,-45.069,10.143,-1.3,-11.776,27.038,87.42,18.733,0,0
5.303,6.341,0,77.221,63.355,-175.438,5,15,10,1,0,5.097,-1.011,-14.428,-38.901,20.031,23.252,8.064,-0.352,-9.087,-37.695,-151.481,11.145,3.545,3.479,-19.175,-85.557,312.916,132.885,7.041,-0.673,-14.693,42.229,111.863,11.588,0,0
5.056,4.584,0,77.573,35.145,-175.747,5,15,10,1,0,10.097,-1.89,-11.922,-47.542,25.038,19.191,8.704,-0.479,-9.187,-49.237,-148.87,11.069,2.886,2.405,-14.032,-31.939,-350.779,69.74,4.917,0.41,-15.668,51.618,127.237,8.443,0,0
4.771,2.855,0,77.859,28.599,-172.898,5,15,10,1,0,7.834,-1.959,-12.313,-52.443,24.412,17.908,10.009,0.644,-9.616,-58.748,-140.504,12.595,1.384,3.076,-18.964,-29.588,319.267,23.145,3.566,1.329,-15.795,48,139.863,6.107,0,0
4.449,1.211,0,78.045,18.62,-164.395,5,15,10,1,0,7.075,-6.941,-11.683,-43.481,21.802,15.328,11.031,0.055,-10.346,-73.13,-133.634,12.229,1.859,6.238,-19.414,9.527,310.656,9.13,3.99,1.068,-14.945,35.939,155.145,6.992,0,0
4.09,-0.276,0,78.181,13.596,-148.705,5,15,10,1,0,6.162,-6.491,-12.579,-19.71,19.847,16.763,10.924,-1.758,-8.823,-75.74,-128.901,14.336,1.277,3.298,-15.225,15.191,139.481,3.237,5.154,-0.493,-14.157,22.382,170.641,11.084,0,0
3.693,-1.554,0,78.077,-10.323,-127.819,5,15,10,1,0,4.543,-2.503,-13.941,-25.008,11.802,15.023,13.331,-2.124,-10.323,-71.191,-121.313,12.855,4.064,3.268,-15.405,50.412,298.122,-5.405,2.979,-2.943,-14.272,38.519,171.786,22.473,0,0
3.258,-2.591,0,78.034,-4.372,-103.638,5,15,10,1,0,7.336,-7.475,-12.301,-2.611,12.595,13.511,10.303,-2.857,-11.489,-63.389,-116,14.702,1.729,5.461,-15.213,30.87,290.672,-21.038,7.908,1.226,-11.221,21.588,193.053,24.382,0,0
2.786,-3.553,0,77.675,-35.889,-96.279,5,15,10,1,0,6.179,-3.801,-12.16,10.489,6.229,14.427,11.089,-2.115,-9.719,-48.809,-109.832,15.298,2.852,4.409,-15.52,19.664,140.229,-24.947,7.743,-1.427,-13.635,-0.687,219.908,25.679,0,0
2.277,-4.389,0,76.924,-75.062,-83.553,5,15,10,1,0,4.179,-3.628,-12.816,7.634,-0.092,12.809,11.793,-0.244,-10.588,-37.878,-103.359,11.45,-0.101,5.148,-35.906,0.733,-500.046,-97.954,7.858,-2.189,-15.639,-13.008,244.046,33.45,0,0
1.73,-5.077,0,75.808,-111.649,-68.825,5,15,10,1,0,1.99,-3.971,-11.633,8.809,-9.527,12.183,10.315,-1.672,-11.645,-29.069,-95.511,7.679,-0.23,7.847,-21.143,-30.046,241.328,-20.55,6.797,-1.296,-15.438,-10.901,253.573,48.061,0,0
1.146,-5.604,0,74.46,-134.823,-52.689,5,15,10,1,0,7.549,-3.676,-11.245,6.504,-11.16,7.191,10.136,-0.905,-10.545,-20.168,-86.794,9.817,-1.559,6.798,-22.369,-60.55,209.389,-41.954,7.865,-0.141,-15.429,-14.733,263.115,56.29,0,0
0.524,-5.923,0,72.874,-158.547,-31.929,5,15,10,1,0,3.482,-4.919,-11.307,2.977,-27.206,4.931,14.15,0.266,-7.599,-14.321,-70.015,8.443,-2.06,5.643,-15.144,-49.099,192.779,-13.16,7.01,-1.578,-17.448,-22.779,272.901,59.359,0,0
0,-6.004,0,71.087,-178.677,-8.057,5,15,10,1,0,5.233,-4.876,-11.731,6.87,-28.885,3.267,14.66,-1.209,-7.872,-15.237,-57.45,6.305,-2.74,1.364,-32.582,-442.26,-311.466,-100.885,7.25,1.126,-16.993,-25.603,278.733,63.282,0,0
0,-5.992,0,69.087,-199.986,1.156,5,15,10,1,0,9.269,-7.492,-7.973,17.359,-22.626,3.954,8.349,-4.213,-9.511,-10.122,-59.053,9.771,-2.635,6.129,-14.459,-67.939,76.534,-0.55,5.166,-1.473,-17.9,-31.725,283.237,63.954,0,0
0,-6.029,0,66.923,-216.465,-3.696,5,15,10,1,0,7.992,-6.256,-7.786,1.099,-35.023,-2.519,14.059,0.036,-3.942,8.275,-62.092,9.664,-3.576,5.856,-15.896,-74.473,131.71,-23.267,8.105,3.389,-13.745,-38.565,287.038,71.16,0,0
0,-6.121,0,64.613,-231.022,-9.167,5,15,10,1,0,6.981,-5.559,-8.842,-14.29,-34.031,-2.076,11.161,-3.142,-5.166,4.672,-63.969,6.107,-4.649,5.331,-15.419,-85.252,102.611,-7.908,6.007,-0.412,-17.675,-32.458,283.038,70.885,0,0
0,-6.513,0,62.221,-239.182,-39.173,5,15,10,1,0,6.059,-6.419,-8.629,-6.336,-32.87,-2.214,8.114,-4.632,-6.553,11.008,-75.649,4.336,-4.725,6.153,-15.417,-116.885,75.099,-2.076,7.372,-1.176,-18.506,-31.481,283.389,72.229,0,0
0,-7.062,0,59.811,-240.967,-54.909,5,15,10,1,0,6.708,-3.77,-9.966,-29.038,-34.397,-4.458,10.203,-0.714,-6.227,10.809,-83.313,6.076,-3.195,4.733,-13.268,-112.214,31.725,0.489,10.222,1.633,-16.768,-27.084,269.924,74.122,0,0
0,-7.563,0,57.362,-244.938,-50.16,5,15,10,1,0,5.525,-4.711,-11.443,-37.45,-42.595,-7.16,12.15,-0.125,-7.346,-0.473,-79.847,3.053,-1.679,4.167,-10.792,-112.626,17.099,10.504,8.28,2.685,-19.594,-24.672,254.519,70.153,0,0
0,-7.879,0,54.94,-242.123,-31.517,5,15,10,1,0,4.445,-6.076,-10.835,-32.153,-55.298,-8.183,15.493,0.97,-6.962,-16.427,-67.16,8.901,-2.285,5.237,-12.507,-191.115,38.229,12.275,8.478,0.268,-22.24,-29.313,249.847,66.168,0,0
0,-7.984,0,52.488,-245.293,-10.574,5,15,10,1,0,3.614,-1.454,-14.243,-28.824,-61.237,-6.84,15.735,0.529,-7.187,-34.412,-55.832,14.076,-2.285,3.463,-11.319,-76.794,5.359,26.779,5.379,0.563,-22.757,-40.855,233.466,62.87,0,0
0,-7.912,0,50.096,-239.193,7.256,5,15,10,1,0,5.286,-5.592,-11.625,-17.817,-66.412,-9.282,11.582,-0.232,-7.621,-42.641,-51.954,19.863,-0.704,3.2,-6.649,-121.695,-13.313,110.107,8.783,2.038,-20.535,-36.046,209.45,62.015,0,0
0,-7.871,0,47.803,-229.214,4.028,5,15,10,1,0,1.727,-3.181,-12.174,-8.595,-73.817,-7.771,10.22,1.437,-6.227,-40.504,-60.809,25.374,-0.292,1.202,-6.373,-30.076,-14.977,1.771,7.446,-0.036,-22.59,-15.573,184.321,57.481,0,0
0,-7.641,0,45.72,-208.386,23.083,5,15,10,1,0,2.309,-0.251,-12.924,-39.817,-87.618,-8.305,14.725,0,-4.359,-47.221,-51.023,19.908,-0.618,1.516,-6.495,-3.298,-26.137,30.214,6.732,2.292,-21.043,-2.214,155.664,51.863,0,0
0,-7.175,0,43.808,-191.128,46.532,5,15,10,1,0,7.262,-6.471,-9.305,-30.198,-94.672,-12.931,13.623,-2.373,-7.178,-61.344,-38.809,22.794,-1.219,2.443,-6.148,10.55,-41.985,40.916,6.222,3.154,-20.99,18.504,123.42,41.069,0,0
0,-6.626,0,42.101,-170.712,54.943,5,15,10,0,0,6.32,-5.113,-11.954,-16.092,-100.015,-10.809,13.307,-1.078,-8.39,-68.489,-32,24.626,2.275,3.923,-3.308,12.153,-51.573,35.298,12.78,-1.7,-21.577,36.473,98.504,33.466,0,0
0,-5.919,0,40.768,-133.301,70.702,5,15,10,0,0,5.523,-5.528,-12.483,-18.443,-109.573,-11.679,12.291,-0.924,-8.236,-77.878,-23.664,23.878,1.542,3.097,-3.77,14.534,-59.053,72.55,7.226,4.448,-21.376,69.71,50.55,24.565,0,0
0,-5.011,0,39.882,-88.635,90.763,5,15,10,0,0,7.245,-2.639,-13.695,-26.992,-115.802,-13.511,13.637,-1.957,-6.759,-90.122,-12.931,20.885,-0.717,-0.038,10.998,57.023,316.58,269.191,6.764,8.759,-25.428,69.45,13.832,7.038,0,0
0,-3.894,0,39.553,-32.913,111.672,5,15,10,0,0,8.823,-3.502,-12.868,-38.351,-123.893,-21.985,14.847,-1.662,-7.841,-101.786,-6.397,19.802,0.517,3.846,4.876,13.542,-236.947,167.084,1.059,8.184,-30.417,69.557,-67.893,-11.038,0,0
0,-2.674,0,39.912,35.9,122.029,5,15,10,0,0,10.552,-2.999,-11.932,-53.695,-122.962,-25.618,13.592,-1.72,-9.879,-103.389,-6.092,16.626,-0.946,5.097,-1.95,37.847,-61.832,3.542,3.142,11.786,-25.835,38.046,-121.969,-22.168,0,0
0,-1.452,0,40.786,87.456,122.257,5,15,10,0,0,10.174,-4.167,-11.726,-57.053,-123.71,-27.435,11.664,-3.051,-11.518,-95.878,-8.153,16.458,1.878,8.555,-1.447,157.786,-301.328,-235.969,6.273,3.111,-22.393,21.405,-157.542,-22.031,0,0
0,-0.294,0,42.113,132.649,115.711,5,15,10,0,0,12.65,-3.413,-13.326,-62.718,-120.641,-30.275,11.285,-2.761,-12.555,-78.534,-14.168,14.031,1.916,0.303,-15.333,9.969,-187.374,-300.214,11.597,4.342,-8.11,-10.473,-155.695,-16.168,0,0
0,0.823,0,43.471,135.819,111.717,5,15,10,0,1,10.739,-1.827,-14.035,-60.275,-121.115,-30.87,11.647,-3.391,-13.786,-60.061,-14.885,2.595,2.788,24.289,-40.677,-74.153,126.489,-16.122,16.047,3.432,3.844,-59.206,-105.603,-8.656,0,1
0,1.907,0,44.489,101.795,108.387,5,5,10,0,1,11.817,-3.161,-13.728,-51.557,-123.13,-34.992,15.448,-2.915,-11.079,-42.687,-5.802,-6.153,-0.053,7.888,26.786,-208.626,-428.733,-341.008,20.813,-2.381,3.353,-84.626,-52.214,0.489,0,0
0,3.024,0.659,44.965,47.596,111.752,5,5,10,0,1,12.066,-2.809,-14.068,-35.695,-121.863,-40.061,15.46,-2.033,-10.811,-31.405,1.267,-14.137,4.776,5.782,-14.265,-67.221,-101.695,-373.008,10.449,-8.833,-9.13,-75.664,-52.107,0.87,0,0
0,4.211,1.279,45.244,27.866,118.653,5,5,10,0,1,13.668,-1.94,-13.194,-28.214,-124.809,-44.901,15.465,-1.133,-10.964,-23.893,11.374,-19.939,-3.379,-3.044,-16.154,-104.992,-230.366,126.046,11.393,-8.543,-21.582,-36.489,-62.824,-13.023,0,0
0,5.525,1.862,45.848,60.459,131.447,5,5,10,0,1,11.453,-1.866,-10.56,-21.282,-128.748,-44.427,17.409,-0.536,-9.743,-18.885,21.069,-22.183,-2.275,-1.449,-4.936,-112.534,-218.824,-310.901,9.029,-0.297,-21.615,-15.695,-114.947,-17.389,0,0
0,7.005,2.405,46.811,96.245,147.961,15,5,10,0,1,9.221,0.522,-10.739,-23.099,-136.824,-45.206,18.77,0.201,-6.955,-14.443,33.618,-24.901,-0.319,0.623,-5.137,-74.229,-60.046,-65.618,10.548,8.905,-17.031,-26.168,-132.672,-27.832,0,0
0,8.791,2.911,47.697,88.635,178.643,15,5,10,0,1,11.946,-2.867,-9.736,-16.794,-141.893,-46.305,14.222,1.403,-6.663,-9.145,39.13,-23.298,2.678,7.357,-5.015,-45.267,-308.534,-496.122,9.911,7.48,-14.904,-59.618,-113.969,-30.931,0,0
0,10.732,3.378,48.151,45.456,194.127,15,5,10,0,1,8.756,-4.39,-10.184,0.58,-147.924,-44.168,14.909,1.506,-4.4,1.099,51.771,-25.756,5.082,0.578,-28.434,173.176,359.802,-353.344,12.976,-0.81,-12.792,-72.626,-64.931,-25.756,0,0
0,12.842,3.807,47.99,-16.102,210.915,15,5,10,0,1,10.677,-5.142,-9.839,17.389,-157.496,-46.473,17.565,1.518,-0.333,1.863,68.397,-27.099,5.238,4.365,-24.951,41.725,-371.924,-272,13.347,-10.016,-18.312,-32.702,-45.176,-13.603,0,0
0,15.263,4.198,47.463,-52.769,242.123,15,5,10,0,1,15.328,-4.194,-5.518,28.611,-163.038,-46.565,17.553,1.962,-1.456,-1.954,85.221,-23.252,7.896,7.674,-9.57,-11.618,-241.115,-83.42,4.658,-1.494,-11.58,1.618,-48.183,-23.649,0,0
0,17.859,4.55,46.514,-94.837,259.587,15,5,10,0,1,16.95,-2.455,-5.192,22.397,-157.924,-44.183,16.768,-0.441,-3.813,-1.786,107.084,-28.947,4.275,-0.644,-20.492,1.359,-268.198,-46.748,12.1,-6.814,-17.96,38.779,-17.725,-24.763,0,0
0,20.785,4.865,45.067,-144.699,292.603,15,5,10,0,1,14.698,-3.236,-6.047,21.939,-159.71,-44.427,16.729,-1.205,-3.205,9.16,132.107,-23.511,6.273,5.147,-11.202,1.252,-149.45,-7.053,13.261,1.54,-12.025,25.466,13.069,-20.656,0,0
0,23.913,5.14,42.998,-206.898,312.791,15,5,10,0,1,9.398,-8.847,-8.783,25.45,-166.611,-42.061,16.401,-7.322,-4.23,16.962,157.771,-22.198,2.623,4.916,-19.548,25.878,332.443,-0.122,17.606,-0.079,-11.405,49.588,36.809,-10.672,0,0
0,27.42,5.378,40.34,-265.847,350.762,15,5,10,0,1,6.059,-6.984,-14.102,36.076,-182.58,-47.115,16.78,-7.712,-8.186,40.687,178.947,-12.351,3.535,3.771,-14.236,30.947,296.794,-26.504,14.593,1.557,-11.355,62.443,49.679,-4.55,0,0
0,31.313,5.577,37.235,-310.536,389.306,15,5,10,0,1,11.963,-12.406,-15.213,65.099,-198.076,-55.511,16.897,-6.22,-10.287,66.153,195.969,2.443,4.306,3.251,-15.836,160.794,-17.832,325.13,8.208,-0.077,-7.319,82.672,53.527,-9.771,0,0
0,35.606,5.738,34.016,-321.889,429.257,15,5,10,0,1,14.15,-11.41,-18.657,108.26,-198.305,-62.336,17.989,-4.644,-10.073,92.611,218.641,16.977,6.378,-0.314,-8.828,8.443,274.565,95.389,11.64,-4.67,-8.634,124.122,36.076,-20.87,0,0
0,40.165,5.86,30.935,-308.041,455.876,15,5,10,0,1,8.124,-6.524,-19.206,139.786,-202.351,-65.13,14.473,-5.762,-12.04,105.954,232.962,38.229,0.278,3.445,-18.049,131.466,226.687,26.504,7.666,-0.386,-14.495,110.779,34.397,-21.435,0,0
0,44.852,5.945,28.05,-288.518,468.739,15,5,10,0,1,16.169,-4.048,-19.903,163.481,-189.878,-76.656,14.835,-5.156,-14.976,107.435,243.206,60.702,5.092,3.567,-17.752,285.282,-447.389,79.756,8.124,-3.973,-16.978,110.015,20.916,-20.275,0,0
0,49.686,5.991,25.864,-218.651,483.445,15,5,10,0,1,12.126,-11.525,-24.07,169.817,-177.282,-76.336,17.431,-0.91,-12.83,114.718,259.282,76.794,5.777,5.513,-10.885,36.321,-156.794,7.206,9.642,6.32,-13.242,77.053,5.527,-13.557,0,0
0,54.527,5.998,24.179,-168.48,484.086,15,5,10,0,1,0,3.918,-37.841,165.649,-209.328,-66.702,15.774,-10.038,-11.101,121.969,261.802,118.168,5.477,6.867,-12.092,44.626,-141.481,-6.015,9.216,7.161,-11.405,32.84,2.87,-21.084,0,0
0,59.292,5.968,22.758,-142.033,476.499,15,5,10,0,1,13.587,-10.114,-17.603,180.382,-177.847,-67.832,25.67,1.765,-8.981,110.031,249.42,103.573,2.453,8.704,-14.174,42.534,-138.519,-14.84,10.512,4.191,-12.083,-3.191,12.412,-21.496,0,0
0,63.65,5.899,21.348,-141.037,435.758,15,5,10,0,1,6.031,0.218,-22.044,194.977,-156.137,-65.893,21.249,4.654,-12.277,68.947,271.695,120.656,1.696,16.568,-31.997,259.878,-132.412,-125.802,9.149,-0.505,-12.464,-1.954,10,-19.557,0,0
0,67.352,5.791,19.968,-138.027,370.251,15,5,10,0,1,7.987,7.053,-24.942,183.374,-89.298,-50.992,15.419,1.308,-9.379,74.076,252.687,100.031,1.535,8.572,-15.259,20.534,408.748,379.603,10.351,0.639,-10.502,18.702,10.397,-13.878,0,0
0,70.505,5.646,18.521,-144.676,315.285,15,5,10,0,1,6.493,4.895,-17.237,141.878,-54.061,-41.405,13.8,-0.417,-8.984,77.16,234.153,78.504,2.036,3.328,-24.937,92.656,265.74,-42.992,10.708,0.642,-9.194,31.618,9.664,-11.557,0,0
0,73.149,5.462,16.99,-153.076,264.382,15,5,10,0,1,6.716,7.298,-15.182,80.061,-18.26,-34.519,12.521,-1.677,-9.999,77.405,218.26,53.145,2.831,0.847,-28.098,267.679,207.13,406.473,9.374,-1.526,-12.674,52.183,11.649,-8.092,0,0
0,75.284,5.24,15.643,-134.777,213.524,15,5,10,0,1,7.829,0.642,-12.308,21.802,12.565,-29.725,12.33,0.393,-11.898,76.061,206.336,28.794,3.559,3.86,-31.787,324.229,-290.214,443.603,10.394,3.166,-9.321,60.321,4.107,-3.466,0,0
0,76.929,4.979,14.342,-130.028,164.475,15,5,10,0,1,5.631,1.559,-17.215,-18.046,49.191,-13.023,12.622,1.03,-11.542,81.389,195.389,-1.466,2.153,6.064,-16.231,55.359,-135.542,-7.771,10.545,4.927,-10.028,38.321,16.092,-5.206,0,0
0,78.188,4.681,12.925,-141.69,125.908,15,5,10,0,1,3.248,0.156,-17.012,-56.229,70.748,0.931,12.478,2.752,-10.394,73.313,190.489,-23.908,3.43,10.532,-24.496,403.496,-256.504,-230.107,7.837,-0.62,-11.518,43.802,9.756,-3.786,0,0
0,79.174,4.344,11.615,-131.069,98.58,15,5,10,0,1,2.242,2.041,-15.716,-88.947,98.87,12.473,11.094,2.876,-9.532,57.45,187.649,-43.634,3.137,0.947,29.296,400.076,-112.87,-231.084,8.399,2.45,-11.101,41.542,8.885,-3.298,0,0
0,79.881,3.968,10.439,-117.6,70.667,15,5,10,0,1,2.256,2.112,-16.269,-113.557,125.954,19.863,10.023,3.09,-9.666,37.252,181.71,-55.344,4.867,5.906,-12.512,48.794,-118.321,-6.55,9.468,2.469,-9.537,32.931,2.061,-1.924,0,0
0,80.367,3.555,9.493,-94.517,48.649,15,5,10,0,1,4.139,0.309,-15.577,-126.076,151.557,24.794,10.368,3.281,-11.391,8.55,177.908,-65.817,6.605,5.529,-13.752,106.519,-433.725,-99.42,8.26,3.291,-9.02,23.282,-4.992,-4.321,0,0
0,80.495,3.103,8.787,-70.633,12.829,15,5,10,0,1,3.904,-1.686,-15.089,-117.191,185.053,36.687,10.064,2.134,-12.052,-1.435,173.374,-68.916,3.645,6.803,-15.692,110.061,-361.359,-29.679,9.405,2.69,-7.278,6.931,-3.298,-6.214,0,0
0,80.338,2.612,8.124,-66.273,-15.701,15,5,10,0,1,1.032,4.486,-21.938,-110.733,203.344,36.977,12.255,2.577,-12.33,-15.985,170.046,-64.275,4.483,8.75,-23.299,415.603,-365.45,-139.237,5.535,-1.574,-11.065,4.183,-3.74,-9.771,0,0
0,80.096,2.084,7.667,-45.788,-24.216,15,5,10,0,1,5.504,-5.104,-16.885,-65.13,225.557,36.26,8.385,1.432,-15.563,-22.809,167.893,-46.962,3.217,5.758,-13.783,51.298,-73.603,-3.466,9.216,-1.396,-9.935,16.748,-14.366,-6.397,0,0
0,79.526,1.517,7.553,-11.375,-57.06,15,5,10,0,1,3.24,-3.746,-18.514,-28.718,247.374,32.611,8.404,1.279,-12.751,-20.366,166.275,-30.672,3.482,6.232,-12.926,46.595,-57.603,-10.565,12.08,3.293,-6.337,8.672,-29.908,-5.359,0,0
0,78.58,0.912,7.633,8.057,-94.563,15,5,10,0,1,2.522,-2.812,-18.03,13.038,275.45,27.542,7.348,-0.481,-13.079,-17.557,158.015,-17.206,3.911,7.684,-17.34,83.221,-242.214,-111.878,10.545,3.664,-7.427,-6.992,-26.626,-9.45,0,0
0,77.247,0.268,7.656,2.254,-133.301,15,5,10,0,1,2.043,-2.323,-18.257,36.122,294.29,16.55,5.094,-1.159,-14.21,-7.969,143.344,-2.443,2.328,8.069,-12.955,32.992,-247.954,-90.626,10.018,1.574,-8.397,-7.832,-32.519,-11.252,0,0
0,75.636,0,7.659,0.309,-161.087,15,5,10,0,1,-0.314,-0.108,-21.124,46.87,303.832,7.069,3.14,-2.424,-13.486,14.29,126.962,3.191,-4.881,15.612,-33.981,43.405,-134.458,-35.053,15.707,0.175,-8.351,-7.527,-11.481,-11.374,0,0
0,73.757,0,7.568,-9.132,-187.867,15,5,10,0,1,0.965,-2.991,-20.576,67.176,308.076,-2.382,2.663,-4.567,-12.933,36.168,106.611,5.389,1.214,6.756,-12.442,-1.069,-64.489,-7.328,7.575,2.472,-6.153,-5.176,-43.13,-9.42,0,0
0,71.703,0,7.293,-27.443,-205.468,15,5,10,0,1,-2.613,0.429,-19.917,68.198,311.878,-10.26,2.536,-4.438,-13.589,65.679,87.527,3.985,4.301,6.037,-10.624,-17.817,-155.435,-13.649,8.687,1.401,-9.223,-8.214,-32.641,-8.122,0,0
0,69.352,0,6.74,-55.309,-235.051,15,5,10,0,1,-0.422,-0.968,-18.164,61.374,318.031,-21.496,2.687,-5.331,-13.295,93.053,68.519,1.435,1.209,5.28,-17.11,-14.489,-185.389,-16.244,10.524,-1.221,-10.802,1.237,-22.153,-6.351,0,0
0,66.865,0,6.117,-62.267,-248.692,15,5,10,0,1,4.426,-1.471,-18.36,31.313,320.916,-30.641,-0.704,-3.039,-15.994,123.466,48.229,-1.328,3.296,5.451,-11.645,-1.786,-89.252,-5.099,7.547,-0.862,-9.853,18.565,-35.603,-4.748,0,0
0,64.218,0,5.549,-56.797,-264.76,15,5,10,0,1,-1.65,3.128,-23.921,-7.695,311.282,-28.29,2.857,-1.461,-12.545,148.519,39.771,-22.031,2.491,10.664,-18.993,20.534,-368.26,-51.542,11.743,3.607,-7.391,15.389,-29.878,-2.687,0,0
0,61.584,0,4.96,-58.96,-263.352,15,5,10,0,1,4.304,-4.256,-23.234,-16.382,300.58,-29.038,2.805,1.377,-10.95,140.351,28.656,-26.183,4.004,6.826,-12.878,3.13,-181.053,-12.122,8.325,0.668,-9.554,19.176,-35.603,-2.382,0,0
0,58.966,0,4.495,-46.44,-261.784,15,5,10,0,0,2.527,-2.508,-27.662,-24.824,287.282,-22.641,2.56,2.338,-9.183,120.305,24.962,-47.481,3.339,7.638,-13.939,25.634,-81.374,-8.809,9.978,-2.649,-10.794,25.817,-44.198,-1.099,0,0
0,56.436,0,4.14,-35.591,-253.064,15,5,10,0,0,-0.821,-3.195,-27.816,-19.847,261.145,-20.427,4.929,3.487,-6.534,86.061,17.237,-58.366,4.934,9.62,-14.763,54.183,-317.389,-59.847,8.11,4.852,-7.92,18.733,-45.618,-1.084,0,0
0,53.916,0,3.866,-27.397,-251.965,15,5,10,0,0,0.287,-1.442,-27.107,-14.824,242.321,-13.771,2.833,2.637,-6.958,54.229,1.618,-60.641,1.605,6.553,-15.16,31.13,-78.626,-22.473,10.457,0.002,-7.245,25.435,-51.099,-4.031,0,0
0,51.565,0,3.756,-10.986,-235.108,15,5,10,0,0,0.402,-3.058,-26.692,-28.687,214.763,-10.885,2.788,4.098,-5.286,26.611,-11.817,-54.443,6.869,5.729,-10.761,22.122,-251.374,-72.183,8.972,1.602,-6.584,33.344,-70.244,-0.58,0,0
0,49.353,0,3.759,0.309,-221.192,15,5,10,0,0,0.089,-2.752,-27.627,-44.321,181.817,-5.145,5.101,3.861,-4.237,0.244,-26.061,-51.786,5.413,12.34,-13.915,55.893,-242.58,-75.847,10.639,2.771,-7.664,26.153,-63.725,-4.244,0,0
0,47.39,0,3.77,1.133,-196.255,15,5,10,0,0,0.168,-3.813,-28.7,-56.321,145.771,-3.328,6.514,3.207,-2.934,-23.237,-36.733,-43.16,4.936,5.018,-11.51,27.496,-232.321,-128.977,9.812,0.754,-8.172,21.588,-68.321,-4.122,0,0
0,45.64,0,3.829,5.882,-175.061,15,5,10,0,0,2.417,-10.56,-24.901,-48.214,110.748,-1.405,4.553,3.137,-6.05,-40.641,-45.16,-29.618,5.274,8.666,-15.132,71.924,-206.305,-99.053,9.542,-0.357,-9.846,25.008,-70.443,-1.099,0,0
0,44.284,0,3.836,0.675,-135.567,15,5,10,0,0,0.084,-5.573,-28.726,-52.076,70.504,3.405,3.799,-0.304,-6.064,-35.298,-57.817,-19.008,-0.455,6.826,-18.331,50.351,-55.389,-14.427,10.342,-0.683,-9.139,26.504,-62.153,-0.168,0,0
0,43.226,0,3.975,13.95,-105.835,15,5,10,0,0,-2.029,-7.626,-27.969,-44.565,30.794,9.435,3.674,0.024,-5.731,-25.695,-76.061,-7.481,6.486,4.244,-13.24,56.718,-104.26,-13.313,6.613,-2.651,-15.39,52.489,-86.595,4.397,0,0
0,42.432,0,4.407,43.213,-79.399,15,5,10,0,0,-2.261,-8.129,-27.524,-43.466,26.015,9.847,10.344,-0.426,-0.726,-15.603,-80.198,2.397,6.366,2.594,-12.492,66.595,-50.916,-22.595,11.721,-0.539,-10.236,57.664,-94.015,7.695,0,0
0,41.93,0,5.1,69.214,-50.182,15,5,10,0,0,5.156,-4.464,-27.785,-25.344,-26.458,-0.366,12.112,-6.244,-3.54,-24.58,-81.985,9.008,4.158,5.762,-14.195,77.969,-68.198,-31.908,11.269,3.542,-9.039,54.504,-106.076,9.16,0,0
0,41.714,0,5.817,71.789,-21.584,15,5,10,0,0,2.965,-6.38,-33.569,-24.962,-79.374,-16.794,9.626,-3.755,-2.903,14.076,-85.206,18.824,4.56,5.789,-14.099,82.687,-39.679,-14.947,12.263,0.874,-10.392,43.237,-98.412,7.435,0,0
0,41.923,0,6.572,75.428,20.874,15,5,10,0,0,12.84,-13.719,-17.603,8.183,-113.42,-19.664,9.76,-4.665,-5.07,24.26,-84.809,32.733,5.116,13.658,-14.696,163.282,-135.893,-42.931,12.605,1.312,-7.532,42.229,-109.527,9.74,0,0
0,42.194,0,7.315,74.375,27.065,15,5,10,1,0,21.625,-13.534,2.247,35.511,-88.687,-17.756,17.069,-6.215,-4.349,51.099,-67.023,37.74,6.684,6.689,-11.527,83.588,-59.374,-1.313,11.427,-2.807,-10.785,53.634,-108.626,12.122,1,0
0,42.351,0,8.179,86.38,15.747,5,5,10,1,0,21.905,-4.766,-1.375,21.298,-57.878,-15.496,21.292,-4.186,-2.941,76.641,-38.992,48.153,7.999,6.431,-12.04,78.214,-53.008,28.214,13.465,-0.568,-7.082,65.985,-122.611,18.702,0,0
0.659,42.387,0,9.124,94.483,3.628,5,5,10,1,0,6.059,-3.487,-13.122,30.55,-55.771,-2.931,14.351,3.367,-3.185,96.305,-23.221,53.588,0.048,7.845,-27.916,-314.885,-34.931,223.511,14.049,0.034,-7.911,72.26,-124.275,22.504,0,0
1.279,42.926,0,10.156,103.226,53.902,5,5,10,1,0,4.357,-3.272,-14.878,25.069,-89.969,-5.359,9.269,4.855,-4.273,84.992,-15.115,88.992,8.462,8.694,-12.962,72.122,6.046,13.221,17.584,1.973,-4.814,63.71,-124.595,23.069,0,0
1.862,44.039,0,11.339,118.298,111.305,5,5,10,1,0,1.724,-3.513,-18.422,43.237,-111.725,-2.534,2.867,3.224,-3.561,42.718,-27.267,105.542,10.852,9.345,-11.446,52.321,11.267,27.481,16.559,2.838,-5.913,53.237,-140.229,20.595,0,0
2.405,45.269,0,12.709,137.02,122.99,5,15,10,1,0,-0.826,-2.742,-23.081,83.756,-112.595,-8.153,2.278,0.211,-8.203,7.969,-50.565,105.084,13.118,9.065,-8.375,27.847,76.275,36.153,15.62,2.984,-7.401,43.847,-153.191,14.473,0,0
2.911,46.204,0,14.437,172.783,93.418,5,15,10,1,0,8.43,-1.684,-22.073,93.466,-94.702,-12.885,6.579,-5.262,-14.032,9.328,-71.954,83.237,1.777,11.439,-9.403,15.481,104.092,14.046,14.04,3.379,-6.222,20.565,-160.733,10,0,0
3.378,46.478,0,16.448,201.096,27.489,5,15,10,1,0,12.394,-0.805,-22.317,101.115,-66.015,-13.802,14.696,-3.195,-11.683,41.496,-82.183,52.84,12.392,5.444,-6.081,-7.038,72.641,14.443,13.28,0.85,-6.857,0.351,-173.542,4.336,0,0
3.807,46.17,0,18.821,237.259,-30.796,5,15,10,1,0,13.735,2.112,-19.733,70.718,-51.16,0.885,13.58,0.484,-10.232,51.649,-96.855,31.374,3.487,4.757,-0.508,-15.908,195.496,-6.443,21.17,0.218,-4.584,-16.687,-173.069,3.313,0,0
4.198,45.288,0,21.543,272.175,-88.28,5,15,10,1,0,11.178,1.741,-17.714,23.282,-35.267,19.588,12.66,1.447,-10.641,45.298,-120.794,14.794,10.131,4.898,-5.145,-2.443,120.672,2.061,16.19,1.207,-4.246,-19.71,-183.221,1.985,0,0
4.55,43.655,0,24.538,299.527,-163.285,5,15,10,1,0,11.944,3.399,-17.419,-14.534,1.374,33.664,12.593,1.224,-11.249,41.237,-150.611,-4.504,10.744,5.413,-2.069,0.977,301.206,-0.885,21.421,-2.167,2.124,-30.809,-182.336,-2.382,0,0
4.865,41.384,0,27.68,314.164,-227.086,5,15,10,1,0,6.526,9.204,-22.54,-79.756,14.366,36.076,16.861,0.891,-12.945,10.656,-173.008,-12.29,9.456,8.282,-1.006,-24.947,345.221,0.977,17.201,-0.587,-0.089,-29.298,-160.87,3.145,0,0
5.14,38.637,0,30.972,329.27,-274.659,5,15,10,1,0,4.531,5.281,-20.657,-92.702,29.817,41.603,13.862,4.46,-12.215,-19.191,-185.45,-15.221,7.18,9.372,-9.7,-21.786,185.786,-1.405,14.581,3.583,-8.593,-27.252,-151.832,8.992,0,0
5.378,35.513,0,34.506,353.383,-312.39,5,15,10,1,0,1.837,3.391,-18.916,-104.229,60.198,47.557,10.299,2.862,-12.706,-37.786,-196.687,-9.786,6.85,11.575,-12.971,-50.901,391.985,-21.16,8.002,6.725,-18.818,-43.969,-168.977,8.489,0,0
5.577,32.094,0,38.315,380.849,-341.962,5,15,10,1,0,-6.196,5.808,-11.709,-143.359,71.649,55.878,0.704,3.336,-12.294,-43.924,-221.237,-4.137,8.131,3.713,-18.466,-143.389,409.634,-46.962,12.72,10.497,-15.96,-76.656,-193.42,8.565,0,0
5.738,28.556,0,42.482,416.783,-353.818,5,15,10,1,0,-3.003,0.005,-15.778,-168.595,65.252,55.756,4.584,3.24,-7.968,-52.962,-217.939,-6.366,11.252,9.731,-13.946,-111.145,445.42,-147.359,13.925,3.169,-19.354,-111.893,-212.412,11.313,0,0
5.86,25.249,0,46.964,448.197,-330.666,5,15,10,1,0,2.673,-2.769,-19.117,-176.977,52.183,39.42,10.926,1.114,-7.312,-68.885,-190.763,2.504,12.48,3.308,-16.636,-122.351,483.16,-114.809,16.715,0.012,-17.615,-126.122,-195.985,10.168,0,0
5.945,22.433,0,51.641,467.641,-281.571,5,15,10,1,0,6.804,-12.109,-12.976,-144.244,19.878,33.863,11.97,-0.182,-8.15,-63.145,-181.985,7.496,3.26,7.726,-17.869,-126.962,497.664,-162.107,20.049,-0.148,-16.801,-129.786,-183.191,12.351,0,0
5.991,20.279,0,56.376,473.535,-215.39,5,15,10,1,0,4.313,-7.597,-17.136,-78.107,6.748,30.687,15.28,-0.675,-5.322,-66.656,-153.237,12.489,8.165,1.605,-20.322,-119.237,264.87,-92.153,11.494,7.168,-18.147,-122.351,-179.863,11.191,0,0
5.998,18.771,0,61.038,466.176,-150.879,5,15,10,1,0,5.753,-11.503,-14.588,-17.679,5.221,29.176,11.012,-4.694,-8.478,-58.26,-135.756,30.351,8.864,4.292,-21.213,-91.13,267.954,-85.374,14.272,8.486,-17.932,-154.794,-148.305,1.374,0,0
5.968,17.533,0,65.392,435.426,-123.78,5,15,10,1,0,6.289,-5.734,-13.271,16.061,0.26,27.908,9.338,-4.481,-10.021,-47.695,-130.626,41.023,15.34,0.8,-14.82,-60.931,273.832,-84.84,7.331,9.664,-9.338,-176.29,-134.641,-11.038,0,0
5.899,16.46,0,68.966,357.423,-107.243,5,15,10,1,0,6.311,-5.41,-12.435,22.565,-1.405,23.74,10.002,-4.33,-9.142,-33.389,-127.664,44.763,8.193,4.643,-22.369,-93.588,-499.924,-170.107,11.819,-1.837,-13.57,-182.962,-78.092,-12.611,0,0
5.791,15.332,0,71.882,291.516,-112.873,5,15,10,1,0,6.761,-4.395,-12.689,22.611,7.053,23.542,9.091,-3.365,-8.953,-22.885,-128.183,39.176,5.832,2.019,-13.446,-47.282,228.992,-145.405,7.465,-7.762,-12.368,-127.145,-48.107,-5.115,0,0
5.646,14.036,0,74.335,245.362,-129.582,5,15,10,1,0,8.454,-2.268,-11.855,6.901,9.71,21.252,8.677,-1.703,-9.561,-17.802,-131.282,30.931,5.111,2.27,-14.382,-35.206,200.687,-101.191,11.297,-10.423,-13.067,-64.611,-6.031,8.107,0,0
5.462,12.736,0,76.302,196.667,-130.017,5,15,10,1,0,6.847,-1.231,-12.976,-27.588,5.756,17.481,11.496,0.625,-7.535,-19.74,-125.038,21.389,5.643,3.923,-13.745,-43.237,388.84,-59.908,11.913,-6.388,-10.77,-18.519,33.802,13.634,0,0
5.24,11.373,0,77.8,149.792,-136.231,5,15,10,1,0,10.234,-6.79,-12.157,-22.763,21.802,20.061,6.96,-0.244,-10.466,-30.046,-125.74,16.992,5.614,3.298,-12.732,-49.282,-254.122,-48.977,7.772,-3.387,-12.528,20.107,68.015,9.71,0,0
4.979,9.842,0,78.832,103.237,-153.111,5,15,10,1,0,2.879,1.856,-13.896,-44.443,13.359,21.618,9.501,1.571,-9.554,-37.344,-129.786,17.634,2.893,3.072,-20.065,-68.824,354.443,4.58,7.216,-2.098,-14.715,44.718,103.542,2.198,0,0
4.681,8.407,0,79.576,74.364,-143.498,5,15,10,1,0,8.459,-3.652,-11.946,-60.718,13.832,16.901,9.326,2.338,-7.707,-52.321,-126.427,18.015,1.868,3.488,-21.033,-53.252,-304.061,453.863,5.544,-1.387,-15.551,72.229,116.656,-1.282,0,0
4.344,7.026,0,80.103,52.769,-138.119,5,15,10,1,0,6.249,-0.702,-14.116,-59.176,7.038,20.198,10.466,3.401,-6.716,-72.992,-122.336,18.962,1.523,0.117,-15.898,-10.947,166.992,14.412,4.251,0.081,-15.247,76.351,133.16,-4.443,0,0
3.968,5.895,0,80.301,19.718,-113.137,5,15,10,1,0,7.19,-3.324,-11.685,-64.58,1.847,18.504,12.116,2.805,-7.748,-102.122,-112.504,18.275,1.892,5.213,-20.932,7.053,322.26,72.977,4.893,-0.101,-13.501,66.718,154.733,-4.58,0,0
3.555,4.847,0,80.243,-5.802,-104.759,5,15,10,1,0,8.234,-4.819,-12.72,-44.305,9.603,21.863,11.043,0.75,-8.684,-116.656,-109.939,18.901,3.937,1.382,-13.419,18.595,157.069,2.504,3.102,-5.156,-15.86,69.359,172.076,3.298,0,0
3.103,3.862,0,80.243,-0,-98.511,5,15,10,1,0,4.39,-2.402,-14.243,-35.985,3.42,23.023,11.525,-0.117,-9.899,-117.023,-105.13,15.817,3.909,4.301,-13.175,24.092,301.863,38.321,7.892,-0.874,-13.513,74.321,189.237,21.344,0,0
2.612,3.042,0,79.982,-26.047,-81.963,5,15,10,1,0,7.573,-4.433,-14.569,-35.176,0.718,18.305,11.142,-4.244,-10.033,-114.366,-100.489,15.191,0.249,5.382,-17.292,28.336,289.344,4.183,9.444,-3.588,-13.249,42.718,224.962,24.473,0,0
2.084,2.354,0,79.378,-60.379,-68.859,5,15,10,1,0,8.821,-5.298,-13.352,-23.099,-0.046,15.557,11.218,-5.08,-10.778,-99.817,-95.237,18.214,0.177,5.748,-16.006,23.939,277.237,-3.206,9.053,0.529,-12.821,29.893,237.695,30.015,0,0
1.517,1.749,0,78.459,-91.953,-60.436,5,15,10,1,0,8.751,-7.211,-12.222,-16.473,-7.679,12.29,10.873,-4.246,-10.773,-77.496,-92.443,20.809,-0.922,7.614,-16.286,4.565,126.947,-4.718,8.766,0.069,-15.63,-6.031,261.618,35.206,0,0
0.912,1.273,0,77.18,-127.842,-47.665,5,15,10,1,0,7.001,-4.939,-13.788,-12.702,-9.634,8.504,8.785,-4.692,-11.621,-56.031,-89.069,18.198,-1.509,7.281,-15.56,-12.977,114.733,-6.031,7.75,0.043,-16.142,-26.031,270.504,44.733,0,0
0.268,0.966,0,75.606,-157.471,-30.693,5,15,10,1,0,4.572,-9.285,-12.466,1.71,-20.336,4.931,11.501,-3.777,-7.99,-28.779,-76.198,15.679,-0.663,7.643,-14.08,-27.42,189.969,-13.924,6.938,1.372,-16.305,-40.992,277.634,55.557,0,0
0,0.867,0,73.768,-183.792,-9.888,5,15,10,1,0,5.64,-8.327,-11.237,19.359,-27.527,1.405,11.513,-4.323,-9.793,-22.061,-70,15.282,-3.411,6.675,-15.884,-45.221,173.206,-7.267,8.799,0.158,-16.02,-57.588,288.809,63.511,0,0
0,0.834,0,71.659,-210.915,-3.296,5,15,10,1,0,4.483,-6.117,-12.55,31.405,-28.458,3.298,9.01,-4.771,-10.21,4.672,-71.42,9.588,-4.134,6.394,-29.555,-398.29,-422.351,6.351,5.851,0.501,-16.02,-57.893,290.992,71.267,0,0
0,0.625,0,69.293,-236.573,-20.863,5,15,10,1,0,10.217,-6.558,-9.853,44.947,-22.489,2.901,5.36,-6.368,-11.084,29.908,-80.595,8.351,-3.878,6.718,-15.623,-64.763,59.878,2.565,5.616,-2.179,-16.672,-59.084,299.389,76.931,0,0
0,0.072,0,66.74,-255.272,-55.298,5,15,10,1,0,6.076,-2.007,-12.004,29.176,-23.328,3.435,6.936,-2.524,-9.664,56.275,-98.534,1.863,-5.401,6.258,-15.551,-76.214,47.252,-1.099,9.003,4.148,-12.598,-50.473,301.954,84.275,0,0
0,-0.693,0,64.06,-268.044,-76.573,5,15,10,1,0,6.649,-2.048,-10.878,5.13,-21.573,1.573,8.471,-0.249,-8.562,54.809,-109.359,-0.55,-4.618,5.7,-14.626,-90.992,63.328,29.74,5.441,-1.049,-18.652,-20.977,292.519,84.198,0,0
0,-1.598,0,61.36,-269.944,-90.5,5,15,10,1,0,7.255,-2.488,-11.652,-10.489,-17.969,1.954,10.746,2.824,-9.091,36.015,-107.756,-2.595,-4.467,4.341,-22.815,-213.038,39.481,18.137,6.761,-3.449,-22.609,-9.496,293.939,78.855,0,0
0,-2.572,0,58.65,-271.02,-97.332,5,15,10,1,0,8.019,-2.864,-11.441,-22.305,-17.679,1.802,10.615,2.728,-8.96,7.588,-104.962,0.885,-4.761,5.995,-15.144,-120.183,27.603,40.916,7.815,3.401,-18.272,-14.977,285.618,75.221,0,0
0,-3.462,0,55.959,-269.154,-89.024,5,15,10,1,0,7.096,-2.627,-10.849,-40.626,-23.786,1.053,12.421,3.856,-8.052,-21.374,-96.336,3.13,-3.77,1.235,-42.478,93.924,96.977,88.183,10.368,2.191,-20.142,-9.542,277.45,70.305,0,0
0,-4.238,0,53.259,-269.909,-77.625,5,15,10,1,0,7.084,-4.919,-10.081,-45.252,-25.847,-0.198,12.837,1.083,-7.365,-49.13,-88.214,5.053,-3.07,2.621,-13.834,-201.74,9.649,73.649,9.171,3.425,-21.014,-13.206,257.16,65.191,0,0
0,-4.857,0,50.609,-265.091,-61.936,5,15,10,1,0,6.16,-5.312,-10.79,-47.832,-35.664,-0.565,13.802,1.602,-8.093,-65.13,-77.771,12.321,-1.772,5.853,-9.245,-161.71,32.489,225.954,8.074,3.751,-21.416,-14.519,240.931,59.496,0,0
0,-5.348,0,48.067,-254.139,-49.084,5,15,10,1,0,6.479,-5.758,-11.216,-40.779,-41.725,-0.916,12.342,-0.28,-7.367,-68.748,-76.031,19.374,-1.926,3.032,-5.748,-100.168,-15.389,122.626,5.724,3.406,-22.501,-12.489,211.939,52.214,0,0
0,-5.67,0,45.741,-232.567,-32.192,5,15,10,1,0,5.94,-5.303,-11.024,-39.42,-53.099,-1.939,11.637,-1.77,-6.651,-65.115,-71.664,22.824,-2.098,1.38,3.65,-148.534,-99.176,442.87,5.425,2.553,-21.828,-1.557,180.076,40.885,0,0
0,-5.835,0,43.603,-213.856,-16.457,5,15,10,0,0,5.106,-5.281,-11.161,-30.244,-67.74,-3.618,13.247,-2.496,-6.107,-62.779,-65.908,26.58,-4.905,0.92,-6.227,12.168,-109.435,167.084,6.797,2.493,-23.047,10.809,153.359,25.924,0,0
0,-5.747,0,41.83,-177.281,8.743,5,15,10,0,0,10.744,-10.224,-7.585,-12.015,-76.321,-7.053,8.787,-1.413,-8.612,-53.206,-64.168,33.511,-1.973,2.084,-4.776,1.511,-128.244,68.153,4.064,4.701,-22.276,32.366,109.191,13.664,0,0
0,-5.769,0,40.416,-141.358,-2.14,5,15,10,0,0,7.542,-3.509,-11.669,-9.176,-81.115,-2.733,8.366,-1.94,-8.385,-45.908,-67.42,20.947,-1.42,1.705,-4.737,31.16,-175.878,103.573,3.006,5.904,-22.757,50.931,61.328,0.519,0,0
0,-5.725,0,39.373,-104.382,4.372,5,15,10,0,0,7.681,-2.582,-12.212,-17.649,-81.374,-7.832,10.505,-1.324,-9.147,-47.221,-68.992,12.687,5.085,2.989,-2.05,40.733,-52.031,4.824,6.601,0.144,-23.565,70.183,30.794,3.008,0,0
0,-5.634,0,38.751,-62.199,9.121,5,15,10,0,0,7.894,-2.024,-14.023,-31.038,-87.221,-14,13.759,0.651,-9.283,-57.481,-64.565,6.901,2.165,3.851,-5.935,40.29,-54.901,13.191,10.502,10.033,-21.297,62.687,-2.29,-3.313,0,0
0,-5.238,0,38.388,-36.289,39.62,5,15,10,0,0,11.041,-2.038,-13.276,-43.771,-92.84,-19.298,16.233,-0.824,-10.711,-77.267,-47.099,4.641,1.799,5.624,-5.616,32.26,-184.183,-220.58,3.305,5.379,-33.442,57.45,-43.313,-7.954,0,0
0,-4.623,0,38.539,15.072,61.512,5,15,10,0,0,8.308,-5.652,-11.439,-39.008,-101.481,-24.137,14.327,-0.139,-11.391,-92.489,-36.916,14.885,-3.221,9.652,-11.518,9.389,-248.931,-151.45,4.761,9.372,-30.58,17.786,-104.412,-7.954,0,0
0,-3.857,0,39.077,53.822,76.527,5,15,10,0,0,11,-4.402,-10.229,-46.901,-101.511,-25.466,12.219,-1.473,-11.194,-93.817,-29.298,17.573,1.933,2.224,-11.257,-2.397,-267.618,-285.557,5.145,3.552,-17.153,-16.336,-144.687,-3.023,0,0
0,-3.059,0,40.039,96.268,79.811,5,15,10,0,1,10.552,-3.317,-10.591,-61.985,-104.443,-27.725,13.666,-2.019,-10.737,-88.26,-24.58,10.977,3.952,6.123,-18.111,-50.519,-281.176,-241.282,15.113,6.699,4.546,-52.458,-114.458,8.916,0,1
0,-2.213,0,40.868,82.821,84.583,5,5,10,0,1,11.824,-3.619,-10.423,-71.649,-109.023,-31.908,13.323,-1.509,-9.012,-79.344,-17.237,5.71,4.613,24.397,-22.997,-122.702,-280.992,-250.565,5.765,-6.194,1.832,-69.405,-89.771,5.893,0,0
0,-1.364,0.666,41.406,53.799,84.961,5,5,10,0,1,11.827,-4.141,-10.32,-69.954,-108.214,-35.16,15.513,-3.238,-9.901,-78.366,-11.481,-1.924,6.447,5.438,-17.053,-177.634,-183.282,-291.603,12.742,-6.38,-4.345,-72.137,-60.382,0.702,0,0
0,-0.452,1.293,41.753,34.767,91.221,5,5,10,0,1,13.364,-3.296,-11.376,-70.229,-108.595,-39.786,15.216,-2.35,-9.242,-70.427,-5.756,-9.908,6.78,6.383,-11.769,-92.687,-88.931,-143.939,8.126,-1.509,-17.544,-63.878,-78.885,-10.855,0,0
0,0.519,1.881,42.577,82.386,97.012,5,5,10,0,1,12.349,-2.654,-9.417,-63.817,-113.252,-41.771,16.083,-1.494,-9.621,-59.42,2.794,-14.794,1.429,-6.965,11.64,-192.626,-369.863,-281.893,6.553,-0.98,-22.59,-39.679,-131.267,-18.611,0,0
0,1.683,2.429,44.035,145.809,116.432,15,5,10,0,1,10.243,-2.773,-9.18,-53.42,-125.802,-43.13,16.451,0.565,-8.586,-44.092,13.496,-15.618,-1.346,-0.625,-5.901,-118.947,-123.008,357.008,7.496,9.99,-15.386,-68.275,-153.145,-25.771,0,0
0,3.001,2.939,45.419,138.417,131.836,15,5,10,0,1,8.783,-1.787,-10.531,-38.885,-127.649,-44.244,15.752,-0.637,-6.462,-33.649,18.046,-17.695,-0.901,3.549,-10.873,-59.252,-229.527,-396.947,12.26,7.968,-13.946,-122.366,-117.282,-26.702,0,0
0,4.54,3.409,46.122,70.255,153.82,15,5,10,0,1,13.347,-2.287,-9.429,-26.55,-134.656,-45.618,15.35,1.396,-7.017,-17.542,27.878,-18.458,4.345,11.289,-29.966,-150.244,348.672,-200.794,15.125,0.235,-12.119,-120.183,-75.053,-16.672,0,0
0,6.356,3.84,46.042,-7.977,181.698,15,5,10,0,1,10.529,-5.815,-7.408,-4.458,-149.206,-48.885,17.56,0.168,-4.345,-9.649,47.542,-17.954,6.742,1.049,-14.332,-26.947,-110.473,-48.901,9.321,-17.009,-22.017,-44.656,-58.153,-8.885,0,0
0,8.579,4.232,45.548,-49.461,222.233,15,5,10,0,1,15.886,-1.911,-10.428,1.481,-155.145,-51.466,13.568,-1.839,-6.349,-11.084,67.496,-15.435,3.854,-2.038,-15.759,-31.954,-257.664,-59.664,8.165,-10.267,-20.034,10.748,-57.42,-18.107,0,0
0,11.07,4.584,44.697,-85.018,249.081,15,5,10,0,1,12.746,-1.832,-9.295,16.061,-160.534,-51.679,18.19,-0.079,-3.422,-11.466,89.603,-28.641,4.584,1.475,-13.956,-7.908,-141.435,-20.351,12.138,-4.534,-17.06,32.733,-31.71,-33.008,0,0
0,13.768,4.898,43.193,-150.433,269.841,15,5,10,0,1,16.341,-7.123,-2.249,14.794,-163.756,-48.702,16.95,1.614,-5.171,-1.313,117.389,-27.771,4.838,8.598,-12.665,14.336,-183.893,-4.641,12.696,-5.604,-18.983,30.061,13.588,-31.542,0,0
0,16.745,5.172,41.007,-218.628,297.73,15,5,10,0,1,12.176,-6.771,-10.473,6.565,-168.412,-39.618,18.238,0.424,-5.166,8.916,149.573,-33.527,3.149,2.117,-16.825,20.076,-360.916,5.74,7.789,-4.474,-16.15,56.427,38.29,-18.076,0,0
0,20.111,5.407,38.26,-274.693,336.571,15,5,10,0,1,8.234,-5.801,-17.388,14.733,-184.305,-37.069,20.334,-4.663,-5.106,12.809,176.58,-24.672,-0.666,-0.374,-19.438,52.595,224.244,15.756,16.09,-7.937,-16.43,77.618,60.916,-13.603,0,0
0,24.139,5.603,34.923,-333.642,402.81,15,5,10,0,1,7.178,-11.851,-15.606,44.901,-208.947,-41.16,16.784,-4.117,-8.347,25.42,194.412,-10.153,-0.151,1.209,-14.059,61.802,-208.244,21.527,1.708,-14.102,-16.959,111.053,50.504,-22.916,0,0
0,28.511,5.76,31.459,-346.402,437.234,15,5,10,0,1,14.466,-14.789,-14.507,79.786,-210.626,-47.359,16.837,-7.173,-11.405,56.809,218.611,12.718,-1.26,1.209,-13.86,62.641,-422.748,-374.229,9.851,-9.942,-10.84,149.664,41.725,-31.985,0,0
0,33.291,5.878,27.907,-355.225,477.952,15,5,10,0,1,10.267,-3.456,-22.128,107.237,-220.702,-48.84,10.318,-6.553,-13.177,81.267,224.702,34.656,-1.538,0.081,-15.225,69.099,-223.206,83.786,8.313,-8.763,-18.88,166.107,34.031,-30.763,0,0
0,38.209,5.956,24.648,-325.951,491.799,15,5,10,0,1,13.278,-6.752,-22.434,124.763,-227.939,-55.802,12.502,-4.316,-13.288,95.481,236.824,50.702,4.153,1.932,-14.538,156.779,174.84,85.679,7.932,-1.13,-15.728,154.153,16.244,-23.145,0,0
0,43.435,5.995,21.978,-266.991,522.595,15,5,10,0,1,8.205,-13.75,-19.989,128.031,-237.053,-49.847,13.065,7.46,-15.422,95.969,245.832,79.038,7.669,1.274,-11.822,78.336,-363.359,29.863,9.896,7.477,-12.418,120.84,2.351,-20.55,0,0
0,48.609,5.995,19.891,-208.706,517.446,15,5,10,0,1,8.543,-9.949,-22.398,176.687,-239.267,-55.069,-2.084,-3.176,-22.583,90.595,233.939,118.489,7.161,3.53,-15.069,103.13,-163.603,7.786,9.69,9.338,-10.861,86.916,4.382,-24.809,0,0
0,53.809,5.956,18.184,-170.689,520.009,15,5,10,0,1,16.521,-11.956,-14.145,228.702,-192.137,-41.206,14.634,4.84,-16.116,74.595,240.137,112.519,6.021,8.856,-33.406,-142.076,-183.588,-131.664,10.778,5.427,-10.184,49.145,6.534,-25.969,0,0
0,58.333,5.878,16.727,-145.706,452.306,15,5,10,0,1,25.507,-1.935,-11.795,216.046,-161.939,-37.069,16.004,-2.747,-20.966,57.588,251.771,128.702,4.855,3.033,-20.271,193.939,421.42,-58.443,9.798,3.686,-10.857,43.802,12.26,-22.244,0,0
0,62.093,5.76,15.353,-137.387,376.054,15,5,10,0,1,9.544,-0.366,-13.958,176.061,-108.168,-27.863,14.363,1.538,-14.698,54.763,244.84,111.496,2.62,2.791,-32.524,-294.153,408.901,362.015,11.005,5.633,-9.338,34.84,17.282,-21.16,0,0
0,65.177,5.603,13.892,-146.096,308.407,15,5,10,0,1,10.349,1.813,-12.603,124.122,-71.847,-13.939,10.119,-0.572,-11.939,42.427,220.29,83.588,3.545,2.789,-17.091,162.122,-289.42,-37.893,10.265,0.333,-11.235,47.191,18.031,-16.214,0,0
0,67.755,5.407,12.493,-139.859,257.824,15,5,10,0,1,6.457,3.88,-14.782,55.511,-44.916,-3.313,13.379,0,-9.077,40.748,199.053,53.359,3.502,9.543,-17.024,137.328,443.527,-89.893,11.319,4.819,-7.928,58.687,18.168,-8.794,0,0
0,69.751,5.172,11.08,-141.335,199.562,15,5,10,0,1,6.354,2.455,-15.982,17.679,-8.473,9.053,11.575,-0.072,-11.276,36.656,180.061,25.221,3.643,8.818,-14.111,73.817,-139.344,-17.389,10.009,3.973,-8.565,55.649,18.366,-9.069,0,0
0,71.322,4.898,9.622,-145.809,157.105,15,5,10,0,1,6.184,-1.284,-14.677,-14.458,18.137,22,10.466,0.575,-11.482,37.969,166.931,2.87,3.693,7.599,-12.993,71.069,-137.603,-16.046,6.543,0.122,-11.225,64.534,13.817,-7.084,0,0
0,72.553,4.584,8.311,-131.058,123.059,15,5,10,0,1,6.5,-1.126,-14.794,-16.962,22.748,22.947,11.987,0.874,-10.418,32.26,166.641,-22.58,1.248,7.156,-14.315,68.168,469.908,-70.595,8.114,1.186,-10.569,58.55,10.55,-3.71,0,0
0,73.567,4.232,7.194,-111.695,101.395,15,5,10,0,1,3.015,-0.029,-17.623,-73.267,67.099,33.221,11.858,1.308,-11.882,28.504,168.382,-36.382,3.559,5.373,-32.132,-428.229,64.962,-105.16,9.388,2.474,-9.432,48.565,6.901,-2.87,0,0
0,74.362,3.84,6.316,-87.868,79.491,15,5,10,0,0,1.89,-0.534,-17.776,-85.939,85.817,38.779,11.582,0.635,-11.86,22.656,169.313,-44.198,6.055,5.477,-12.411,76.214,-112.565,-14.779,10.253,2.991,-10.318,32.55,-2.55,-3.771,0,0
0,74.915,3.409,5.678,-63.721,55.309,15,5,10,0,0,1.729,-0.944,-16.894,-87.282,104.092,45.679,11.47,0.362,-10.761,14.534,164.534,-48.656,3.806,8.288,-15.055,131.099,-365.511,-26.015,8.902,4.105,-7.195,10.687,-2.718,-6.962,0,0
0,75.255,2.939,5.095,-58.296,34.058,15,5,10,0,0,1.796,0.601,-17.036,-86.931,121.176,49.588,10.107,0.733,-11.271,4.168,156.382,-49.74,4.754,5.671,-12.78,63.298,-79.847,-4.687,11.122,2.11,-7.832,3.405,-5.969,-7.542,0,0
0,75.438,2.429,4.678,-41.76,18.288,15,5,10,0,0,3.707,-1.377,-15.443,-81.695,142.427,49.359,9.096,0.92,-11.247,-10.733,151.45,-46.763,6.316,6.797,-10.136,50.366,-133.221,2.015,7.269,1.978,-7.614,6.84,-24.29,-7.099,0,0
0,75.387,1.881,4.517,-16.102,-5.127,15,5,10,0,0,3.49,-0.539,-15.563,-68.427,164.87,47.603,10.394,-0.199,-11.757,-15.832,153.328,-45.359,6.452,7.587,-10.631,44.29,-250.015,8.061,7.48,1.866,-7.729,11.985,-33.206,-6.901,0,0
0,75.248,1.293,4.568,5.138,-13.905,15,5,10,0,0,0.908,-0.28,-18.293,-66.244,173.939,35.954,13.683,1.037,-10.572,-29.511,163.985,-32.092,2.603,8.835,-13.113,34.519,-120.489,8.855,10.267,4.469,-6.565,-3.542,-32.473,-5.924,0,0
0,75.043,0.666,4.634,6.592,-20.508,15,5,10,0,0,5.394,-6.426,-15.778,-13.221,202.366,35.252,8.236,-1.102,-14.116,-26.809,162.137,-14.58,2.97,9.501,-13.879,21.542,-117.618,9.588,8.373,2.345,-9.501,-10.076,-37.466,-8.061,0,0
0,74.534,0,4.884,24.96,-50.903,15,5,10,0,0,1.166,-5.13,-18.777,16.916,215.374,30.061,7.274,-1.475,-12.409,-7.908,158.519,-1.817,2.472,9.755,-13.338,10.092,-138.397,-22.046,11.659,3.367,-5.626,-13.084,-59.099,-7.618,0,0
0,73.808,0,5.172,28.862,-72.533,15,5,10,0,0,-0.747,-2.055,-19.464,48.718,228.489,18.855,6.73,-3.14,-12.023,5.42,146.733,14.168,1.554,10.574,-14.811,-11.603,-48.168,-2.366,8.833,3.906,-7.741,-31.588,-46.641,-7.42,0,0
0,72.871,0,5.301,12.875,-93.716,15,5,10,0,0,2.57,-2.199,-19.036,67.603,241.863,6.779,5.267,-3.003,-13.187,23.298,133.817,24.611,0.192,8.283,-21.215,-51.649,-115.069,-45.435,15.992,1.866,-6.543,-35.42,-43.206,-4.626,0,0
0,71.79,0,5.275,-2.586,-108.078,15,5,10,0,0,2.316,-3.839,-17.759,77.221,249.115,-3.756,5.624,-3.497,-11.264,41.863,125.603,30.931,1.688,7.229,-19.242,-75.954,-223.038,-32.183,10.301,0.587,-9.525,-20.168,-51.481,-4.473,0,0
0,70.527,0,5.275,-0,-126.343,15,5,10,0,0,3.267,-2.218,-18.509,79.649,259.863,-11.74,4.723,-4.371,-11.918,62.183,111.328,32.855,2.132,5.697,-18.796,-132.962,-231.344,-30.29,8.854,1.183,-9.858,-10.427,-54.443,-3.252,0,0
0,69.066,0,5.275,-0,-146.107,15,5,10,0,0,3.684,-0.893,-18.897,73.206,268.229,-19.71,3.784,-3.997,-12.023,85.115,95.115,32.611,2.493,4.481,-14.061,-22.748,-56.992,-8.504,9.326,0.388,-9.659,-2.687,-54.366,-2.168,0,0
0,67.459,0,5.275,-0,-160.733,15,5,10,0,0,3.557,-2.429,-18.446,59.954,273.664,-27.145,4.048,-3.03,-12.473,103.13,84.305,27.985,2.618,3.758,-13.884,-5.71,-55.679,-8.366,9.82,-0.175,-9.336,7.069,-52.794,0.443,0,0
0,65.628,0,5.275,-0,-183.094,15,5,10,0,0,4.289,-2.565,-18.183,46.855,278.962,-33.099,5.133,-3.116,-11.961,121.191,71.008,19.908,2.417,3.822,-13.91,11.496,-54.55,-7.603,9.573,-0.24,-9.798,16.458,-51.115,2.504,0,0
0,63.683,0,5.275,-0,-194.47,15,5,10,0,0,4.167,-1.985,-19.232,29.756,279.206,-34.84,5.322,-1.681,-12.468,132.931,60.412,10.55,2.321,4.088,-14.262,22.733,-212.656,-21.252,9.587,-0.151,-10.382,22.901,-52.122,3.969,0,0
0,61.548,0,5.279,0.355,-213.536,15,5,10,0,0,5.865,-1.334,-21.275,26.29,286.916,-31.588,3.226,-0.156,-13.666,140.29,46.321,-4.031,2.778,4.383,-14.614,32.153,-51.771,-1.847,10.093,-0.393,-10.437,31.588,-52.992,5.435,0,0
0,59.328,0,5.283,0.378,-221.936,15,5,10,0,0,4.175,-1.157,-23.802,21.435,284.718,-30.824,4.891,0.891,-10.993,133.756,42.672,-23.802,3.061,4.819,-14.82,38.641,-51.573,1.374,10.339,0.031,-10.26,36.733,-52.595,7.893,0,0
0,56.978,0,5.283,-0,-235.039,15,5,10,0,0,-1.394,-1.483,-25.718,20.58,268.901,-30.168,7.908,2.596,-7.25,106.809,36.641,-38.366,2.927,11.203,-29.995,318.275,156.824,6.84,10.38,0.529,-10.093,37.252,-52.443,9.466,0,0
0,54.608,0,5.286,0.355,-236.962,15,5,10,0,0,3.039,-5.161,-23.567,21.664,261.802,-28.183,4.251,3.66,-7.504,70.947,22.641,-37.45,3.492,6.268,-14.835,40.962,-55.221,1.008,10.296,0.807,-10.181,35.771,-54.687,10.458,0,0
0,52.26,0,5.286,-0,-234.776,15,5,10,0,0,1.923,-2.941,-25.866,10.748,243.237,-24.779,3.892,2.857,-7.293,37.618,6.992,-34.672,3.609,5.549,-14.262,36.809,-59.038,-6.351,10.392,0.929,-9.954,34.519,-58.366,9.13,0,0
0,50.016,0,5.286,-0,-224.431,15,5,10,0,0,1.114,-4.095,-26.233,5.863,221.817,-19.649,4.665,1.72,-5.894,20.504,-8.244,-31.252,3.475,6.755,-18.226,63.649,-128.046,-12.824,11.082,0.177,-9.547,35.496,-62.595,9.023,0,0
0,47.877,0,5.29,0.401,-213.902,15,5,10,0,0,1.365,-5.137,-26.13,-6.107,189.756,-16.198,4.021,0.944,-4.951,16,-22.992,-20.198,5.156,6.723,-13.45,15.435,-126.58,-4.763,11.669,1.162,-9.024,34.977,-63.008,11.832,0,0
0,45.944,0,5.301,1.099,-193.337,15,5,10,0,0,0.601,-4.222,-28.058,-19.847,157.038,-8.87,4.881,0.168,-3.082,16.168,-37.695,-21.405,5.188,6.148,-12.969,17.038,-61.206,-0.748,11.671,1.305,-9.161,30.092,-65.389,13.282,0,0
0,44.178,0,5.363,6.168,-176.571,15,5,10,0,0,0.034,-4.61,-27.603,-33.969,117.481,-3.496,2.958,2.63,-5.207,17.008,-52.443,-19.481,5.772,5.228,-13.038,14.962,-58.626,6.443,8.909,-0.582,-12.064,32.733,-74.183,12.962,0,0
0,42.651,0,5.675,31.197,-152.687,15,5,10,0,0,-0.129,-6.103,-26.978,-36.885,80.611,4.489,3.205,1.648,-5.063,16.748,-65.542,-16.885,3.425,8.179,-14.487,15.618,-48.763,11.878,8.665,2.819,-9.317,25.191,-82.641,12.626,0,0
0,41.296,0,6.18,50.526,-135.475,15,5,10,0,0,-0.501,-5.956,-26.649,-37.221,44.87,12,4.222,1.183,-4.014,15.573,-78.473,-11.832,7.046,7.779,-12.821,13.847,-36.061,3.557,10.287,1.82,-11.158,12.534,-96.626,11.786,0,0
0,40.22,0,6.854,67.36,-107.632,15,5,10,0,0,4.766,-4.019,-25.035,-33.985,25.527,5.573,11.846,0.196,-1.65,3.16,-75.45,-14.534,4.536,8.452,-14.607,10.29,-35.359,0.55,13.994,1.981,-8.797,-3.496,-93.634,11.557,0,0
0,39.363,0,7.542,68.836,-85.751,15,5,10,0,0,1.277,-3.288,-31.063,-44.641,-22.489,-2.565,10.749,-0.678,-2.266,20.305,-76.626,6.076,7.956,5.738,-11.767,6.015,-32.733,1.344,11.661,-0.666,-11.901,-5.511,-96.794,10.458,0,0
0,38.875,0,8.377,83.462,-48.729,15,5,10,0,0,-10.646,-1.099,-39.554,-28.229,-73.145,-4.534,8.689,0.477,-2.958,21.496,-80.26,14.046,6.222,4.409,-12.433,7.542,-26.58,-1.298,13.362,0.057,-5.798,-5.893,-112.733,13.16,0,0
0,38.832,0,9.234,85.751,-4.372,15,5,10,0,0,1.456,-6.225,-24.312,2.015,-113.969,-12.489,7.856,-2.642,-6.407,27.664,-91.802,29.389,7.451,4.491,-9.561,11.908,-21.344,2.702,11.429,-1.964,-8.943,4.58,-114.351,15.359,0,0
0,39.059,0,10.149,91.507,22.728,15,5,10,1,0,8.512,-5.492,-6.011,7.832,-111.969,-23.679,15.261,-4.915,-6.627,40.733,-78.336,47.649,5.171,4.551,-10.773,22.122,-30.809,12.58,14.004,-0.479,-6.182,8.443,-113.405,16.443,1,0
0,39.348,0,11.142,99.232,28.965,5,5,10,1,0,14.02,-10.181,-1.497,34.702,-75.115,-21.634,16.77,-4.086,-8.653,55.008,-53.252,60.565,7.822,10.706,-8.191,60.046,-1.893,44.641,15.46,-1.126,-5.796,17.038,-127.344,19.053,0,0
0.67,39.707,0,12.153,101.12,35.82,5,15,10,1,0,16.72,-11.568,-0.774,40.458,-67.71,-21.16,15.443,-2.026,-8.311,69.053,-30.824,70.748,11.637,5.59,-9.065,37.924,12.916,13.313,13.601,-0.402,-7.017,32.122,-135.176,20.916,0,0
1.3,40.407,0,13.434,128.174,70.015,5,15,10,1,0,6.752,-0.017,-11.13,49.13,-72.336,-10.153,14.317,1.427,-3.319,60.58,-12.427,89.069,12.478,6.088,-7.762,27.389,20.458,7.267,16.502,0.91,-4.282,32.015,-145.084,18.031,0,0
1.891,41.505,0,14.932,149.735,109.818,5,15,10,1,0,5.106,-5.707,-23.308,54.336,-89.099,-11.527,3.42,2.299,-5.073,48.046,-19.466,99.038,7.702,8.924,-5.638,41.832,76.565,164.397,17.354,2.251,-3.43,21.908,-149.282,12.336,0,0
2.442,42.75,0,16.664,173.207,124.512,5,15,10,1,0,0.989,-4.093,-26.949,69.924,-115.771,-2.885,1.36,-3.597,-8.327,33.695,-50,89.603,14.399,4.349,-5.101,12,66.382,9.634,15.536,1.111,-3.121,8.412,-155.756,10.137,0,0
2.953,43.614,0,18.73,206.566,86.426,5,15,10,1,0,7.707,-0.35,-23.33,84.809,-98.092,-6.412,10.387,-2.56,-8.339,38.565,-73.679,68.031,12.375,3.655,-5.688,11.206,88.458,9.588,16.562,0.244,-3.437,3.756,-160.687,8.427,0,0
3.424,43.691,0,21.242,251.244,7.69,5,15,10,1,0,11.585,-0.316,-17.9,83.71,-57.252,-9.099,12.502,-0.788,-14.499,37.435,-95.603,37.267,9.626,5.087,-2.625,20.458,470.977,43.969,15.97,0.041,-3.056,-4.305,-161.115,8.626,0,0
3.857,42.904,0,24.069,282.727,-78.736,5,15,10,1,0,14.162,1.696,-16.631,57.115,-26.489,1.939,11.831,0.386,-15.651,30.122,-119.511,23.511,9.59,6.725,-5.803,11.695,133.252,2.962,19.682,2.584,-0.805,-25.74,-161.008,5.389,0,0
4.249,41.311,0,27.087,301.736,-159.268,5,15,10,1,0,12.145,2.905,-16.957,12,3.405,20.595,14.073,2.805,-14.02,15.71,-147.511,9.985,9.106,8.241,-7.858,3.786,165.649,6.87,16.729,4.867,-4.127,-35.908,-155.496,7.771,0,0
4.602,39.026,0,30.273,318.627,-228.55,5,15,10,1,0,7.228,8.026,-19.263,-35.13,25.71,33.908,12.591,4.1,-12.416,12.26,-174.901,-7.221,9.06,9.781,-9.753,-13.466,184.55,4.718,14.895,2.29,-12.047,-31.664,-156.733,10.244,0,0
4.915,36.195,0,33.741,346.791,-283.047,5,15,10,1,0,13.609,2.036,-18.624,-96.733,60.626,37.695,11.403,6.972,-14.83,6.962,-190.702,-10.458,7.808,10.121,-13.46,-55.847,382.214,-23.573,15.17,1.322,-19.448,-34.916,-165.13,5.756,0,0
5.188,33.06,0,37.509,376.855,-313.489,5,15,10,1,0,4.876,5.008,-18.08,-143.359,60.198,49.267,13.922,3.042,-13.91,-33.038,-204.58,-24.519,5.997,9.963,-15.474,-80.626,193.45,-33.985,15.165,5.022,-19.733,-64.031,-185.221,6.244,0,0
5.422,29.489,0,41.662,415.273,-357.114,5,15,10,1,0,8.581,1.756,-13.968,-172.977,78.901,48.076,13.101,4.139,-11.798,-61.74,-217.802,-25.053,7.065,19.671,-38.512,103.099,477.542,-493.924,13.843,8.96,-16.245,-108.733,-200.305,4.809,0,0
5.616,25.689,0,46.017,435.449,-380.07,5,15,10,1,0,6.304,5.568,-11.697,-195.252,73.603,55.771,9.278,1.88,-7.235,-72.58,-219.191,-19.053,0.115,9.957,-43.283,-8.046,-285.344,341.496,16.231,9.554,-14.274,-147.42,-199.008,9.603,0,0
5.771,21.693,0,50.495,447.842,-399.537,5,15,10,1,0,5.585,-2.829,-12.222,-207.069,70.87,49.786,9.59,3.573,-6.941,-91.603,-216.336,-11.359,1.825,7.795,-26.714,-274.779,497.115,-140.031,16.542,4.924,-14.497,-171.466,-180.565,10.901,0,0
5.886,18.17,0,54.912,441.663,-352.341,5,15,10,1,0,7.331,-4.167,-16.195,-197.954,49.221,42.29,11.336,2.927,-6.608,-107.145,-200.931,-8.595,7.985,4.098,-19.273,-123.313,256.443,-105.405,15.62,0.292,-16.93,-159.618,-158.885,8.504,0,0
5.961,15.365,0,59.328,441.651,-280.518,5,15,10,1,0,4.869,-9.997,-13.616,-157.71,19.863,35.466,13.85,1.995,-6.649,-128.321,-175.847,-6.031,7.408,3.542,-18.691,-121.496,-492.656,-364.214,14.109,7.123,-16.928,-148.779,-147.679,6.824,0,0
5.997,13.329,0,63.554,422.574,-203.591,5,15,10,1,0,4.701,-8.852,-16.308,-101.649,18.763,33.053,15.211,-2.124,-8.706,-138.84,-148.992,3.954,6.11,2.994,-17.63,-91.176,107.13,-158.382,9.468,5.499,-17.603,-163.374,-124.504,-9.695,0,0
5.993,11.681,0,67.447,389.272,-164.818,5,15,10,1,0,8.033,-12.052,-13.213,-50.595,26.092,32.305,11.321,-8.572,-11.93,-131.099,-139.008,25.817,7.14,3.181,-17.062,-90.504,-488.015,-313.649,14.234,-1.557,-12.636,-138,-95.802,-9.344,0,0
5.949,10.161,0,70.636,318.982,-151.955,5,15,10,1,0,6.799,-6.661,-15.17,-17.344,25.267,30.031,8.9,-10.38,-11.848,-101.191,-146.626,37.618,4.115,3.53,-17.527,-54.718,219.71,-135.542,9.458,-4.733,-12.411,-115.588,-57.511,-8.718,0,0
5.866,8.707,0,73.159,252.308,-145.386,5,15,10,1,0,5.899,-7.008,-15.113,-12.229,21.191,23.466,7.851,-10.09,-10.797,-64.947,-152.214,41.084,6.22,2.723,-14.061,-52.794,408.565,-97.313,8.768,-7.18,-10.701,-68.351,-10.092,-3.206,0,0
5.743,7.136,0,75.068,190.842,-157.105,5,15,10,1,0,5.252,-6.582,-15.192,8.351,20.595,23.832,7.353,-7.405,-10.069,-30.977,-161.863,38.336,6.129,5.446,-13.106,-36.214,377.023,-134.718,8.869,-8.44,-9.487,-7.939,33.145,11.237,0,0
5.581,5.525,0,76.419,135.075,-161.099,5,15,10,1,0,8.905,-3.794,-11.769,-5.405,20.458,18.183,7.322,-3.181,-9.309,-16.351,-158.824,28.427,6.404,3.36,-12.888,-38.198,355.221,-50.626,9.741,-6.946,-10.09,38.733,83.267,21.802,0,0
5.379,3.829,0,77.298,87.902,-169.602,5,15,10,1,0,4.63,-2.785,-13.834,-6.229,26.076,17.542,7.046,0.929,-9.673,-6.366,-158.031,16.015,3.722,7.043,-18.624,-73.985,326.458,8.061,9.271,-3.511,-12.871,66.763,115.084,21.16,0,0
5.137,2.093,0,77.892,59.384,-173.596,5,15,10,1,0,6.126,-1.586,-11.118,-27.084,18.809,12.779,9.99,0.877,-8.169,-20.748,-149.74,8.229,2.759,8.29,-26.422,-265.893,-309.496,250.382,7.015,1.334,-14.14,84.137,131.298,17.023,0,0
4.855,0.427,0,78.235,34.355,-166.581,5,15,10,1,0,7.64,-7.072,-12.298,-21.053,27.588,14.916,8.062,-0.026,-9.757,-30.351,-147.939,5.099,0.944,4.306,-16.257,-17.069,324.702,90.687,9.738,0.857,-16.236,72.779,156.626,12.183,0,0
4.534,-1.275,0,78.341,10.643,-170.254,5,15,10,1,0,7.08,-1.892,-12.088,-20.779,20.122,14.443,11.448,1.875,-9.194,-45.817,-143.313,6.656,0.522,6.461,-34.757,-29.435,-455.084,383.511,6.095,2.017,-14.622,57.16,169.282,11.466,0,0
4.174,-2.825,0,78.283,-5.882,-154.93,5,15,10,1,0,6.78,-5.779,-12.624,-14.687,22.611,15.756,9.587,0.81,-11.961,-57.374,-137.863,4.977,1.779,3.43,-14.418,14.214,157.038,20.931,4.749,-0.616,-14.313,53.176,175.405,17.664,0,0
3.773,-4.33,0,78.059,-22.35,-150.547,5,15,10,1,0,6.268,-0.843,-14.14,-0.931,20,18.885,7.911,-0.917,-12.31,-56.107,-140.275,6.748,0.692,3.66,-15.666,17.557,293.282,44.977,2.182,-4.675,-16.918,34.55,197.298,22.763,0,0
3.333,-5.663,0,77.642,-41.714,-133.278,5,15,10,1,0,7.537,-3.648,-11.355,-6.443,10.977,14.58,10.325,-1.226,-11.11,-47.802,-135.008,7.038,1.394,2.645,-21.459,104.916,-424.305,49.344,7.07,-2.96,-13.688,21.221,217.969,31.099,0,0
2.854,-6.941,0,76.95,-69.214,-127.819,5,15,10,1,0,7.049,-4.852,-11.527,2.794,10.046,16.885,10.737,-1.562,-12.538,-38.534,-128.885,6.015,-0.132,5.037,-16.557,3.634,263.084,38.107,10.524,-2.797,-14.205,5.878,242.977,35.649,0,0
2.335,-8.15,0,75.921,-102.86,-120.861,5,15,10,1,0,5.001,-2.649,-10.938,-2.977,6.351,15.695,10.555,-1.899,-11.039,-24.198,-122.977,6.244,0.014,7.213,25.157,53.985,70.351,399.145,7.542,-1.597,-14.765,6.992,254.046,46.183,0,0
1.776,-9.248,0,74.651,-127.075,-109.875,5,15,10,1,0,5.336,-4.962,-9.091,-17.481,-3.206,12.366,12.598,-1.15,-9.422,-14.458,-112.26,6.336,-0.23,6.9,-15.776,-6.168,118.198,11.038,6.778,-1.106,-16.087,1.481,265.634,54.992,0,0
1.177,-10.087,0,73.156,-149.437,-83.874,5,15,10,1,0,3.878,-3.978,-9.386,-29.664,-12.244,9.069,16.289,-0.582,-7.053,-15.786,-91.16,6.29,-1.336,7.672,22.13,-199.695,-134.229,68.885,6.85,-0.086,-17.108,-13.282,278.107,61.603,0,0
0.539,-10.523,0,71.424,-173.264,-43.545,5,15,10,1,0,5.968,-8.536,-6.495,-34.611,-27.099,1.786,19.428,0.096,-4.845,-25.924,-56.351,9.969,-1.408,6.867,-15.936,-39.878,194.962,14.84,6.531,2.014,-17.45,-19.878,281.893,70.214,0,0
0,-10.515,0,69.468,-195.568,0.721,5,15,10,1,0,3.032,-7.683,-8.471,-30.229,-40.992,-1.267,20.473,-1.447,-3.221,-35.42,-28.611,10.855,-3.648,6.496,-24.947,-104.183,331.237,2.198,6.359,0.431,-17.381,-33.969,292.153,73.74,0,0
0,-10.09,0,67.308,-215.996,42.538,5,15,10,1,0,7.511,-10.272,-6.162,-11.023,-47.893,-6.58,14.887,-4.747,-3.981,-39.802,-13.13,13.893,-1.815,5.846,-15.141,-64.794,75.267,-1.573,7.111,3.422,-15.103,-34.916,290.061,78.84,0,0
0,-9.604,0,64.983,-232.521,48.626,5,15,10,1,0,6.474,-6.783,-8.701,4.29,-50.473,-5.786,9.29,-6.981,-4.927,-21.756,-26.031,16.244,-3.305,3.472,-34.814,363.481,444.076,-7.328,5.813,0.604,-16.945,-31.084,293.511,80.733,0,0
0,-9.211,0,62.529,-245.385,39.253,5,15,10,1,0,5.94,-5.973,-8.407,6.794,-59.588,-8.26,6.728,-4.383,-5.676,0.519,-43.71,18.626,-6.129,6.162,-17.831,-107.725,168.229,-10.87,8.718,0.208,-17.726,-28.55,295.557,80.351,0,0
0,-8.926,0,60.06,-246.861,28.553,5,15,10,1,0,7.585,-3.058,-11.18,4.366,-62.336,-8.58,8.011,-2.057,-7.199,11.115,-56.382,13.695,-1.425,5.008,-14.169,-114.779,73.985,4.916,7.54,4.531,-17.182,-18.916,280.275,79.267,0,0
0,-8.703,0,57.537,-252.32,22.282,5,15,10,1,0,5.377,-2.309,-13.213,-0.015,-67.313,-7.618,9.585,-0.026,-8.727,12.489,-63.893,8.641,-3.779,8.863,-19.165,-240.885,48.885,27.725,4.725,0.891,-23.236,-16.382,271.115,73.511,0,0
0,-8.424,0,55.025,-251.21,27.844,5,15,10,1,0,6.088,-3.315,-12.354,-1.099,-74.901,-7.649,10.521,0.819,-9.317,1.145,-56.672,9.496,-1.959,3.555,-17.35,81.588,365.679,293.618,9.846,1.281,-23.56,-24.992,267.466,67.038,0,0
0,-8.12,0,52.494,-253.087,30.441,5,15,10,1,0,4.984,-3.497,-13.204,0.824,-80.336,-7.802,9.254,0.81,-10.682,-10.55,-53.221,11.099,-2.656,3.24,-12.722,-95.359,20.519,106.809,5.386,2.843,-22.892,-36.366,255.328,60.977,0,0
0,-7.721,0,49.927,-256.703,39.906,5,15,10,1,0,7.916,-3.389,-11.391,-5.725,-85.771,-8.885,12.152,1.607,-9.851,-27.634,-42.947,17.557,-1.624,1.523,-9.652,-131.053,6.076,40.794,8.89,4.38,-20.837,-39.527,232.458,55.832,0,0
0,-7.205,0,47.43,-249.711,51.602,5,15,10,1,0,6.474,-5.403,-11.915,-9.344,-90.947,-8.214,11.704,-1.02,-8.744,-39.618,-37.13,19.267,-1.966,1.049,-7.3,-28.305,-12.519,30.366,5.607,2.215,-22.911,-12.855,210.351,46.992,0,0
0,-6.626,0,45.046,-238.415,57.907,5,15,10,0,0,5.976,-3.65,-12.833,-7.45,-96.214,-6.351,11.613,-2.486,-9.695,-42.366,-35.725,23.771,-2.639,-0.038,-6.723,5.878,-112.672,128,5.396,2.091,-22.923,15.42,178.015,38.458,0,0
0,-6.047,0,42.87,-217.53,57.884,5,15,10,0,0,5.521,-4.452,-13.285,-4.595,-100.305,-6.137,8.79,-3.044,-9.714,-39.16,-41.389,24.901,-2.726,0.948,4.206,243.893,314.137,-92.824,5.846,3.698,-22.506,44.443,146.29,23.542,0,0
0,-5.443,0,40.849,-202.137,60.413,5,15,10,0,0,8.44,-5.358,-12.586,-3.588,-102.733,-9.878,10.38,-3.827,-10.449,-36.198,-41.557,23.389,-2.108,4.115,-1.293,90,-451.053,126.046,6.196,5.19,-21.462,66.84,111.542,4.947,0,0
0,-4.853,0,39.105,-174.363,58.937,5,15,10,0,0,9.065,-5.461,-12.15,-6.855,-103.847,-14.183,9.642,-2.582,-11.36,-36.611,-44.87,22.092,3.588,7.899,7.415,219.954,498.809,173.191,8.869,-2.582,-23.347,102.824,80.321,4.244,0,0
0,-4.238,0,37.67,-143.521,61.535,5,15,10,0,0,10.368,-4.881,-12.595,-7.695,-101.435,-14.504,13.577,-2.244,-11.757,-38.55,-40.824,17.511,3.183,1.516,-4.606,57.527,-69.084,23.038,6.44,5.456,-24.571,115.985,44.702,-0.092,0,0
0,-3.579,0,36.641,-102.905,65.941,5,15,10,0,0,11.76,-3.535,-13.264,-17.023,-99.634,-20.916,12.286,-2.299,-12.236,-42.885,-37.954,12.061,0.536,3.772,-5.101,58.351,-67.496,14.748,4.184,6.313,-30.165,96.824,-2.489,-8.901,0,0
0,-2.858,0,36.161,-47.985,72.064,5,15,10,0,0,10.723,-3.018,-13.764,-21.542,-100.885,-23.542,13.29,-1.102,-12.169,-47.908,-32.092,8.229,3.569,0.824,-46.329,-494.672,492.58,64,1.356,5.224,-31.933,84.443,-77.389,-9.252,0,0
0,-2.089,0,36.378,21.629,76.904,5,15,10,0,0,10.32,-2.872,-12.878,-24.947,-100.718,-24.992,12.248,0.407,-13.031,-54.641,-29.267,9.267,-0.022,1.97,-10.045,130.855,-138.275,-25.221,10.366,7.025,-18.679,20.519,-114.137,-6.702,0,0
0,-1.338,0,36.82,44.266,75.096,5,15,10,0,0,10.572,-1.748,-13.709,-30.809,-101.634,-26.519,11.7,2.254,-12.042,-59.893,-29.969,9.878,2.33,6.805,-25.531,284.565,383.618,453.13,12.392,6.601,-4.869,-41.954,-114.519,-1.038,0,0
0,-0.518,0,37.117,29.675,82.009,5,15,10,0,1,9.98,-2.773,-12.514,-40.962,-102.626,-28.519,11.937,-0.012,-10.208,-67.847,-26.779,6.29,0.642,7.498,-22.566,-51.374,-176.26,-226.321,14.576,-0.146,2.752,-74.763,-75.756,-2.473,0,1
0,0.251,0,37.26,14.282,76.904,5,5,10,0,1,10.885,-0.498,-11.886,-47.924,-102.504,-30.412,13.015,-0.448,-11.53,-73.725,-24.458,-0.076,4.622,0.782,-19.036,-169.298,-322.153,-223.45,12.969,-5.262,2.678,-74.977,-54.855,-4.122,0,0
0,0.933,0.674,37.198,-6.191,68.184,5,5,10,0,1,12.751,-0.287,-11.096,-59.282,-96.382,-33.969,13.29,-1.839,-10.409,-72.168,-23.878,-12.046,6.577,5.506,-11.633,-119.527,-56.473,-57.542,7.367,-4.673,-8.67,-50.824,-61.313,-7.42,0,0
0,1.574,1.307,37.417,21.95,64.064,5,5,10,0,1,12.337,-1.688,-10.89,-67.878,-96.992,-35.45,16.219,-1.629,-8.761,-69.74,-16.595,-22.443,4.936,1.023,-9.518,-144.153,-47.099,-262.473,3.743,-1.13,-19.072,-41.069,-91.099,-16.443,0,0
0,2.269,1.9,38.326,90.866,69.58,5,5,10,0,1,11.24,-2.268,-9.357,-65.573,-101.832,-35.527,16.54,-0.891,-7.46,-60.046,-10.244,-22.87,2.631,-1.973,11.113,-156.84,-341.527,-249.16,7.573,4.663,-16.317,-45.389,-128.641,-22.916,0,0
0,3.05,2.454,39.754,142.777,78.037,5,5,10,0,1,12.849,-3.291,-7.611,-62.366,-104.427,-38.534,15.913,-1.267,-7.357,-46.931,-2.809,-19.527,2.285,3.281,3.027,180.748,-177.359,380.58,7.983,9.851,-14.782,-82.122,-140.061,-28.611,0,0
0,4.012,2.967,41.069,131.493,96.279,5,5,10,0,1,9.247,-2.802,-9.918,-58.779,-114.351,-38.595,17.553,-1.368,-6.929,-34.763,6.366,-19.878,1.784,4.349,-9.149,-372.29,221.771,-100.641,7.35,1.075,-19.687,-112.336,-111.527,-28.26,0,0
0,5.269,3.44,41.962,89.367,125.633,15,5,10,0,1,9.549,-5.734,-9.202,-36.626,-123.344,-40.427,17.647,-2.048,-5.964,-18.84,23.634,-16.015,2.225,5.874,-16.133,-48.015,446.763,457.16,13.817,-2.395,-13.046,-100.992,-87.466,-19.221,0,0
0,6.931,3.873,42.259,29.652,166.203,15,5,10,0,1,7.183,-3.042,-8.941,-10.458,-133.832,-40.977,18.394,-1.739,-5.784,-8.779,45.038,-18.458,3.87,9.658,-21.651,-23.344,-397.878,-222.534,18.334,-6.756,-13.549,-64.107,-52.824,-13.084,0,0
0,9.022,4.266,41.794,-46.543,209.13,15,5,10,0,1,11.973,-7.199,-7.829,13.511,-138.275,-46.794,17.091,-2.558,-5.406,5.557,69.527,-18.977,3.767,-0.278,-17.096,-11.099,-258.153,-82.931,8.189,-11.855,-19.577,4.183,-36.504,-18.504,0,0
0,11.385,4.619,40.863,-93.041,236.241,15,5,10,0,1,8.246,-5.82,-8.519,26.565,-146.87,-46.809,19.45,0.429,-1.698,8.137,93.954,-17.496,6.16,5.227,-14.787,-130.473,-25.176,-256.489,15.68,-4.874,-14.679,41.908,-10.565,-19.939,0,0
0,14.05,4.932,39.292,-157.105,266.533,15,5,10,0,1,17.057,-2.421,-8.653,23.176,-143.664,-47.588,15.498,0.666,-3.88,6.153,117.725,-20.275,6.014,2.304,-10.933,8.076,332.321,-180.519,10.435,-0.91,-12.416,41.664,13.069,-19.893,0,0
0,17.075,5.204,36.97,-232.178,302.537,15,5,10,0,1,13.561,-8.634,-7.599,23.496,-159.725,-48.595,18.707,-0.695,-3.233,0.824,145.053,-26.092,2.457,1.169,-17.244,21.481,-369.176,-18.046,14.179,-2.685,-12.234,60.901,48.779,-8.412,0,0
0,20.305,5.437,34.008,-296.219,323.01,15,5,10,0,1,12.131,-4.63,-14.327,16.305,-172.458,-39.588,19.474,-1.396,-5.307,6.947,170.443,-27.069,5.324,2.105,-9.568,43.252,203.359,0.855,13.038,-5.36,-10.658,84.427,63.084,-3.069,0,0
0,23.982,5.629,30.588,-342.007,367.688,15,5,10,0,1,11.005,-5.31,-19.493,29.634,-189.985,-38.015,17.797,-2.611,-6.275,7.328,193.084,-17.023,-3.885,2.268,-14.775,60.351,-430.473,8.55,11.855,-5.6,-3.217,118.366,51.115,-11.908,0,0
0,28.018,5.782,27.185,-340.279,403.531,15,5,10,0,1,10.193,-12.318,-15.232,57.42,-205.573,-45.603,17.8,-4.745,-7.621,22.763,209.74,-4.489,-2.893,5.47,-12.761,49.847,193.466,27.481,11.458,-0.096,-9.662,152.748,22.29,-16.122,0,0
0,32.434,5.894,23.926,-325.917,441.64,15,5,10,0,1,16.183,-9.41,-16.236,86.061,-206.214,-45.374,13.568,-5.959,-10.916,42.84,219.084,12.55,4.151,0.383,-12.121,53.511,178.076,80.672,6.958,-4.85,-16.564,148.641,18.611,-21.221,0,0
0,36.983,5.966,21.231,-269.486,454.869,15,5,10,0,1,10.543,-3.336,-19.292,112.107,-211.618,-45.893,10.033,-7.437,-14.713,66.061,223.771,29.511,5.142,-0.22,-10.79,51.832,-175.466,18,7.822,1.871,-12.591,127.145,-3.557,-17.069,0,0
0,41.696,5.998,19.187,-204.403,471.326,15,5,10,0,1,11.431,-6.682,-18.93,123.45,-207.573,-53.939,12.205,-5.092,-13.982,88.183,229.527,53.16,6.919,1.401,-11.891,64.977,-152.427,12.321,8.306,6.871,-12.612,83.939,-5.298,-23.771,0,0
0,46.416,5.99,17.591,-159.668,471.978,15,5,10,0,1,6.783,-7.71,-19.543,128.26,-204.412,-53.069,15.01,0.774,-10.591,105.099,237.496,72.641,4.625,5.99,-13.405,77.573,-274.901,1.466,10.711,4.584,-10.193,41.832,-9.221,-26.244,0,0
0,51.228,5.942,16.335,-125.576,481.214,15,5,10,0,1,17.17,-36.843,-7.815,160,-204.901,-39.435,17.093,1.236,-15.544,64.412,249.389,84.718,6.124,8.397,-13.91,75.038,-251.435,-18.534,9.384,4.79,-10.457,29.008,-7.435,-23.282,0,0
0,55.758,5.854,15.261,-107.334,452.981,15,5,10,0,1,7.046,-4.287,-20.722,187.527,-178.473,-42.321,9.08,2.213,-18.331,87.298,237.252,114.489,2.481,4.686,-22.173,134.977,487.374,-82.198,10.677,6.526,-8.991,7.878,0.443,-23.191,0,0
0,59.951,5.726,13.98,-128.14,419.335,15,5,10,0,1,17.247,-3.264,-14.614,180.092,-131.618,-37.756,14.897,3.906,-15.046,72.794,249.893,98.656,1.487,3.69,-19.639,103.008,-275.863,-47.725,9.697,-0.489,-11.819,19.389,-1.511,-18.656,0,0
0,63.46,5.557,12.772,-120.85,350.888,15,5,10,0,1,11.024,0.036,-16.332,161.679,-88.824,-26.305,16.329,3.842,-12.799,55.756,251.481,89.786,4.924,9.01,-12.219,38.092,-133.466,-21.405,9.805,2.606,-10.224,48.641,-6.947,-8.29,0,0
0,66.59,5.349,11.666,-110.584,313.031,15,5,10,0,1,8.917,4.907,-16.959,128.977,-49.893,-10.611,14.011,1.344,-11.484,42.137,244.305,73.389,2.453,14.589,-49.031,323.389,-65.725,-150.229,10.933,5.571,-8.478,45.603,-1.573,-6.275,0,0
0,69.25,5.1,10.523,-114.304,265.95,15,5,10,0,1,8.378,4.436,-15.841,74.092,-15.466,-3.099,10.16,-0.802,-10.102,34.489,226.58,51.359,3.197,9.345,-13.335,40.427,-129.099,-17.221,9.456,1.981,-8.921,43.527,-0.733,-4.565,0,0
0,71.505,4.811,9.454,-106.888,225.552,15,5,10,0,1,7.231,0.498,-13.216,24.641,4.107,2.336,11.769,-0.747,-9.911,33.282,209.511,33.374,5.482,5.789,-13.012,38.611,-484.656,-54.046,8.601,2.036,-9.642,45.176,-8.168,-1.573,0,0
0,73.263,4.483,8.545,-90.843,175.816,15,5,10,0,1,7.214,0.687,-15.345,-6.046,42.076,15.191,12.612,-0.35,-10.821,31.618,198.931,6.26,1.662,7.886,-18.81,78.153,-237.389,-49.832,9.973,2.203,-8.886,26.244,0,-4.305,0,0
0,74.599,4.114,7.677,-86.804,133.61,15,5,10,0,1,4.031,-0.582,-16.942,-34.931,70.992,24.687,13.108,-0.817,-9.779,33.847,193.13,-14.214,5.336,5.64,-11.601,37.237,-203.679,-34.87,8.936,-2.268,-11.362,20.244,-8.214,-6.794,0,0
0,75.533,3.705,7,-67.761,93.395,15,5,10,0,1,3.494,1.945,-17.632,-61.527,100.214,29.053,12.543,-0.726,-11.065,36.733,186.687,-31.588,5.032,3.643,-13.053,39.45,-94.733,-16.305,10.208,1.942,-9.654,9.542,-11.908,-6.595,0,0
0,76.145,3.256,6.491,-50.835,61.18,15,5,10,0,1,2.668,0.539,-16.516,-79.298,126.29,31.863,11.508,-1.061,-11.122,39.618,179.832,-40.565,2.738,3.49,-13.46,42.336,-320.504,-16.061,10.706,0.915,-9.345,6.885,-14.687,-8.351,0,0
0,76.397,2.767,6.223,-26.802,25.223,15,5,10,0,1,3.904,-0.201,-16.035,-83.084,146.794,35.344,9.046,-0.798,-11.69,33.45,169.618,-45.389,3.331,6.613,-13.637,40.595,-136.061,12.885,9.192,0.527,-9.523,2.962,-24.519,-9.344,0,0
0,76.405,2.237,6.18,-4.326,0.755,15,5,10,0,1,2.594,1.619,-19.115,-84.565,169.038,39.771,9.499,0.357,-10.761,21.985,162.198,-51.557,2.57,6.926,-13.949,37.267,-111.756,5.069,10.763,3.217,-6.541,-6.519,-31.145,-11.084,0,0
0,76.229,1.668,6.198,1.785,-17.567,15,5,10,0,1,0.759,4.074,-20.94,-81.176,189.344,37.145,11.542,1.672,-11.091,5.13,159.344,-53.786,3.133,10.254,-24.688,244.626,175.618,-22.962,9.168,1.581,-8.11,-9.863,-39.435,-12.366,0,0
0,75.962,1.059,6.216,1.808,-26.756,15,5,10,0,1,5.794,-1.2,-17.323,-51.802,215.634,32.412,9.3,-0.398,-13.774,-9.008,161.863,-44.366,3.046,7.293,-12.854,3.71,-230.489,-43.237,9.015,0.975,-8.962,-7.221,-42.351,-11.511,0,0
0,75.442,0.409,6.279,6.283,-51.945,15,5,10,0,0,3.358,-4.313,-17.781,-28.519,230.977,25.939,8.749,-0.651,-12.387,-12.275,165.298,-24.153,5.147,6.249,-11.302,7.313,-50.595,-3.466,8.605,1.368,-8.763,-4.656,-53.328,-9.573,0,0
0,74.662,0,6.487,20.851,-78.003,15,5,10,0,0,4.85,-3.842,-18.542,3.618,252.702,21.237,7.935,-2.886,-13.704,-5.115,158.534,-9.115,2.608,8.148,-13.874,4.931,-47.71,-12.366,11.666,2.891,-6.229,-6,-54.702,-10.611,0,0
0,73.611,0,6.641,15.381,-105.149,15,5,10,0,0,2.443,-2.385,-19.752,28.427,267.939,13.053,6.852,-2.656,-13.57,7.344,145.878,6.519,3.252,8.178,-17.187,-4.595,-112.992,-50.87,11.051,2.852,-8.792,-13.145,-47.45,-9.817,0,0
0,72.315,0,6.682,4.063,-129.627,15,5,10,0,0,2.445,-3.628,-20.504,50.183,279.847,1.16,6.457,-1.346,-12.239,21.45,133.725,16.137,3.25,6.268,-14.114,-9.527,-61.267,-10.931,8.205,1.221,-10.524,-11.817,-53.145,-10.275,0,0
0,70.865,0,6.674,-0.755,-144.985,15,5,10,0,0,2.912,-3.008,-20.542,66.153,293.71,-5.603,5.312,-3.078,-13.553,35.695,118.626,17.939,2.881,6.592,-19.395,-18.855,-126.947,-30.718,9.065,0.386,-10.43,-7.634,-55.267,-9.313,0,0
0,69.173,0,6.674,-0,-169.19,15,5,10,0,0,2.646,-2.943,-20.76,67.023,293.573,-5.939,4.426,-2.776,-13.908,53.557,103.115,23.084,3.367,5.18,-14.521,-3.679,-64.427,-16.947,10.174,0.826,-9.745,-1.435,-55.511,-9.053,0,0
0,67.254,0,6.674,-0,-191.895,15,5,10,0,0,4.186,-1.859,-18.193,60.702,312.214,-23.71,3.26,-3.918,-13.901,79.176,87.603,22.153,3.561,4.536,-14.931,4.046,-64.763,-17.389,10.569,0.929,-9.942,0.076,-54.58,-8.443,0,0
0,65.075,0,6.674,-0,-217.919,15,5,10,0,0,4.91,1.135,-21.179,43.679,319.389,-31.038,0.958,-4.498,-14.849,109.145,63.649,18.26,3.346,4.119,-14.993,13.099,-62.443,-16.321,10.617,0.469,-10.141,4.718,-52.427,-7.832,0,0
0,62.756,0,6.674,-0,-231.846,15,5,10,0,0,1.995,0.048,-21.91,23.191,313.466,-32.595,3.147,-3.02,-12.794,134.931,50.992,3.71,3.43,3.636,-14.593,15.374,-120.29,-30.718,10.267,0.055,-10.308,10.214,-52.656,-7.099,0,0
0,60.284,0,6.674,-0,-247.204,15,5,10,0,0,1.899,-2.656,-22.87,11.115,303.298,-31.588,5.123,0.148,-9.381,145.267,41.389,-8.87,3.885,3.355,-13.632,35.771,-57.42,-14.183,10.416,-0.821,-10.107,22.336,-55.466,-5.908,0,0
0,57.754,0,6.674,-0,-253.041,15,5,10,0,0,6.126,-1.121,-25.473,9.313,305.985,-25.664,3.442,0.874,-10.79,139.756,31.16,-19.16,3.916,3.844,-13.534,46.809,-55.573,-12.901,11.422,-1.059,-8.598,35.145,-55.13,-2.672,0,0
0,55.147,0,6.674,-0,-260.72,15,5,10,0,0,3.001,-2.079,-26.211,5.847,292.26,-23.435,4.51,1.382,-8.845,119.71,24.275,-39.145,4.704,4.565,-13.096,56.336,-53.298,-9.527,11.458,-0.582,-8.818,48.397,-51.939,2.565,0,0
0,52.569,0,6.674,-0,-257.802,15,5,10,0,0,1.849,-3.442,-25.962,-2.672,271.13,-23.573,5.837,4.191,-6.694,94.046,18.092,-46.244,4.507,3.175,-24.18,499.527,-417.969,-120.672,11.819,1.118,-8.897,53.969,-49.771,6.29,0,0
0,49.954,0,6.674,-0,-261.498,15,5,10,0,0,2.934,-3.231,-27.224,-4.321,255.099,-15.847,4.541,4.072,-6.886,57.802,2.84,-48.122,4.1,5.519,-16.981,129.603,-207.16,-31.023,10.394,1.976,-10.473,50.366,-52.992,6.183,0,0
0,47.54,0,6.674,-0,-241.345,15,5,10,0,0,1.164,-4.139,-26.482,-15.115,222,-11.771,4.134,4.555,-5.154,30.931,-9.191,-38.198,2.843,7.288,-14.533,61.115,-57.359,-8.183,11.161,1.13,-10.624,46.046,-57.939,5.435,0,0
0,45.285,0,6.674,-0,-225.552,15,5,10,0,0,0.671,-4.124,-27.912,-19.954,192.763,-5.16,5.022,3.494,-3.696,4.626,-21.924,-33.756,4.378,7.852,-18.921,102.214,-238.977,-16.122,10.72,0.098,-11.23,40,-60.183,6.183,0,0
0,43.296,0,6.674,-0,-198.853,15,5,10,0,0,0.443,-4.654,-26.91,-26.168,155.832,-1.206,6.086,2.287,-3.224,-14.275,-32.855,-23.282,4.012,7.659,-14.677,49.817,-60.29,-4.427,11.491,1.451,-9.978,30.55,-64.244,8.641,0,0
0,41.535,0,6.674,-0,-176.148,15,5,10,0,0,1.341,-3.161,-27.174,-28.26,126.672,7.405,2.378,-0.728,-6.301,-19.374,-50.458,-17.023,4.637,6.543,-14.753,29.42,-265.832,1.466,11.932,0.479,-10.351,22.779,-65.542,9.618,0,0
0,40.129,0,6.678,0.355,-140.602,15,5,10,0,0,-0.096,-5.377,-26.4,-39.557,80.885,9.893,2.335,1.217,-5.377,-9.756,-59.679,-8.687,4.424,6.621,-20.324,47.924,-132.183,4.611,11.194,0.613,-9.525,13.725,-67.71,11.115,0,0
0,38.982,0,6.685,0.71,-114.659,15,5,10,0,0,5.99,-7.199,-22.542,-36.55,56.443,9.435,8.162,0.268,-3.3,-11.145,-61.969,-10.977,5.3,5.463,-14.279,11.038,-263.389,12.397,11.939,-0.982,-9.444,9.008,-67.878,13.649,0,0
0,38.062,0,6.703,1.854,-91.965,15,5,10,0,0,1.641,-3.243,-30.951,-39.542,12.748,12.55,9.714,1.162,-3.296,14.244,-62.687,-2.687,4.785,4.867,-13.987,22.733,-255.145,20.214,12.054,-0.627,-8.536,6.031,-67.359,16.519,0,0
0,37.363,0,6.736,3.273,-69.901,15,5,10,0,0,8.581,-3.628,-32.498,-27.282,-22.382,18.718,4.673,1.277,-6.407,11.74,-67.221,7.099,4.632,4.905,-13.613,25.084,-61.664,7.679,11.453,-0.551,-9.513,5.466,-68.626,17.099,0,0
0,37.114,0,6.836,9.945,-24.925,15,5,10,0,0,-0.024,-4.177,-33.147,-24.443,-90.244,5.985,3.849,-1.193,-7.144,16.443,-74.611,24.992,8.126,3.56,-13.733,57.847,-119.267,54.718,7.135,-2.783,-13.323,21.206,-84.397,17.344,0,0
0,37.253,0,7.223,38.773,13.893,15,5,10,0,0,6.517,-4.436,-19.527,-11.924,-116.489,-8.336,7.477,-2.086,-7.571,17.893,-88.565,37.237,8.421,3.822,-11.3,32.122,459.115,52.885,9.657,2.757,-7.068,14.885,-95.756,21.649,0,0
0,37.645,0,7.838,61.501,39.253,15,5,10,1,0,10.507,-5.008,-5.386,-1.237,-106.87,-20.748,12.365,-4.742,-6.189,31.038,-78.534,45.511,8.088,7.239,-12.229,68.076,-40.427,24.824,13.846,2.187,-7.25,14.412,-100.595,20.702,1,0
0,37.967,0,8.637,79.914,32.181,5,5,10,1,0,14.028,-11.697,-0.924,41.435,-70.382,-12.992,12.387,-3.628,-10.873,37.588,-62.397,59.344,7.894,6.76,-17.484,69.725,-50.26,337.588,16.641,3.126,-4.931,5.893,-102.305,19.771,0,0
0.666,38.268,0,9.498,86.048,30.041,5,5,10,1,0,11.867,2.318,-7.48,47.237,-55.679,-1.282,12.804,-3.638,-8.897,47.756,-46.977,71.115,0.939,30.344,-13.077,245.481,-13.435,88.305,14.895,1.317,-5.7,12.534,-113.115,15.649,0,0
1.293,38.752,0,10.468,97.035,48.386,5,15,10,1,0,7.525,0.062,-12.267,28.198,-69.649,-4,12.785,3.918,-3.945,56.565,-31.069,79.969,10.972,6.996,-10.03,20.061,10.931,20.977,15.201,0.06,-5.276,21.084,-113.099,13.42,0,0
1.881,39.652,0,11.585,111.626,90.054,5,15,10,1,0,3.126,-2.785,-22.152,21.466,-99.023,-1.389,6.237,4.883,-4.153,47.542,-26.412,84.626,1.087,3.65,-7.492,76.58,172.336,33.221,16.815,1.528,-2.728,28.626,-120.901,9.542,0,0
2.429,40.685,0,12.907,132.271,103.26,5,15,10,1,0,2.639,-3.073,-23.198,41.496,-108.275,4.168,3.396,-1.114,-4.63,24.229,-47.847,69.954,11.173,4.955,-6.567,22.626,42.046,-0.397,14.916,2.194,-1.823,29.847,-129.099,2.489,0,0
2.939,41.34,0,14.401,149.346,65.552,5,15,10,1,0,12.006,-0.644,-19.721,51.557,-87.42,5.282,8.174,-2.92,-6.74,16.656,-70.901,46.885,9.015,3.015,-7.049,28.397,110.321,0.519,14.37,-0.491,-2.668,25.023,-120.046,1.939,0,0
3.409,41.289,0,16.024,162.312,-5.127,5,15,10,1,0,11.118,2.611,-20.039,48.809,-61.084,8.718,11.185,-0.014,-11.11,0.748,-90.046,23.771,9.278,3.882,-4.582,31.481,77.603,5.496,11.704,-1.574,-3.478,26.504,-119.405,3.038,0,0
3.84,40.556,0,17.924,189.984,-73.277,5,15,10,1,0,12.442,2.623,-17.153,13.542,-44.794,16.947,10.773,2.019,-12.253,-0.565,-112.366,8.321,9.645,4,-4.297,34.962,201.527,35.603,12.461,-1.499,-4.654,36.443,-123.374,4.992,0,0
4.232,39.176,0,20.25,232.602,-137.982,5,15,10,1,0,11.913,2.955,-16.887,-24.305,-19.405,29.511,13.223,1.923,-10.006,-20.84,-139.099,-6.397,9.525,3.137,-5.612,37.13,257.267,-335.878,13.953,2.52,-7.187,40.412,-136.168,-0.214,0,0
4.584,37.265,0,22.96,271.008,-191.185,5,15,10,1,0,11.932,2.105,-18.178,-70.718,2.901,39.481,11.209,1.142,-13.036,-37.802,-165.344,-17.786,8.816,5.657,-7.956,43.023,158.031,6.153,14.801,1.993,-13.015,36.015,-151.282,-7.16,0,0
4.898,34.748,0,26.054,309.426,-251.633,5,15,10,1,0,9.669,4.278,-18.432,-111.008,27.924,46.397,16.665,-2.742,-12.377,-58.55,-181.069,-27.389,8.304,8.589,-9.954,33.466,346.901,16.336,14.459,3.76,-16.468,19.405,-177.954,-11.832,0,0
5.172,31.804,0,29.519,346.459,-294.423,5,15,10,1,0,2.067,-1.336,-16.284,-134.198,37.802,43.481,6.067,-3.343,-15.029,-64.443,-201.16,-21.221,8.835,1.994,-14.816,17.115,36.87,-3.176,15.204,4.191,-16.892,-3.313,-203.969,-15.679,0,0
5.407,28.398,0,33.422,390.313,-340.6,5,15,10,1,0,-2.783,3.463,-12.389,-167.099,41.74,51.176,10.643,4.304,-10.294,-54.382,-206.611,-22.58,7.837,9.719,-15.074,-21.069,188.87,-72,18.509,1.65,-17.421,-30.229,-209.603,-18.84,0,0
5.603,24.949,0,37.67,424.851,-344.891,5,15,10,1,0,9.865,-1.581,-14.375,-185.924,57.053,52.779,5.279,2.405,-9.23,-65.863,-215.542,-18.611,5.516,9.73,-25.148,-109.496,-150.244,-141.374,14.677,2.441,-17.826,-58.031,-205.847,-20.458,0,0
5.76,21.397,0,42.215,454.446,-355.225,5,15,10,1,0,5.544,-0.716,-19.807,-180.26,40.855,45.282,4.915,-0.805,-6.924,-73.023,-204.031,-12.779,7.54,17.468,-47.172,365.817,-423.344,143.389,12.234,8.153,-13.858,-88.046,-211.847,-12.901,0,0
5.878,18.32,0,46.87,465.501,-307.641,5,15,10,1,0,10.114,-2.69,-18.511,-174.87,28.366,34.397,11.403,2.582,-8.589,-96.611,-194.26,-10.885,8.821,5.701,-27.73,-205.191,474.763,-150.473,11.314,3.238,-16.827,-95.634,-205.008,-16.397,0,0
5.956,15.943,0,51.626,475.663,-237.694,5,15,10,1,0,3.741,-7.408,-18.042,-129.878,2.656,27.237,15.096,2.929,-9.645,-110.183,-165.053,-0.29,8.804,3.981,-18.99,-111.511,486.458,-373.252,15.644,7.3,-12.356,-116.122,-194.534,-20.809,0,0
5.995,14.211,0,56.208,458.165,-173.241,5,15,10,1,0,2.826,-9.985,-16.435,-62.183,-4.26,29.267,14.447,-2.472,-8.902,-127.878,-147.481,12.687,6.44,4.996,-20.552,-81.16,246.947,-89.847,13.968,6.414,-13.999,-153.985,-163.237,-24.397,0,0
5.995,12.79,0,60.518,430.985,-142.079,5,15,10,1,0,7.923,-7.283,-13.949,-21.115,3.893,26.947,12.069,-6.696,-12.727,-106.977,-141.695,29.45,4.874,3.379,-18.763,-71.695,-496.809,-211.969,15.783,2.376,-12.526,-150.687,-140.718,-25.206,0,0
5.956,11.534,0,64.309,379.075,-125.599,5,15,10,1,0,6.237,-7.616,-12.782,3.389,6.305,26.763,8.119,-7.532,-11.36,-68.015,-141.084,36.565,6.409,3.209,-17.27,-54.504,242.931,-104.641,11.973,-2.544,-12.658,-146.122,-105.756,-22.748,0,0
5.878,10.23,0,67.527,321.877,-130.394,5,15,10,1,0,6.16,-3.102,-14.102,2.305,5.008,24.412,7.918,-4.888,-10.454,-41.191,-144.611,33.206,5.532,7.828,-24.08,-92.031,-96.504,450.076,9.935,-6.112,-11.958,-110.427,-58.718,-12.87,0,0
5.76,8.927,0,70.134,260.697,-130.291,5,15,10,1,0,7.887,-5.657,-12.279,-6.473,5.42,20.031,8.349,-3.566,-9.53,-32.443,-141.511,26.351,5.386,3.456,-15.671,-50.87,421.359,-112.427,9.216,-8.325,-11.621,-70.672,-16.779,-3.191,0,0
5.603,7.433,0,72.215,208.065,-149.449,5,15,10,1,0,6.287,-5.224,-13.781,0.855,12.168,23.618,7.326,-2.081,-9.755,-22.763,-144.473,18.427,5.329,5.227,-17.761,-77.221,389.267,-109.13,10.962,-6.146,-12.298,-27.466,21.023,6.504,0,0
5.407,5.887,0,73.873,165.837,-154.564,5,15,10,1,0,8.038,-2.395,-12.976,-23.725,10.84,18.183,9.465,-1.02,-9,-26.427,-139.405,11.053,5.398,4.402,-14.325,-46.992,388.687,-165.435,10.047,-1.815,-11.781,1.176,50.015,7.893,0,0
5.172,4.309,0,75.199,132.58,-157.837,5,15,10,1,0,6.713,-5.082,-12.72,-34.458,16.55,18.992,6.816,-0.946,-11.597,-30.763,-143.588,7.008,3.561,4.667,-18.839,-262.962,-118.733,-417.954,9.549,1.166,-12.49,14.748,74.809,6.977,0,0
4.898,2.738,0,76.162,96.325,-157.128,5,15,10,1,0,6.713,-5.082,-12.72,-33.344,17.496,18.87,9.451,1.557,-8.105,-35.328,-137.008,10.702,2.153,4.598,-13.767,-29.313,345.176,-36.031,5.803,-0.623,-16.068,21.099,95.74,4.656,0,0
4.584,1.314,0,76.932,76.927,-142.399,5,15,10,1,0,7.228,-5.858,-11.621,-43.206,9.466,10.733,10.481,0.807,-9.664,-56.931,-125.542,9.649,1.26,5.147,-14.995,-23.771,167.069,-11.282,5.475,0.92,-15.582,17.618,114.305,6.885,0,0
4.232,0.065,0,77.353,42.091,-124.878,5,15,10,1,0,4.232,-4.234,-13.003,-32.26,8,15.053,10.627,-0.012,-10.433,-64.55,-120.061,9.069,2.153,4.414,-13.968,-15.42,163.16,-7.13,5.465,0.297,-15.424,12.076,128.687,10.336,0,0
3.84,-0.982,0,77.628,27.512,-104.725,5,15,10,1,0,7.298,-5.487,-11.951,-26.962,2.962,10.885,13.015,-0.515,-8.347,-75.863,-104.443,10.061,1.95,4.895,-14.035,-7.908,157.542,-9.206,5.592,0.012,-14.693,1.924,144.336,15.695,0,0
3.409,-1.744,0,77.829,20.096,-76.206,5,15,10,1,0,2.273,-5.947,-11.46,-13.466,-1.466,11.389,12.076,-0.541,-10.696,-82.275,-93.573,11.405,0.824,5.136,-19.84,-3.389,297.298,-14.87,6.558,-1.217,-14.452,-0.031,156.397,21.573,0,0
2.939,-2.392,0,77.859,2.987,-64.785,5,15,10,1,0,2.213,-5.008,-11.788,8.198,-0.611,12.626,9.556,-3.657,-10.962,-70.885,-91.557,15.679,1.056,3.808,-14.875,-2.198,132.198,-36.58,4.682,-2.409,-15.273,-1.206,173.756,27.298,0,0
2.429,-2.953,0,77.708,-15.072,-56.076,5,15,10,1,0,7.983,-4.012,-12.176,11.023,-8.687,7.878,10.071,-0.673,-9.393,-57.634,-88.641,16,1.116,3.165,-35.533,-35.389,266.244,385.954,10.969,2.486,-10.093,-16.656,197.817,31.344,0,0
1.881,-3.319,0,77.246,-46.143,-36.61,5,15,10,1,0,3.933,-5.341,-11.863,4.443,-20.504,3.527,12.526,-1.272,-8.32,-45.252,-78.198,13.374,1.906,11.409,24.333,-105.008,187.588,-242.076,9.657,1.063,-12.114,-24.824,217.863,37.42,0,0
1.293,-3.433,0,76.404,-84.217,-11.353,5,15,10,1,0,5.089,-5.65,-12.993,6.107,-28.992,-0.962,15.683,-2.867,-9.111,-41.863,-61.817,11.466,0.999,6.166,-18.878,-57.16,-488.931,-249.893,6.28,-2.793,-17.024,-22.504,229.618,47.496,0,0
0.666,-3.319,0,75.346,-105.847,11.353,5,15,10,1,0,8.133,-7.803,-10.006,34.076,-26.656,-1.282,10.672,-4.519,-11.003,-29.237,-53.527,14.275,-0.814,6.689,-15.51,-36.153,474.855,-84.519,7.999,-0.062,-16.449,-28.168,243.191,57.359,0,0
0,-3.099,0,74.068,-127.762,21.984,5,15,10,1,0,3.173,-4.436,-13.51,35.084,-40.275,-2.412,13.18,-2.982,-8.488,-11.649,-44.702,13.71,-0.366,6.433,-15.024,-57.893,443.588,-92.336,8.28,1.466,-15.786,-36.885,252.153,62.107,0,0
0,-2.663,0,72.574,-149.449,43.591,5,15,10,1,0,8.244,-7.061,-9.024,37.649,-44.489,-7.344,10.732,-4.903,-9.218,-2.336,-37.573,11.679,-1.863,5.082,-15.604,-55.649,100.641,-17.71,5.537,0.448,-17.764,-41.42,258.702,63.496,0,0
0,-2.348,0,70.922,-165.173,31.506,5,15,10,1,0,3.159,-0.908,-13.929,43.954,-34.702,-0.031,6.335,-5.487,-10.006,21.725,-50.718,9.557,-2.912,5.252,-16.236,-63.542,85.725,-39.267,7.753,1.89,-16.468,-46.473,266.336,67.878,0,0
0,-2.429,0,69.069,-185.257,-8.091,5,15,10,1,0,6.543,-2.546,-12.042,33.16,-33.664,-2.153,5.219,-2.436,-10.176,42.046,-71.069,3.649,-1.368,6.574,-13.589,-77.679,265.573,-56,5.516,0.081,-16.926,-46.153,270.977,68.656,0,0
0,-2.502,0,67.055,-201.474,-7.313,5,15,10,1,0,4.498,-4.725,-7.635,-3.71,-51.481,-10.58,12.94,3.573,-5.509,40.962,-68.931,3.802,-3.399,6.598,-15.031,-84.824,64.611,-18.153,9.465,4.469,-13.551,-47.832,275.725,73.969,0,0
0,-2.722,0,64.869,-218.571,-21.996,5,15,10,1,0,12.265,-8.162,-6.704,5.008,-18.947,-3.679,7.08,-1.298,-10.232,24.092,-72.687,-1.527,-2.927,4.869,-15.347,-91.237,51.802,-31.053,7.207,-1.207,-18.928,-31.313,276.794,74.473,0,0
0,-3.25,0,62.572,-229.672,-52.746,5,15,10,1,0,5.195,-3.284,-11.589,-14.687,-26.748,-6.183,9.518,-0.105,-7.341,19.221,-75.802,0.763,-4.019,5.367,-15.881,-119.511,62.947,-56.794,7.815,0.826,-17.594,-39.695,279.817,74.244,0,0
0,-3.791,0,60.2,-237.248,-54.154,5,15,10,1,0,6.239,-1.238,-11.051,-49.847,-28.962,-9.588,11.585,-0.115,-5.901,2.901,-75.16,-2.458,-1.245,4.761,-13.264,-123.42,62.519,-20.916,9.47,3.772,-15.917,-34.076,269.053,74.504,0,0
0,-4.301,0,57.739,-246.094,-50.938,5,15,10,1,0,4.814,-3.557,-12.394,-54.244,-35.084,-9.74,12.744,0.314,-6.081,-16.137,-68.947,-2.244,-3.851,2.091,-15.012,-113.802,39.466,-2.382,5.853,-4.004,-23.531,-23.679,265.13,68.412,0,0
0,-4.674,0,55.263,-247.593,-37.331,5,15,10,1,0,4.934,-5.089,-11.333,-53.191,-37.542,-10.244,12.143,-1.135,-8.739,-31.832,-63.695,-0.534,0.029,2.943,-11.283,-96.947,35.237,28.702,6.174,2.026,-19.737,-30.824,254.214,70.336,0,0
0,-4.898,0,52.769,-249.356,-22.385,5,15,10,1,0,4.812,-2.021,-14.607,-53.802,-43.878,-11.344,12.708,0.029,-8.636,-32,-62.458,2.885,-2.642,2.612,-14.916,-138.931,39.878,376.183,11.324,2.007,-21.754,-36.443,250.947,63.649,0,0
0,-4.912,0,50.286,-248.349,-1.408,5,15,10,1,0,7.872,-6.189,-9.968,-22.427,-60.779,-10.55,10.397,-1.138,-9.805,-32.55,-55.344,10.015,-0.862,6.811,-6.562,-383.267,13.679,356.397,8.335,4.56,-19.625,-45.664,225.069,58.916,0,0
0,-4.839,0,47.869,-241.7,7.278,5,15,10,1,0,6.004,-3.715,-11.999,-8.168,-65.985,-8.412,11.381,-1.329,-8.854,-22,-54.183,10.366,-1.056,3.559,-7.966,-25.511,-18.443,29.252,8.323,1.336,-22.266,-33.786,203.359,56.412,0,0
0,-4.795,0,45.576,-229.237,4.452,5,15,10,1,0,6.043,-3.609,-11.91,-7.695,-67.13,-8.427,5.408,-1.978,-11.724,-12.962,-58.137,15.71,-1.576,2.749,-7.48,-14.015,-21.008,20.702,4.797,2.081,-22.901,-21.527,172.015,52.382,0,0
0,-4.7,0,43.478,-209.839,9.487,5,15,10,0,0,4.333,-2.019,-14.241,-4.458,-75.664,-4.977,8.335,-0.52,-10.473,0,-61.725,9.45,-2.002,4.548,-5.932,-11.527,-64.092,31.237,4.759,7.621,-18.14,-12.397,130.962,45.618,0,0
0,-4.296,0,41.677,-180.107,40.329,5,15,10,0,0,8.148,-3.906,-12.234,-15.191,-90.382,-7.771,13.45,0.697,-8.845,-5.939,-44.641,16.763,-2.625,3.391,-6.201,-11.817,-53.374,18.137,5.901,3.363,-22.492,11.618,98.87,31.496,0,0
0,-3.715,0,40.27,-140.671,58.17,5,15,10,0,0,5.707,-6.22,-12.612,4.87,-98.046,-8.473,13.094,-0.024,-10.375,-17.313,-33.679,21.618,-2.376,3.806,-5.386,-12.794,-50.718,4.885,3.449,6.644,-20.952,20.489,56.092,17.817,0,0
0,-2.986,0,39.248,-102.184,72.853,5,15,10,0,0,8.167,-3.312,-13.812,5.42,-97.893,-9.252,11.87,-0.532,-11.554,-27.008,-28.885,21.221,2.515,9.197,13.824,-127.282,-417.466,74.504,5.827,2.397,-22.247,32.489,16.931,16.137,0,0
0,-2.161,0,38.623,-62.588,82.478,5,15,10,0,0,8.684,-3.176,-13.46,2.244,-103.344,-10.122,11.815,-1.372,-9.669,-34.565,-23.389,20.244,-1.135,5.092,-6.502,-19.847,-54.84,-1.542,8.874,7.293,-21.416,27.145,-13.679,5.496,0,0
0,-1.323,0,38.341,-28.198,83.862,5,15,10,0,0,11.362,-2.009,-14.023,-5.298,-101.405,-13.725,11.681,0.877,-12.519,-42.351,-24.779,18.351,1.966,3.463,-3.135,-29.634,-58.489,-1.16,3.252,3.945,-29.049,27.786,-73.771,-1.71,0,0
0,-0.499,0,38.557,21.629,82.34,5,15,10,0,0,12.066,-2.699,-12.888,-13.511,-97.557,-15.023,10.615,-1.439,-11.491,-48.534,-29.237,15.405,-4.421,4.46,-10.174,-21.618,-43.008,-52.947,5.444,6.165,-29.049,2.382,-114.137,-12.626,0,0
0,0.214,0,39.172,61.489,71.388,5,15,10,0,0,11.949,-1.423,-13.838,-24.885,-95.847,-17.374,11.647,-0.067,-11.791,-55.863,-33.405,11.847,1.586,0.929,-2.721,-205.45,-472.687,-351.267,6.857,2.855,-17.577,-14.229,-161.191,-12.626,0,0
0,0.801,0,40.245,107.289,58.663,5,15,10,0,0,11.372,-1.068,-13.616,-36.901,-92.107,-18.58,12.119,1.545,-10.706,-64.656,-37.756,8.885,2.726,8.039,-13.192,-67.71,-248.931,-162.626,14.509,4.213,-1.19,-30.565,-144.321,-6.321,0,0
0,1.317,0,41.322,107.701,51.59,5,15,10,0,0,12.253,-2.333,-11.527,-54,-90.061,-21.664,12.821,1.044,-10.229,-75.802,-38.519,2.29,4.282,8.711,-18.583,-27.603,-68.595,-55.725,15.92,-7.159,-4.45,-37.405,-73.221,2.336,0,0
0,1.819,0,42.039,71.777,50.228,5,15,10,0,1,12.468,-2.45,-10.421,-66.794,-89.786,-23.344,16.593,-1.708,-9.482,-83.817,-30.305,-2.901,5.528,22.385,-21.21,-55.496,-275.252,-237.313,12.09,-7.571,0.541,-54.611,-54.565,-0.931,0,1
0,2.299,0,42.343,30.407,47.928,5,5,10,0,1,12.61,-2.845,-11.077,-77.038,-89.008,-25.664,16.794,-1.485,-9.218,-85.16,-26.992,-6.534,7.846,7.981,-13.24,-138.336,-107.008,-300.58,10.1,-11.233,-7.949,-43.695,-51.16,-1.878,0,0
0,2.786,0.666,42.537,19.341,48.752,15,5,10,0,1,12.909,-3.787,-8.723,-82.977,-90.382,-27.802,16.358,-1.847,-8.347,-81.771,-20.855,-9.13,2.788,1.183,-8.462,-91.939,-47.878,-84.611,10.447,-3.511,-20.255,-24.855,-71.954,-8.137,0,0
0,3.346,1.293,43.148,61.146,56.007,15,5,10,0,1,10.164,-1.085,-10.404,-87.802,-95.069,-27.618,17.108,-1.087,-6.653,-74.611,-11.435,-14.122,0.757,-0.273,-1.988,372.137,308,-188.092,7.355,0.299,-21.194,-13.893,-104.137,-18.656,0,0
0,4.104,1.881,44.075,92.663,75.829,15,5,10,0,1,10.916,-3.343,-10.038,-84.595,-105.511,-32.489,18.365,-0.606,-6.107,-67.328,2.153,-14.229,-3.066,3.482,-6.507,-52.626,-223.664,-198.351,6.857,4.967,-18.945,-33.771,-111.908,-21.176,0,0
0,5.185,2.429,45.046,97.08,108.032,15,5,10,0,1,11.532,-3.231,-8.876,-75.374,-118.611,-34.992,16.945,0.462,-5.118,-53.817,19.42,-12.962,-1.269,6.64,-10.327,-0.473,-304.504,386.198,9.822,5.439,-15.117,-64.519,-98.809,-17.466,0,0
0,6.616,2.939,45.745,69.946,143.109,15,5,10,0,1,12.243,-3.255,-8.713,-62.229,-123.221,-34.489,16.77,-0.093,-5.283,-57.374,37.695,-15.435,3.985,17.935,-20.271,4.443,-365.695,-249.832,12.512,-0.62,-16.875,-66.779,-77.603,-12.855,0,0
0,8.476,3.409,45.734,-1.133,186.047,15,5,10,0,1,14.567,-6.548,-6.749,-38.901,-135.649,-33.496,15.575,-1.48,-5.291,-49.45,58.901,-10.198,2.52,8.377,15.711,-19.206,201.74,116.275,12.979,-0.769,-16.068,-79.206,-42.595,-15.069,0,0
0,10.627,3.84,45.207,-52.7,215.023,15,5,10,0,1,11.338,-4.117,-11.328,-9.344,-141.802,-31.359,15.493,0.316,-2.857,-40.656,79.267,-18.366,-0.175,4.148,-22.008,-44.321,474.916,-192.611,21.38,-5.068,-14.356,-36.458,-31.435,-15.038,0,0
0,13.105,4.232,44.229,-97.779,247.88,15,5,10,0,1,11.865,-4.785,-9.829,-5.313,-161.115,-36.87,19.795,1.506,-0.053,-40.321,113.588,-20.58,2.187,-0.742,-19.103,-48.107,417.573,-271.634,14.334,-6.354,-16.205,-3.725,-20.58,-21.679,0,0
0,16.017,4.584,42.771,-145.764,291.195,15,5,10,0,1,16.593,-5.523,-5.604,-19.298,-163.954,-36.26,18.913,-1.269,-5.487,-45.847,138.046,-18.58,5.051,2.339,-20.415,-58,359.008,-62.779,17.958,-2.017,-13.115,6.473,6.748,-21.786,0,0
0,19.178,4.898,40.663,-210.892,316.029,15,5,10,0,1,9.539,-10.311,-11.865,-16.794,-172.962,-29.893,16.152,-1.104,-5.535,-34.198,155.893,-15.115,5.65,3.268,-15.625,-46.305,294.519,-3.42,12.174,-0.457,-10.962,13.191,32.794,-19.221,0,0
0,22.766,5.172,37.806,-285.679,358.83,15,5,10,0,1,4.915,-7.307,-17.869,-5.496,-193.313,-24.473,15.877,-4.426,-6.383,-20.534,183.573,-15.588,1.049,0.719,-19.558,7.374,-197.527,22.595,12.864,-10.299,-18.585,44.809,69.145,-18.107,0,0
0,26.864,5.407,34.374,-343.152,409.802,15,5,10,0,1,8.002,-10.332,-17.316,17.74,-209.374,-32.519,14.55,-6.249,-8.622,5.145,204.198,3.481,4.859,1.399,-11.86,11.405,-413.985,111.511,9.894,-2.191,-9.096,67.069,74.122,-11.099,0,0
0,31.372,5.603,30.57,-380.448,450.829,15,5,10,0,1,7.616,-10.018,-19.563,47.817,-230.55,-37.573,14.02,-7.449,-11.494,34.321,215.038,22.046,-2.896,1.964,-14.092,51.771,-213.802,21.191,14.981,-5.818,-4.757,115.557,65.13,-22.107,0,0
0,36.217,5.76,26.475,-409.482,484.475,15,5,10,0,1,12.54,-9.76,-19.905,72.962,-235.084,-43.802,13.122,-4.206,-12.009,69.13,228.504,49.618,-0.491,0.927,-15.069,59.634,-246.718,107.115,5.274,-6.004,-17.067,164.275,52.26,-28.244,0,0
0,41.402,5.878,22.578,-389.649,518.556,15,5,10,0,1,14.734,-6.55,-24.432,91.344,-243.084,-47.511,8.926,-2.651,-14.578,87.802,235.817,62.397,5.772,-1.705,-12.346,65.115,-443.725,55.573,5.844,-4.601,-18.073,202.656,29.786,-20.427,0,0
0,46.606,5.956,19.487,-309.106,520.375,15,5,10,0,1,8.397,-12.742,-20.058,131.389,-238.641,-43.557,15.582,3.09,-11.23,86.595,256.397,76.351,8.869,0.604,-12.468,98.076,196.489,38.718,7.741,9.671,-16.006,165.71,14.687,-14.672,0,0
0,51.869,5.995,17.177,-231.011,526.303,15,5,10,0,1,11.082,-13.968,-19.024,200.718,-208.931,-30.687,18.351,-1.648,-15.884,57.13,267.847,99.405,8.229,6.467,-12.665,109.893,-161.603,4.931,12.284,9.297,-12.622,96.824,10.809,-20.473,0,0
0,56.736,5.995,15.525,-165.207,486.684,15,5,10,0,1,19.321,-24.513,-9.791,240.137,-160.122,-42.015,21.819,2.074,-15.793,26.565,292.092,124.366,7.274,9.05,-20.497,220.473,443.893,-39.573,11.422,10.461,-8.335,37.893,10.595,-22.901,0,0
0,60.72,5.956,14.196,-132.946,398.427,15,5,10,0,1,7.719,10.773,-18.202,213.435,-132.641,-34.382,13.946,-1.962,-15.287,90.031,254.168,141.405,5.463,2.926,-32.4,-249.328,-189.084,350.779,9.803,5.976,-8.56,7.069,12.061,-22.153,0,0
0,64.228,5.878,13.409,-78.69,350.774,15,5,10,0,1,11.319,0.513,-12.03,170.29,-76.84,-36.733,15.766,2.546,-5.566,79.527,247.802,120.947,29.71,-1.595,7.59,55.985,-63.924,-20.519,-5.281,0.709,-11.851,70.107,-45.74,-7.954,0,0
0,67.158,5.76,13.537,12.806,292.992,15,5,10,0,1,8.533,5.6,-15.999,119.954,-44.931,-17.74,13.764,1.202,-9.276,65.313,223.557,89.786,-13.422,-31.886,-41.75,188.198,-484.534,-269.191,18.358,22.621,-0.639,-45.023,47.756,-15.008,0,0
0,69.619,5.603,12.167,-137.009,246.094,15,5,10,0,1,7.178,4.201,-16.619,69.527,-10.733,0.366,12.763,1.844,-10.009,61.893,206.076,58.962,-7.233,7.129,-21.282,72.26,437.847,338.809,13.137,-6.857,-7.784,-44.412,40.534,-29.649,0,0
0,71.531,5.407,10.142,-202.492,191.197,15,5,10,0,1,6.773,0.503,-13.994,22.107,19.221,10.885,11.573,-1.959,-9.798,53.221,193.985,32.779,-3.492,2.13,-19.725,153.603,124.076,389.374,7.839,-15.235,-13.019,67.252,26.824,-4.427,0,0
0,72.963,5.172,8.285,-185.646,143.189,15,5,10,0,1,4.103,1.133,-16.008,-15.863,50.458,17.527,11.242,-1.521,-9.779,52.29,180,8.656,2.124,4.091,-10.643,6.153,431.313,-11.603,6.416,-0.57,-12.54,134.244,12.305,5.115,0,0
0,73.999,4.898,6.843,-144.276,103.581,15,5,10,0,1,4.287,1.049,-18.205,-39.16,78.046,17.069,11.594,-1.973,-10.43,50.916,173.374,-10.58,6.167,2.933,-14.231,115.344,-244.794,1.344,9.544,7.063,-8.993,112.183,10.87,6.153,0,0
0,74.746,4.584,5.686,-115.711,74.73,15,5,10,0,1,2.697,1.025,-18.102,-50.977,101.115,16.458,11.381,-1.72,-10.54,54.534,168.733,-23.664,6.241,7.272,-17.728,345.939,-437.511,-43.359,10.002,9.736,-8.045,51.756,8.458,0.26,0,0
0,75.207,4.232,4.715,-97.103,46.131,15,5,10,0,1,3.42,-1.174,-16.439,-58.55,118.519,16.763,8.44,0.05,-11.441,59.405,161.45,-28.901,5.245,15.796,-39.297,-370.58,269.176,-78.168,6.344,2.395,-11.587,14.611,2.534,-6.763,0,0
0,75.463,3.84,3.964,-75.062,25.623,15,5,10,0,1,5.542,-1.171,-15.089,-60.565,134.992,18.992,8.095,-0.065,-11.34,53.802,155.802,-36.763,3.631,9.519,-19.452,128.687,-337.237,498.809,7.75,1.193,-10.179,-0.885,-3.573,-4.26,0,0
0,75.577,3.409,3.458,-50.549,11.387,15,5,10,0,1,6.34,-3.379,-13.664,-55.16,154.183,20.26,9.046,-0.048,-11.733,40.733,155.573,-36.015,5.992,10.666,-24.046,324.122,-164.168,-24.427,10.734,2.019,-9.791,-0.397,-7.237,-2.763,0,0
0,75.53,2.939,3.224,-23.415,-4.749,15,5,10,0,1,2.117,1.377,-18.331,-52.687,169.664,15.344,12.009,1.55,-10.562,24.947,162.885,-36.305,3.825,9.609,-14.167,27.618,-246.107,0.916,11.944,5.841,-6.723,-4.794,-7.053,-3.985,0,0
0,75.496,2.429,3.071,-15.335,-3.342,15,5,10,0,1,3.126,-2.455,-17.191,-31.618,186.87,5.832,11.487,0.735,-11.017,8.168,174.076,-26.779,6.704,7.062,-12.143,17.328,-215.679,-375.206,6.62,2.196,-10.61,-4,-18.412,-8.183,0,0
0,75.27,1.881,3.089,1.774,-22.625,15,5,10,0,1,4.967,-3.662,-17.177,11.588,212.58,1.298,7.113,-0.819,-13.872,13.466,169.695,-12.427,2.134,8.684,-15.644,2.901,-55.466,-1.939,8.296,0.999,-9.384,-13.878,-19.069,-7.771,0,0
0,74.768,1.293,3.093,0.401,-50.171,15,5,10,0,1,1.801,-2.908,-18.705,35.71,227.099,-5.466,5.964,-2.208,-12.646,32.015,161.069,-1.252,2.072,7.243,-15.206,-7.099,-55.435,-7.16,9.671,-0.108,-9.161,-12.214,-30.183,-8.137,0,0
0,74.024,0.666,3.119,2.586,-74.398,15,5,10,0,1,1.425,-1.964,-17.8,51.939,235.893,-18.244,5.468,-3.049,-12.617,45.74,146.183,11.985,3.073,5.918,-13.903,-11.405,-227.679,-15.084,8.347,-0.541,-10.933,-7.74,-37.023,-9.115,0,0
0,73.142,0,3.17,5.138,-88.257,15,5,10,0,1,4.004,-2.694,-18.928,61.466,248.29,-27.267,4.555,-1.847,-13.424,59.405,132.55,14.427,0.963,6.929,-15.35,-14.382,-58.489,-5.008,10.243,2.864,-7.956,-20.092,-37.527,-9.374,0,0
0,72.065,0,3.144,-2.563,-107.678,15,5,10,0,1,0.153,-0.745,-20.164,66.076,253.649,-34.672,6.38,-2.955,-11.764,73.13,120.656,12.305,3.116,5.403,-13.623,-13.053,-57.618,-7.221,10.481,0.728,-9.08,-17.618,-40.656,-11.237,0,0
0,70.816,0,3.133,-1.144,-124.89,15,5,10,0,1,1.387,-1.717,-19.495,71.344,264.855,-43.389,5.753,-3.075,-12.131,82.794,108.183,13.13,1.868,12.412,-18.408,-44.962,-492.351,-152.916,11.142,1.219,-7.504,-18.656,-36.687,-9.618,0,0
0,69.289,0,3.107,-2.586,-152.687,15,5,10,0,1,3.183,-1.871,-18.286,68.168,275.252,-53.893,4.347,-4.601,-11.592,101.069,90.733,12.733,1.547,13.447,-18.878,-2.458,-123.282,-23.359,10.15,0.323,-8.098,-1.374,-42.641,-7.542,0,0
0,67.557,0,3.096,-1.076,-173.195,15,5,10,0,1,3.176,-1.602,-18.693,52.626,281.511,-62.397,3.825,-4.428,-12.179,119.603,74.275,9.221,2.754,4.991,-14.265,6.382,-60.275,-13.557,9.24,0.884,-7.86,4.611,-47.634,-6.183,0,0
0,65.59,0,3.089,-0.755,-196.701,15,5,10,0,0,3.315,-3.058,-18.406,43.282,281.496,-66.641,2.795,-2.596,-12.818,138.458,54.687,2.733,3.066,4.759,-13.386,17.313,-60.427,-15.038,9.958,0.529,-8.507,8.687,-46.718,-5.481,0,0
0,63.532,0,3.082,-0.71,-205.811,15,5,10,0,0,3.037,-2.639,-20.353,30.137,278.489,-66.137,2.206,-0.97,-11.764,148.092,41.725,-7.42,2.941,4.752,-13.422,18.275,-121.176,-30.992,10.006,0.702,-8.713,13.893,-47.42,-4.794,0,0
0,61.325,0,3.074,-0.755,-220.768,15,5,10,0,0,3.854,-1.473,-21.67,29.145,279.221,-66.244,1.403,0.838,-12.979,148.321,24.733,-21.481,2.927,9.679,-23.768,133.725,44.687,-221.313,10.054,1.004,-9.386,18.519,-49.42,-5.206,0,0
0,59.065,0,3.067,-0.675,-225.998,15,5,10,0,0,0.994,-4.565,-23.898,35.16,269.542,-61.542,3.966,2.012,-10.311,139.053,18.885,-31.786,3.034,4.673,-13.192,41.756,-59.756,-13.969,9.626,0.639,-9.348,23.634,-53.71,-6.321,0,0
0,56.721,0,3.067,-0,-234.353,15,5,10,0,0,3.044,-5.418,-22.983,39.328,255.985,-58.153,5.911,3.523,-7.781,117.542,10.229,-32.656,3.291,9.689,-22.053,373.725,-491.74,-128.122,9.748,0.299,-8.327,30.107,-57.527,-5.863,0,0
0,54.312,0,3.067,-0,-240.933,15,5,10,0,0,5.197,-3.554,-24.029,41.649,253.359,-47.771,3.614,3.633,-9.494,99.74,-2.534,-38.168,3.722,5.482,-12.236,52.229,-124.992,-36.397,9.966,0.196,-6.876,36.214,-59.359,-4.092,0,0
0,51.913,0,3.067,-0,-239.857,15,5,10,0,0,3.422,-3.796,-24.626,27.237,231.099,-38.947,4.397,4.316,-7.983,82.885,-11.481,-39.221,4.311,6.227,-11.745,57.267,-123.924,-38.656,10.881,0.999,-6.543,40.458,-61.298,-1.42,0,0
0,49.605,0,3.067,-0,-230.793,15,5,10,0,0,2.515,-5.219,-25.272,14.122,208.229,-27.176,4.783,5.281,-5.715,63.435,-23.298,-36.382,4.742,6.579,-11.692,56.992,-235.618,380.092,11.178,1.72,-7.631,41.634,-65.191,0.489,0,0
0,47.438,0,3.067,-0,-216.717,15,5,10,0,0,3.667,-6.926,-25.215,-4.489,180.931,-14.794,5.288,5.051,-4.788,41.435,-31.084,-31.954,5.049,5.348,-12.361,54.473,-55.756,-18.565,10.03,1.803,-8.316,40.321,-71.16,0.305,0,0
0,45.457,0,3.119,5.127,-198.143,15,5,10,0,0,0.855,-5.008,-27.677,-18.611,151.603,-1.42,6.261,3.83,-3.264,19.115,-41.145,-28.107,3.995,7.3,-14.282,57.603,477.603,-51.542,10.991,0.565,-9.767,43.863,-70.214,1.802,0,0
0,43.607,0,3.129,1.076,-184.948,15,5,10,0,0,1.399,-6.651,-25.6,-33.206,120.122,11.069,5.209,2.551,-3.648,0.046,-50.885,-21.496,1.262,1.984,-28.199,189.298,-482.214,-148.519,10.148,3.667,-9.192,38.305,-66.824,5.298,0,0
0,41.981,0,3.272,14.317,-162.587,15,5,10,0,0,1.166,-7.096,-26.498,-44.733,88.824,22.779,5.022,3.638,-5.401,-15.481,-61.573,-12.153,8.191,7.619,-13.74,44.534,-119.328,3.176,7.484,-0.129,-15.738,44.687,-85.695,9.786,0,0
0,40.539,0,3.664,39.139,-144.264,15,5,10,0,0,1.485,-4.634,-27.181,-58.214,54.656,28.046,9.532,1.327,-2.127,-20.061,-71.42,-9.435,6.807,5.87,-15.206,39.16,-179.252,-8.733,13.577,3.535,-10.076,27.511,-89.328,10.595,0,0
0,39.33,0,4.202,53.799,-120.85,15,5,10,0,0,8.213,-5.147,-22.717,-48.321,47.847,27.023,10.521,-0.338,-3.305,-46.076,-71.725,-6.412,5.293,8.071,-15.642,36.137,-41.74,-4.198,13.326,2.843,-10.881,11.145,-94.58,8,0,0
0,38.312,0,4.884,68.195,-101.853,15,5,10,0,0,5.262,-5.192,-29.006,-69.328,-2.122,19.924,10.871,-0.287,-1.808,-29.023,-68.809,6.824,8.004,5.521,-13.822,33.374,-41.542,-11.603,11.853,0.623,-10.284,9.42,-108.763,8.092,0,0
0,37.583,0,5.59,70.656,-72.876,15,5,10,0,0,1.588,-1.487,-37.456,-48.489,-36.489,16.931,5.571,-5.147,-7.338,-29.985,-81.328,11.664,6.699,3.887,-14.08,33.405,-44.901,-31.023,14.303,-1.011,-7.698,9.908,-100.122,8.809,0,0
0,37.502,0,6.289,69.889,-8.045,15,5,10,1,0,5.281,-3.937,-23.701,-41.313,-110.519,-8.443,9.719,-3.205,-4.572,-10.275,-86.412,34.595,7.298,2.891,-12.313,39.481,-30.351,-2.168,12.536,-3.521,-7.863,31.344,-105.45,11.725,1,0
0,37.813,0,7.007,71.8,31.082,5,5,10,1,0,12.952,-5.521,-5.767,-13.191,-96.382,-13.817,11.714,-4.119,-5.379,0.763,-78.26,34.901,5.547,6.099,-13.944,96.992,-125.069,26.137,14.655,-1.99,-4.289,44.931,-100.366,17.557,0,0
0.67,38.062,0,7.682,67.429,24.902,5,5,10,1,0,9.578,-4.38,-8.229,19.832,-78.031,-5.725,15.443,-6.958,-7.175,15.786,-62.458,42.214,9.106,6.744,-8.751,120.229,-21.038,23.45,12.492,-1.562,-6.524,61.588,-113.878,20.916,0,0
1.3,38.404,0,8.505,82.329,34.126,5,5,10,1,0,4.323,-7.307,-6.723,41.221,-80.366,0.183,15.287,-1.272,-6.031,41.786,-37.71,65.313,9.06,6.723,-9.048,63.786,5.588,28.244,16.248,-0.129,-2.984,61.053,-117.847,23.435,0,0
1.891,39.004,0,9.428,92.297,60.059,5,5,10,1,0,8.222,-5.964,-9.4,52.351,-78.122,0.702,9.159,-1.698,-5.789,62.55,-24.992,84.458,11.637,6.517,-8.356,57.313,16.855,17.557,12.641,0.302,-5.865,59.435,-130.641,26.214,0,0
2.442,39.666,0,10.611,118.298,66.227,5,15,10,1,0,2.987,-4.239,-19.733,66.962,-84.26,2.901,6.069,-0.364,-6.167,66.87,-37.939,87.053,11.324,5.707,-8.744,43.908,29.16,37.13,12.368,2.381,-7.175,47.466,-135.206,23.496,0,0
2.953,40.245,0,12.142,153.122,57.873,5,15,10,1,0,2.675,0.043,-23.373,64.427,-90.153,-0.244,5.909,-1.765,-7.573,76.672,-62.366,75.084,10.931,12.813,-8.953,51.603,97.069,27.45,11.451,2.726,-7.283,24.397,-149.634,16.031,0,0
3.424,40.531,0,14.061,191.861,28.542,5,15,10,1,0,9.012,-1.466,-21.464,56.489,-81.405,-4.473,8.792,-0.965,-9.051,75.954,-81.924,53.45,8.586,8.224,-9.381,4.397,65.16,4.885,15.939,2.613,-2.927,-16.214,-152.046,7.603,0,0
3.857,40.402,0,16.188,212.746,-12.817,5,15,10,1,0,10.737,-3.399,-15.769,58.26,-63.511,2.153,11.53,1.387,-9.803,60.473,-92.015,36.137,9.939,6.225,-8.009,-15.954,81.954,6.748,11.072,-2.551,-5.58,-32.458,-164.031,8.229,0,0
4.249,39.674,0,18.679,249.081,-72.865,5,15,10,1,0,13.041,0.592,-16.545,44.824,-32.87,12.198,12.636,1.483,-10.172,30.87,-107.557,21.191,13.963,11.779,2.007,-57.71,232.244,9.557,14.801,0.692,0.536,-32.183,-170.977,10.183,0,0
4.602,38.44,0,21.516,283.734,-123.39,5,15,10,1,0,11.944,4.656,-16.533,0.931,-15.191,20.382,13.029,2.881,-10.617,3.42,-131.939,14.656,1.442,15.726,-1.744,-79.359,286.412,3.603,18.799,1.878,1.557,-33.542,-155.496,9.237,0,0
4.915,36.726,0,24.571,305.466,-171.421,5,15,10,1,0,10.916,4.551,-16.118,-4.397,-14.229,21.74,13.45,4.898,-9.844,-6.427,-146.611,9.817,9.278,7.484,-6.479,-53.206,167.496,3.481,19.158,0.788,-3.355,-39.176,-150.107,7.115,0,0
5.188,34.591,0,27.767,319.657,-213.433,5,15,10,1,0,5.794,5.724,-19.613,-86.015,18.26,36.855,13.091,0.721,-11.884,-43.74,-163.237,2.718,8.795,15.213,3.976,-492.076,42.26,147.786,15.354,2.584,-8.804,-43.969,-153.924,11.45,0,0
5.422,32.056,0,31.207,343.907,-253.487,5,15,10,1,0,2.845,4.225,-19.972,-112.214,36.137,38.366,9.788,2.455,-12.148,-54.351,-180.947,-3.878,9.154,9.321,-6.74,-62.55,192.702,10.855,16.432,4.491,-14.054,-50.672,-168.229,10.687,0,0
5.616,29.252,0,34.938,373.135,-280.449,5,15,10,1,0,11.613,-3.674,-11.467,-135.985,63.405,34.84,12.959,3.921,-12.595,-61.496,-192.076,-3.053,10.035,10.447,-12.183,-92.092,452.702,0.061,15.848,7.36,-14.624,-79.878,-190.611,13.282,0,0
5.771,26.014,0,39.021,408.36,-323.754,5,15,10,1,0,5.018,6.62,-16.147,-162.427,53.939,45.176,9.621,0.601,-9.748,-74.351,-207.573,-3.374,8.981,7.523,-15.314,-114.336,238.718,-16.733,16.056,6.182,-15.996,-110.687,-200.168,11.893,0,0
5.886,22.697,0,43.375,435.391,-331.742,5,15,10,1,0,8.122,5.303,-19.388,-173.573,51.908,42.183,6.067,0.572,-8.857,-80.855,-214.763,-4.412,9.127,5.652,-17.431,-125.16,249.176,-38.061,14.653,10.164,-14.734,-140.504,-201.557,6.336,0,0
5.961,19.529,0,47.866,449.056,-316.773,5,15,10,1,0,10.509,-3.097,-17.347,-151.939,41.496,35.023,9.872,2.354,-9.056,-89.832,-202.702,-3.389,6.16,6.473,-27.14,-6.076,50.916,13.679,16.485,0.659,-17.589,-157.649,-179.359,6.534,0,0
5.997,16.83,0,52.367,450.074,-269.967,5,15,10,1,0,4.924,-3.123,-19.634,-108.565,31.634,39.313,11,2.098,-10.742,-96.183,-193.511,2.504,7.76,2.723,-20.655,-109.924,-477.634,-307.237,13.072,3.794,-18.588,-160.244,-168.641,10.443,0,0
5.993,14.438,0,56.94,457.318,-239.136,5,15,10,1,0,4.687,-7.671,-17.048,-69.924,28.366,37.786,10.78,-2.56,-12.143,-91.053,-185.649,13.435,5.456,-0.335,-21.009,-116.763,-473.664,-346.198,5.154,1.801,-28.3,-125.71,-184.748,-1.466,0,0
5.949,12.303,0,61.595,465.466,-213.501,5,15,10,1,0,7.757,-3.343,-14.868,-57.496,27.237,35.282,11.451,-2.776,-13.925,-89.496,-181.725,26.504,8.13,-8.896,-41.213,324.794,85.954,-70.84,9.369,10.052,-22.707,-137.527,-187.542,-18.29,0,0
5.866,10.11,0,66.183,458.886,-219.349,5,15,10,1,0,7.52,-5.525,-14.538,-36.87,33.267,34.794,9.094,-4.069,-11.458,-76.687,-191.771,34.519,3.866,6.279,-21.392,-310.962,235.45,390.84,11.043,0.036,-13.304,-141.466,-167.435,-23.756,0,0
5.743,7.884,0,70.116,393.288,-222.599,5,15,10,1,0,12.174,-5.358,-10.684,-50.092,41.267,30.794,7.298,-5.073,-10.763,-64.366,-198,34.214,9.693,5.626,-16.995,-8.382,238.901,-54.718,18.631,-3.595,-3.43,-123.145,-86.015,-16.748,0,0
5.581,5.547,0,73.164,304.745,-233.7,5,15,10,1,0,5.839,-5.509,-12.231,-50.092,32.458,27.985,8.181,-2.922,-7.633,-60.702,-194.214,27.817,9.082,6.434,-21.919,-1.649,-124.84,-306.931,14.346,-9.803,-4.333,-54.55,3.527,-8.229,0,0
5.379,3.144,0,75.35,218.605,-240.246,5,15,10,1,0,1.564,-6.981,-13.941,-44.763,35.328,27.206,6.998,-2.905,-7.46,-62.031,-191.252,19.725,7.755,2.718,-15.254,3.725,408.412,-45.557,11.391,-14.229,-5.691,38.931,54.611,2.504,0,0
5.137,0.749,0,76.84,149.002,-239.48,5,15,10,1,0,9.513,-3.846,-12.076,-60.702,44.489,23.725,9.714,-3.571,-9.729,-67.802,-182.55,13.756,6.38,1.202,-14.885,3.939,188.687,-2.656,8.313,-10.768,-10.33,115.252,98.382,5.618,0,0
4.855,-1.492,0,77.833,99.289,-224.156,5,15,10,1,0,4.34,-5.952,-13.06,-48.977,34.26,21.13,11.544,-1.933,-8.969,-72,-178.458,14.305,3.906,1.044,-13.369,1.282,479.145,24.977,5.202,-3.185,-15.311,163.298,121.481,-1.969,0,0
4.534,-3.631,0,78.485,65.197,-213.868,5,15,10,1,0,4.21,-7.504,-13.426,-28.122,39.038,20.687,10.313,-1.729,-9.925,-71.069,-168.656,15.252,0.874,0.936,-16.095,5.618,339.939,71.786,7.59,2.158,-15.869,150.672,151.863,-15.618,0,0
4.174,-5.542,0,78.675,18.997,-191.128,5,15,10,1,0,4.625,-2.603,-13.429,-21.069,31.939,20.366,13.091,-3.935,-10.143,-65.023,-162.168,17.618,2.242,1.31,-15.295,33.511,168.55,90.565,5.168,3.185,-15.4,116.947,174.183,-20.366,0,0
3.773,-7.264,0,78.452,-22.293,-172.154,5,15,10,1,0,7.817,-6.814,-11.75,3.069,29.527,18.473,11.372,-3.449,-11.357,-52.168,-153.511,15.344,2.618,4.1,-14.983,50.366,167.115,90.198,3.621,-0.963,-14.643,87.985,201.099,-13.71,0,0
3.333,-8.805,0,78.184,-26.791,-154.118,5,15,10,1,0,4.586,-1.583,-11.594,10.26,26.534,20.137,11.137,-3.19,-12.097,-30.336,-147.527,10.29,-0.68,5.183,-15.96,64.794,318.687,67.817,4.469,1.104,-12.77,77.786,212.855,1.099,0,0
2.854,-10.267,0,77.701,-48.328,-146.176,5,15,10,1,0,4.958,-3.473,-10.646,9.802,18.58,18.595,10.442,-1.3,-10.105,-6.366,-140.412,4.473,-0.776,5.786,-18.032,65.405,154.137,5.313,8.795,2.407,-11.961,29.847,245.176,6.901,0,0
2.335,-11.669,0,76.891,-80.944,-140.225,5,15,10,1,0,5.197,-2.196,-8.826,8.748,16.931,19.847,6.443,-2.759,-9.542,8.901,-143.221,4.855,-1.408,6.455,-18.025,50.046,136.275,10.901,8.656,-0.23,-14.859,-7.725,266.885,6.412,0,0
1.776,-13.057,0,75.737,-115.357,-138.794,5,15,10,1,0,1.945,1.638,-9.697,-22.809,-1.466,16.122,16.356,3.109,-6.086,12.153,-129.221,3.16,-1.38,11.672,-39.422,254.809,169.756,-9.038,6.138,0.172,-15.898,-18.168,274.458,17.389,0,0
1.177,-13.969,0,74.357,-138.027,-91.221,5,15,10,1,0,4.654,-7.575,-4.069,-38.168,-18.504,9.115,19.385,4.783,-5.171,-10.107,-92.947,3.969,-1.317,15.188,-35.073,74.519,-112.382,-140.702,6.244,-0.079,-15.829,-24.824,282.641,29.282,0,0
0.539,-14.455,0,72.727,-162.976,-48.637,5,15,10,1,0,3.729,-5.307,-6.68,-31.603,-24.458,5.771,17.666,1.104,-4.507,-36.107,-58.656,6.229,-0.625,8.989,-15.704,-17.405,218.794,-27.481,7.044,-2.886,-17.841,-29.481,291.588,38.473,0,0
0,-14.338,0,70.889,-183.815,11.684,5,15,10,1,0,3.085,-8.186,-6.462,-29.939,-48.214,-0.779,21.673,-1.518,-1.765,-50.061,-17.145,6.397,-2.793,8.052,-17.156,-39.328,195.924,-21.435,7.535,0.802,-16.645,-30.977,298.977,50.565,0,0
0,-13.723,0,68.798,-209.084,61.535,5,15,10,1,0,7.506,-11.946,-5.338,0.687,-57.13,-5.969,15.134,-5.362,-4.215,-50.26,3.176,10.137,-0.735,9.65,-15.283,-61.573,83.252,-12.305,6.103,-0.968,-18.396,-31.802,306.901,60.366,0,0
0,-12.958,0,66.498,-230.038,76.504,5,15,10,1,0,4.871,-7.54,-8.79,18.916,-67.298,-8.412,8.428,-7.528,-3.159,-21.847,-8.733,10.748,-2.85,15.562,-44.921,318.534,482.672,-365.435,11.051,2.036,-16.95,-40.183,318.183,68.87,0,0
0,-12.189,0,64.041,-245.728,76.927,5,15,10,1,0,6.356,-7.825,-8.622,25.603,-76.916,-12.153,7.973,-7.528,-5.43,6.458,-27.405,13.573,-1.068,14.11,24.774,180.763,-451.069,-64.489,8.371,0.235,-20.092,-26.305,308.962,70.412,0,0
0,-11.526,0,61.515,-252.629,66.319,5,15,10,1,0,7.59,-5.281,-10.66,31.038,-82.137,-12.397,8.921,-4.788,-8.114,29.16,-42.443,10.611,-2.443,0.406,-38.704,42.992,483.649,-5.008,9.087,-1.071,-22.774,-27.008,310.183,69.13,0,0
0,-10.929,0,58.966,-254.895,59.635,5,15,10,1,0,6.474,-4.39,-12.035,29.893,-86.992,-11.756,8.5,-2.958,-10.787,41.359,-54.55,12.214,-3.904,6.64,-22.211,-253.557,191.511,14.534,7.791,1.023,-20.396,-28.626,303.405,65.695,0,0
0,-10.467,0,56.391,-257.424,46.211,5,15,10,1,0,6.962,-4.378,-12.368,34.779,-85.74,-10.885,6.732,0.091,-11.515,48.397,-64.55,12.901,-1.677,3.664,-13.711,-112.244,97.466,9.954,11.752,1.59,-20.724,-28.779,295.664,65.038,0,0
0,-10.031,0,53.794,-259.701,43.568,5,15,10,1,0,6.404,-2.373,-12.655,25.237,-89.664,-10.901,10.402,1.269,-10.435,38.351,-62.702,12.656,-1.274,3.164,-11.23,-96.794,76.611,3.115,7.575,3.516,-21.534,-32.382,277.771,63.679,0,0
0,-9.655,0,51.206,-258.866,37.651,5,15,10,1,0,7.894,-2.872,-12.871,18.718,-85.176,-8.718,9.343,1.856,-11.657,20,-64.153,10.977,-2.613,1.068,-10.117,-61.634,13.008,70.229,7.645,-0.261,-24.108,-28.885,259.634,59.298,0,0
0,-9.292,0,48.719,-248.646,36.324,5,15,10,1,0,6.941,-1.851,-12.696,3.298,-87.664,-7.557,7.331,2.453,-11.168,-2.901,-61.145,16.29,-3.121,-0.168,-7.75,-24.855,12.458,94.901,4.04,1.205,-24.144,-19.664,231.817,54.718,0,0
0,-9.007,0,46.415,-230.416,28.496,5,15,10,0,0,7.597,-4.994,-10.045,-3.878,-89.695,-7.45,9.582,2.144,-10.378,-18.305,-56.718,15.069,-3.803,2.697,-2.922,14.702,-34.198,219.481,5.715,1.483,-22.86,-0.137,199.511,48.748,0,0
0,-8.743,0,44.298,-211.67,26.39,5,15,10,0,0,9.187,-2.443,-12.337,-15.206,-83.267,-3.099,7.027,0.587,-12.509,-37.252,-58.504,13.481,-2.967,2.151,-4.196,57.328,-47.725,44.641,5.621,2.845,-22.556,18.641,167.42,40.092,0,0
0,-8.431,0,42.362,-193.68,31.139,5,15,10,0,0,5.142,-2.273,-13.129,-25.664,-90.84,-3.084,9.388,-0.948,-10.593,-48.656,-54.046,15.954,-2.467,3.825,-6.708,32.046,-41.557,41.16,4.754,2.661,-23.014,36.275,133.481,29.954,0,0
0,-8.102,0,40.596,-176.56,32.948,5,15,10,0,0,3.854,-5.873,-12.124,-27.13,-102.504,-9.618,13.379,-1.159,-8.49,-53.206,-49.527,22.26,-3.027,7.937,-4.565,128.718,-195.053,88.366,4.373,3.741,-23.66,49.252,96.748,19.359,0,0
0,-7.677,0,39.153,-144.253,42.538,5,15,10,0,0,11.051,-2.673,-12.615,-28.153,-100.107,-12.763,13.517,-4.364,-11.391,-54.779,-44.779,20.565,3.202,3.969,-3.899,20.015,-99.908,102.901,6.414,0.936,-23.955,67.084,60.504,23.893,0,0
0,-7.117,0,37.996,-115.711,55.985,5,15,10,0,0,9.171,-4.383,-14.131,-18.473,-103.664,-17.939,13.307,-3.992,-12.904,-48.718,-40.687,20.931,1.145,7.851,-4.747,43.618,-224.733,126.29,6.225,7.216,-24.554,60.794,33.832,11.221,0,0
0,-6.443,0,37.271,-72.487,67.406,5,15,10,0,0,11.185,-4.943,-14.234,-10.733,-105.435,-20.656,13.019,-3.727,-13.24,-40.321,-37.695,16.763,-0.158,3.64,-5.137,5.405,-49.344,13.588,5.652,5.901,-28.098,50.702,-29.115,-2,0,0
0,-5.623,0,37.047,-22.419,82.02,5,15,10,0,0,9.463,-3.698,-13.829,-7.634,-108.397,-22.58,13.872,-1.894,-14.406,-36.718,-32.794,17.481,-1.121,6.807,-6.467,1.817,-223.527,-24.183,5.073,7.353,-28.573,38.626,-72.183,-6.931,0,0
0,-4.754,0,37.282,23.46,86.815,5,15,10,0,0,9.147,-3.607,-13.079,-5.634,-108.046,-25.603,12.042,-1.993,-11.745,-35.847,-34.092,21.053,2.261,6.601,-6.759,-116.672,-7.588,-240.611,5.542,4.536,-23.284,13.969,-139.664,-4.656,0,0
0,-3.839,0,38.128,84.618,91.564,5,15,10,0,0,9.729,-1.506,-13.333,-19.344,-107.893,-26.382,12.296,-0.292,-10.325,-35.817,-31.893,16.885,3.923,9.592,-11.728,-34.916,-255.466,-141.74,10.576,6.21,-6.665,-22.916,-146.626,-1.084,0,0
0,-2.935,0,39.069,94.082,90.397,5,15,10,0,1,10.919,-2.654,-11.961,-29.221,-109.252,-27.664,13.024,2.06,-10.423,-46.26,-26.183,14.809,5.049,3.56,-23.744,-112.504,459.221,88.427,14.926,4.9,2.97,-80.718,-100.916,-0.84,0,1
0,-2.085,0,39.871,80.258,84.995,5,5,10,0,1,13.355,-2.505,-10.787,-39.511,-106.229,-28.076,13.438,2.797,-9.877,-58.916,-20.29,11.542,9.36,9.857,-16.075,427.221,-348.855,-176.855,19.78,2.955,9.06,-100.198,-71.191,-4.26,0,0
0,-1.297,0.674,40.197,32.559,78.758,5,5,10,0,1,11.688,0.534,-11.506,-53.847,-104.595,-28.214,13.656,1.779,-10.076,-74.87,-16.214,0.656,3.626,13.307,2.002,216.412,459.191,-283.359,10.62,1.736,3.787,-99.069,-71.985,-7.084,0,0
0,-0.503,1.307,40.479,28.21,79.445,5,5,10,0,1,13.776,-1.363,-9.824,-65.16,-104.198,-30.947,13.209,-1.166,-9.46,-79.573,-10.977,-6.809,5.879,-2.453,6.821,-5.145,-237.588,-264.061,9.666,-9.288,-19.038,-24,-94.656,-13.786,0,0
0,0.263,1.9,41.497,101.795,76.538,5,5,10,0,1,13.676,-0.944,-9.867,-76.947,-105.527,-34.26,15.105,-0.086,-10.054,-76.534,-8.183,-10.733,5.879,-2.453,6.821,-24.321,-449.74,-274.565,7.779,2.632,-18.446,-4.198,-128.55,-18.947,0,0
0,1.035,2.454,42.867,136.975,77.225,5,5,10,0,1,11.618,0.034,-10.785,-83.74,-106.321,-35.496,17.443,-1.133,-8.327,-70.656,-5.527,-15.313,-0.139,3.075,-1.629,-91.832,-178.458,-59.969,7.465,11.084,-18.054,-44,-131.542,-24.992,0,0
0,1.972,2.967,43.947,108.021,93.762,15,5,10,0,1,11.764,-4.316,-7.185,-79.069,-114.076,-39.878,18.238,0.079,-7.147,-60.962,6.412,-10.656,1.324,5.54,-11.664,14.29,-69.481,-60.626,13.288,2.953,-18.087,-73.252,-95.328,-22.656,0,0
0,3.159,3.44,44.449,50.16,118.675,15,5,10,0,1,11.594,-5.786,-7.583,-63.191,-118.504,-40.305,17.314,0.158,-5.676,-52.947,20.672,-11.481,3.834,7.355,-15.833,27.313,-361.053,-186.931,16.734,-1.595,-13.98,-70.107,-56.015,-12.443,0,0
0,4.672,3.873,44.163,-28.542,151.245,15,5,10,0,1,9.609,-4.469,-8.387,-42.107,-128.763,-38.931,16.82,-0.812,-4.948,-41.374,43.252,-14.855,5.365,4.892,-26.494,31.191,-484.534,-496.855,10.435,-13.137,-20.64,-7.45,-45.496,-11.176,0,0
0,6.565,4.266,43.386,-77.683,189.286,15,5,10,0,1,11.024,-5.772,-8.21,-17.374,-138.718,-42.885,16.324,0.321,-6.383,-32.733,65.939,-16.336,5.624,-0.262,-26.618,-3.985,-283.191,-115.298,20.679,0.625,-10.023,14.718,-22.397,-13.176,0,0
0,9.037,4.619,41.776,-161.076,247.204,15,5,10,0,1,10.203,-8.323,-7.29,-6.931,-155.817,-46.183,17.088,-2.342,-5.14,-21.634,100.611,-19.466,3.638,7.046,-15.503,-2.26,-177.893,-2.168,6.342,-9.559,-19.517,40.687,13.802,-25.908,0,0
0,11.82,4.932,39.49,-228.55,278.367,15,5,10,0,1,8.201,-8.936,-6.119,11.328,-168.977,-45.618,20.257,0.651,-2.527,-22.092,127.344,-15.115,0.762,4.699,-20.212,11.954,-195.969,0.031,13.704,-2.874,-11.707,62.26,45.405,-15.084,0,0
0,14.944,5.204,36.502,-298.84,312.356,15,5,10,0,1,12.428,-5.801,-10.488,15.023,-161.313,-36.901,16.071,-1.389,-6.905,-6.565,148.824,-18.534,-1.08,-0.291,-23.26,74.55,-418.931,23.45,14.643,-4.44,-14.775,84.168,63.649,-3.771,0,0
0,18.379,5.437,33.085,-341.675,343.541,15,5,10,0,1,14.255,-6.68,-16.13,21.084,-174.947,-31.771,16.847,-3.569,-6.922,9.817,179.191,-20.855,-2.632,1.667,-20.18,64.489,-218.351,16.855,18.935,3.063,-7.508,85.237,81.481,-2.321,0,0
0,22.44,5.629,29.214,-387.097,406.117,15,5,10,0,1,11.446,-4.095,-21.016,42.351,-199.878,-31.313,13.12,-5.231,-9.961,27.634,204.519,-9.313,-3.121,2.929,-13.333,58.534,-231.45,22.351,9.875,-3.03,-2.369,103.115,74.519,-12.122,0,0
0,26.981,5.782,24.988,-422.574,454.102,15,5,10,0,1,8.924,-6.349,-20.394,63.725,-227.42,-38.672,12.871,-4.654,-10.615,40.55,220.489,10.718,-6.967,-0.454,-20.918,109.053,15.756,129.71,6.517,-9.652,-18.494,145.542,55.695,-19.817,0,0
0,31.98,5.894,21.03,-395.829,499.833,15,5,10,0,1,7.647,-12.33,-16.051,101.527,-235.695,-47.145,16.499,-3.684,-11.168,53.344,236.305,31.649,2.176,-11.378,-13.814,459.664,327.328,449.466,5.729,-9.951,-17.886,192.55,24.412,-11.542,0,0
0,37.103,5.966,17.957,-307.332,512.307,15,5,10,0,1,10.248,-5.161,-20.264,121.053,-236.427,-43.634,12.037,-1.542,-13.379,69.542,246.122,56.29,11.349,-7.584,-10.03,-369.649,-81.832,402.809,7.93,6.335,-12.768,164.489,8.137,-8.076,0,0
0,42.274,5.998,15.771,-218.594,517.125,15,5,10,0,1,10.002,0.757,-26.63,124.931,-230.321,-39.115,12.468,-0.982,-14.346,75.221,253.573,72.672,10.933,1.655,-10.617,110.977,351.267,25.16,11.259,12.607,-8.785,101.939,3.588,-16.153,0,0
0,47.485,5.99,14.02,-175.038,521.085,15,5,10,0,1,-9.297,-2.587,-32.697,146.992,-246.595,-35.756,12.114,-5.171,-14.19,72.427,250.168,118.275,5.94,3.828,-20.559,257.176,376.412,-52.519,10.713,9.02,-8.007,26.626,10.611,-22.382,0,0
0,52.418,5.942,12.446,-157.46,493.344,15,5,10,0,1,16.473,-10.667,-10.301,179.481,-197.359,-35.985,11.448,0.287,-13.3,65.038,222.779,111.725,5.76,5.847,-26.824,391.405,363.466,391.817,10.368,3.317,-8.1,15.466,14.351,-22.702,0,0
0,56.806,5.854,10.955,-149.105,438.733,15,5,10,0,1,17.211,-8.356,-9.022,183.237,-156.046,-31.878,15.812,-2.28,-16.914,58.504,234.794,116,4.603,3.541,-16.957,139.328,-139.374,-359.084,10.279,3.897,-9.345,23.435,17.847,-15.985,0,0
0,60.347,5.726,9.479,-147.526,354.127,15,5,10,0,1,12.742,-2.639,-15.038,155.069,-112.122,-23.954,13.024,1.154,-14.265,73.924,225.069,97.939,4.694,3.043,-14.868,111.344,384.229,-144.733,9.132,4.392,-10.536,34.336,18.321,-12.611,0,0
0,63.28,5.557,7.982,-149.746,293.336,15,5,10,0,1,7.887,3.365,-16.66,128.458,-76.489,-13.344,11.07,-0.103,-12.361,60.534,207.771,78.443,3.375,9.509,-16.296,86.397,375.435,-135.573,7.995,4.843,-9.638,32.519,19.557,-9.771,0,0
0,65.708,5.349,6.491,-149.06,242.753,15,5,10,0,1,8.414,3.274,-15.342,92.519,-42.153,-7.832,10.835,-1.423,-11.434,65.115,192.107,56.595,3.056,9.432,-13.537,41.786,-311.221,-80.489,9.082,2.347,-8.816,39.206,20.672,-2.916,0,0
0,67.781,5.1,5.074,-141.724,207.333,15,5,10,0,1,6.493,-0.127,-14.384,56.733,-21.344,-3.893,11.86,-1.348,-9.805,65.206,186.122,37.878,2.352,9.948,-26.623,286.26,-136.687,-287.023,8.598,2.874,-8.754,38.687,19.252,1.176,0,0
0,69.52,4.811,3.715,-135.899,173.928,15,5,10,0,1,5.758,1.087,-15.853,29.649,9.389,3.985,11.994,0.522,-11.465,62.87,180.244,15.588,1.794,7.602,-13.719,36.656,432.046,-79.267,8.644,1.643,-8.272,29.038,16.244,0.916,0,0
0,71.026,4.483,2.456,-125.954,150.513,15,5,10,0,1,4.301,1.722,-16.435,-4.061,31.542,10.489,12.468,1.566,-10.2,56.702,184.168,-3.435,6.601,5.853,-11.815,46.382,-125.542,-2.565,6.883,0.295,-10.694,32.855,5.389,1.13,0,0
0,72.296,4.114,1.474,-98.202,127.053,15,5,10,0,1,3.691,0.877,-16.94,-31.069,53.344,15.115,12.188,1.638,-10.711,46.397,187.145,-18.931,1.039,7.231,-14.179,43.832,-245.069,0,10.27,3.966,-7.566,6.779,8.641,1.252,0,0
0,73.354,3.705,0.47,-100.331,105.801,15,5,10,0,1,3.667,0.606,-16.856,-50.901,73.115,19.802,10.837,1.672,-11.139,38.626,188.916,-28.718,2.838,6.017,-17.23,74.947,-435.298,14.962,9.453,1.451,-7.178,-9.221,2.626,-4.214,0,0
0,74.237,3.256,-0.559,-102.883,88.257,15,5,10,0,1,3.245,-0.56,-16.193,-62.26,93.71,23.359,10.524,0.637,-11.034,27.924,187.389,-34.794,7.535,8.106,-14.193,47.13,-205.527,20.519,7.101,-2.69,-9.853,7.802,-2.229,-1.847,0,0
0,74.948,2.767,-1.291,-73.242,71.091,15,5,10,0,1,2.033,0.422,-17.661,-73.786,111.145,23.847,11.01,0.632,-10.064,18.55,181.237,-38.107,6.864,5.446,-11.573,13.634,-181.985,-117.252,9.156,3.794,-7.113,13.023,-15.832,2.076,0,0
0,75.496,2.237,-1.734,-44.334,54.886,15,5,10,0,1,1.633,0.505,-16.451,-72.458,127.847,26.321,8.833,1.162,-10.064,10.687,172.687,-39.847,7.535,6.974,-10.536,3.679,-146.504,71.267,7.956,4.862,-6.845,-1.695,-21.618,-3.527,0,0
0,75.918,1.668,-1.946,-21.206,42.114,15,5,10,0,1,2.929,-1.715,-16.312,-65.084,149.405,25.771,7.659,0.616,-11.223,1.191,164.809,-39.221,7.844,6.613,-11.448,0.244,-57.649,19.389,7.875,2.783,-7.611,-7.573,-33.542,-6.702,0,0
0,76.108,1.059,-1.859,8.789,19.043,15,5,10,0,1,1.727,4.63,-21.134,-56.031,167.847,23.374,12.406,-2.644,-11.118,1.557,163.557,-45.817,3.193,9.76,-13.721,-4.473,-49.802,4.397,9.899,3.415,-4.84,-26.305,-39.496,-6.931,0,0
0,75.948,0.409,-1.73,12.84,-16.033,15,5,10,0,1,-1.013,0.855,-19.203,-42.702,182.656,13.405,17.357,-2.043,-9.238,-0.809,167.099,-37.344,6.447,4.477,-16.602,-177.359,216.916,128,5.712,-0.901,-10.287,-29.099,-52.137,-8.427,0,0
0,75.644,0,-1.529,20.073,-30.407,15,5,10,0,0,0.177,-1.363,-18.025,-12.321,208.947,6.458,14.511,-3.099,-9.623,4.947,164.84,-23.771,-0.8,8.298,-21.78,-63.069,-111.023,1.313,10.552,2.191,-5.164,-36.015,-43.878,-6.076,0,0
0,75.116,0,-1.422,10.7,-52.757,15,5,10,0,0,3.298,-2.999,-17.924,19.42,227.924,-1.298,9.753,-3.954,-12.016,16.443,156.427,-4.397,3.66,6.246,-11.221,-42.58,-97.359,-11.115,9.415,0.508,-6.301,-23.298,-60.84,-4.29,0,0
0,74.347,0,-1.379,4.372,-76.939,15,5,10,0,0,1.401,-1.734,-20.271,44.229,241.466,-8.58,7.259,-2.417,-12.193,33.099,145.664,6.947,3.233,4.648,-15.113,-306.58,-496.382,-25.16,8.224,-0.412,-9.554,-15.16,-51.847,-3.038,0,0
0,73.366,0,-1.383,-0.401,-98.076,15,5,10,0,0,1.677,-2.33,-19.814,59.16,248.504,-18.855,6.16,-2.544,-11.683,50.809,133.237,15.328,2.544,4.891,-13.132,-29.817,-59.969,-5.481,9.523,0.992,-7.626,-5.176,-58.977,-0.534,0,0
0,72.237,0,-1.383,-0,-112.862,15,5,10,0,0,3.233,-1.123,-20.018,64.855,258.122,-28.168,5.077,-1.878,-11.321,64.794,120.458,19.023,3.02,4.307,-16.698,-43.924,-244.412,-62.168,9.549,0.158,-8.692,-1.405,-57.649,1.176,0,0
0,70.923,0,-1.379,0.401,-131.424,15,5,10,0,0,2.769,-0.913,-18.861,62.534,269.298,-31.954,5.47,-2.929,-11.048,78.84,106.992,13.878,2.709,4.016,-13.896,-2.611,-236.84,-249.405,9.884,0.493,-8.902,2.992,-57.618,2.26,0,0
0,69.385,0,-1.368,1.064,-153.809,15,5,10,0,0,3.616,-1.037,-17.294,51.221,275.985,-37.634,5.073,-2.076,-12.6,92.382,91.481,9.847,2.637,4.024,-14.734,10.916,-58.305,-14.931,9.944,0.172,-9.638,8.733,-58.382,2.275,0,0
0,67.616,0,-1.346,2.232,-176.869,15,5,10,0,0,5.185,-0.589,-18.521,24.183,283.481,-42.229,4.852,-3.499,-11.937,108.931,76.412,1.557,3.027,3.707,-15.187,14.275,-115.008,-12.672,10.152,0.146,-10.315,13.359,-59.725,3.328,0,0
0,65.661,0,-1.265,8.034,-195.568,15,5,10,0,0,3.796,-2.17,-18.492,9.496,285.603,-41.176,5.37,-1.679,-11.558,125.863,61.115,-11.695,6.541,1.839,-14.353,36.351,-53.267,-0.84,5.638,-3.121,-15.34,31.557,-69.924,2.29,0,0
0,63.485,0,-0.818,44.724,-217.507,15,5,10,0,0,4.361,-1.756,-19.9,-1.74,288.519,-38.229,4.56,0.29,-11.278,128.763,49.618,-25.16,5.592,4.021,-14.919,49.939,-73.878,-11.389,9.441,1.511,-9.963,30.473,-82.718,3.206,0,0
0,61.152,0,-0.192,62.588,-233.311,15,5,10,0,0,5.425,2.821,-25.845,-1.756,300.443,-33.435,2.352,1.516,-12.133,122.809,34.55,-43.099,3.387,6.593,-16.356,51.267,-37.084,-50.809,11.86,3.228,-7.14,13.16,-78.611,0.733,0,0
0,58.703,0,0.288,48.008,-244.961,15,5,10,0,0,0.419,-3.176,-23.239,2.84,289.252,-31.71,3.164,3.305,-9.975,104.992,27.023,-51.573,5.061,4.733,-14.722,38.26,-58.733,-34.107,10.564,1.985,-9.388,3.939,-71.756,0.321,0,0
0,56.117,0,0.72,43.213,-258.568,15,5,10,0,0,3.013,-2.218,-24.08,-2.992,278,-28.763,2.826,3.533,-8.828,70.931,15.893,-52.702,4.297,6.922,-13.913,31.511,-58.519,-60.336,9.683,1.332,-8.347,19.466,-79.771,0.473,0,0
0,53.509,0,1.195,47.539,-260.777,15,5,10,0,0,0.357,0.053,-28.35,-12.443,270.412,-24.107,3.133,3.822,-7.693,43.832,0.824,-59.954,4.165,7.954,-13.719,15.74,-175.649,-98.565,10.864,2.567,-6.773,23.588,-80.87,4.076,0,0
0,50.921,0,1.602,40.672,-258.854,15,5,10,0,0,1.03,-4.079,-25.562,-23.939,241.802,-19.145,3.142,3.228,-6.922,21.267,-14.687,-50.305,1.54,8.356,-15.472,3.099,-93.756,-17.771,9.97,0.232,-9.748,26.473,-75.313,6.061,0,0
0,48.5,0,1.913,31.117,-242.112,15,5,10,0,0,-0.168,-2.793,-28.594,-37.573,211.588,-13.893,3.748,1.734,-4.907,11.634,-31.435,-41.771,6.431,6.098,-11.75,11.359,-56.656,-3.573,9.678,3.485,-9.125,21.221,-84.305,11.237,0,0
0,46.284,0,2.251,33.737,-221.524,15,5,10,0,0,-0.031,-4.84,-28.975,-50.565,173.252,-7.069,3.384,2.795,-3.899,5.832,-45.191,-36.29,4.831,5.84,-19.06,21.664,-146.275,-14.412,8.756,4.505,-9.64,21.374,-86.84,11.206,0,0
0,44.289,0,2.693,44.289,-199.574,15,5,10,0,0,-0.412,-9.343,-26.192,-54.901,127.954,3.084,4.752,1.516,-2.199,0.244,-53.863,-29.908,4.198,5.99,-15.388,12.321,-35.511,0.794,12.349,3.205,-8.105,13.023,-90.687,12.351,0,0
0,42.6,0,3.221,52.769,-168.904,15,5,10,0,0,1.595,-5.046,-28.45,-65.42,92.84,10.992,5.418,2.831,-3.485,-11.282,-66.519,-21.985,5.956,5.949,-14.181,14.733,-33.603,-1.771,11.398,0.58,-11.36,16.397,-94.855,11.618,0,0
0,41.278,0,3.851,62.943,-132.134,15,5,10,0,0,2.35,-6.742,-25.945,-57.649,69.908,8.244,10.129,1.09,-1.753,-26.794,-66.473,-25.206,5.24,9.507,-28.165,126.885,426.977,-43.725,9.733,0.455,-10.205,12.595,-99.664,12.29,0,0
0,40.169,0,4.539,68.859,-110.951,15,5,10,0,0,1.329,-6.313,-33.655,-66.794,11.145,7.908,8.248,2.431,-1.655,0.641,-65.13,-9.176,5.212,3.916,-14.459,22.275,-38.427,-4.244,10.15,-1.638,-11.233,18.275,-100.427,14.519,0,0
0,39.4,0,5.304,76.527,-76.904,15,5,10,0,0,-8.117,-5.88,-44.27,-45.863,-48.885,15.359,8.466,1.768,-1.779,-0.641,-70.962,-7.908,3.571,3.334,-14.545,31.069,-76.321,-9.618,13.695,0.807,-7.269,17.115,-102.779,16.382,0,0
0,39.26,0,6.026,72.144,-13.939,15,5,10,1,0,-1.538,-3.882,-33.973,-41.42,-130.641,6.183,11.554,-1.169,-1.521,2.504,-75.145,15.282,6.103,1.703,-12.55,51.481,-35.42,0.366,12.243,-2.134,-9.992,27.985,-108.412,17.649,1,0
0,39.659,0,6.791,76.515,39.894,5,5,10,1,0,13.75,-5.868,-8.378,-29.588,-136.412,-7.374,18.104,-1.856,-3.322,-0.595,-63.328,34.305,5.106,3.426,-14.044,123.435,-118.183,-490.26,15.52,-1.851,-6.064,33.008,-107.053,20.702,0,0
0.674,40.418,0,7.498,70.713,75.829,5,5,10,1,0,15.687,-4.34,-7.647,-30.412,-132.031,-7.954,15.8,-4.97,-6.601,8.092,-29.542,49.374,8.854,3.373,-10.888,152.015,-55.206,69.802,11.484,-2.979,-10.059,49.786,-114.916,23.267,0,0
1.307,41.26,0,8.333,83.45,84.217,5,5,10,1,0,9.719,-10.802,-2.033,45.099,-85.42,4.214,12.236,-4.531,-8.634,13.527,-11.252,78.901,9.479,5.697,-12.382,161.45,-15.573,79.023,14.327,0.417,-5.25,54.275,-126.366,26.122,0,0
1.9,42.219,0,9.227,89.39,95.947,5,15,10,1,0,5.583,-0.651,-9.549,56.336,-82.458,3.16,9.578,-0.362,-5.133,16.55,-3.435,104.473,12.267,6.014,-10.421,74.901,3.435,18.305,14.868,-0.812,-6.438,62.489,-129.802,25.847,0,0
2.454,43.23,0,10.296,106.899,101.029,5,15,10,1,0,2.256,-1.471,-22.369,63.557,-87.863,-3.481,2.565,-2.673,-7.901,29.481,-30.794,107.298,11.443,6.771,-11.86,60.275,14.855,15.374,15.541,0.661,-5.034,56.366,-128.885,24.305,0,0
2.967,44.208,0,11.625,132.981,97.859,5,15,10,1,0,1.178,-0.206,-28.127,61.771,-110.168,-6.458,2.5,-2.359,-7.123,45.359,-62.382,88.214,1.892,5.761,-15.654,166.351,125.191,74.992,15.68,1.437,-4.072,42.031,-139.298,20.855,0,0
3.44,44.947,0,13.276,165.104,73.929,5,15,10,1,0,9.041,-3.593,-23.234,58.076,-103.496,-3.511,10.514,-0.431,-6.934,61.618,-68.55,56.168,9.805,6.979,-9.439,9.252,120.153,14.748,14.011,4.481,-2.893,18.794,-153.679,17.45,0,0
3.873,45.09,0,15.302,202.526,14.282,5,15,10,1,0,13.055,-3.806,-18.351,76.305,-72.351,6.809,11.503,-3.178,-12.926,46.443,-82.534,30.183,3.894,11.918,5.7,23.45,316.702,8.061,12.83,3.343,-2.488,-3.282,-164.748,15.115,0,0
4.266,44.471,0,17.668,236.596,-61.913,5,15,10,1,0,11.204,0.721,-16.48,53.023,-42.611,10.916,12.885,-1.526,-12.054,54.504,-104.427,18.504,9.458,8.797,-6.72,-3.71,108.733,6.489,14.737,1.621,-3.894,-12.122,-165.832,14.031,0,0
4.619,43.211,0,20.459,279.099,-125.988,5,15,10,1,0,9.872,5.92,-20.274,-0.534,-25.176,18.916,16.863,3.003,-8.665,26.87,-126.443,11.725,5.949,3.401,7.271,-81.466,255.511,112.611,17.891,2.493,-1.65,-25.053,-176.015,10.458,0,0
4.932,41.538,0,23.538,307.95,-167.359,5,15,10,1,0,14.691,-0.642,-20.08,-35.908,-2.336,27.786,15.467,5.068,-11.86,0.275,-145.221,7.863,11.355,8.533,-8.567,-15.496,167.053,10.061,19.713,3.746,-4.421,-30.855,-165.252,8.672,0,0
5.204,39.476,0,26.859,332.131,-206.177,5,15,10,1,0,6.045,3.854,-21.366,-53.664,12.275,40.595,11.336,2.625,-12.773,-21.023,-164.443,-1.191,11.386,15.046,-6.716,-66.565,380.244,16.305,16.629,4.445,-8.706,-40.641,-166.641,10.779,0,0
5.437,36.986,0,30.452,359.299,-249.012,5,15,10,1,0,12.03,-1.188,-16.456,-90.565,37.053,38.351,11.412,1.195,-16.102,-31.008,-181.603,-3.832,7.995,9.159,-11.027,-48.977,209.069,1.176,14.064,5.097,-14.648,-51.893,-176.58,11.008,0,0
5.629,34.173,0,34.381,392.888,-281.239,5,15,10,1,0,12.763,6.656,-15.757,-118.672,48.504,44.748,11.697,1.72,-11.589,-53.771,-189.664,-4.87,6.874,10.909,-14.614,-154.076,-122.58,-56.244,15.074,5.626,-17.809,-75.969,-194.168,5.084,0,0
5.782,31.09,0,38.696,431.466,-308.327,5,15,10,1,0,10.962,9.899,-17.474,-127.725,49.344,45.084,9.343,3.267,-7.832,-53.405,-196.092,-4.397,9.688,10.899,-22.489,-216.214,450.916,-122.137,14.104,9.559,-14.966,-119.42,-217.725,7.985,0,0
5.894,28.036,0,43.277,458.131,-305.398,5,15,10,1,0,5.88,2.407,-10.751,-151.466,40.427,51.863,6.347,1.847,-8.557,-58.611,-198.168,-11.008,12.641,10.525,-23.687,-268.336,489.817,-105.893,14.272,3.212,-18.034,-151.389,-213.008,7.924,0,0
5.966,25.037,0,48.037,476.018,-299.916,5,15,10,1,0,0.376,-6.505,-17.244,-146.275,38.947,44.366,5.6,0.723,-8.761,-68.84,-185.359,-0.244,7.056,5.633,-18.353,-141.405,-495.374,-153.466,20.849,-0.905,-17.555,-144.824,-194.26,2.397,0,0
5.998,22.371,0,52.927,488.938,-266.591,5,15,10,1,0,6.596,-9.262,-14.487,-119.13,23.893,37.588,12.277,-0.716,-7.599,-71.786,-174.992,1.878,6.644,2.583,-28.151,-277.038,-459.74,-169.832,9.058,4.05,-19.996,-147.313,-194.809,0.718,0,0
5.99,20.126,0,57.874,494.683,-224.499,5,15,10,1,0,4.735,-5.619,-17.79,-75.771,11.756,36.534,13.58,-0.127,-7.815,-82.321,-158.84,7.053,8.215,4.507,-20.276,-101.191,-452.107,-181.191,12.607,9.764,-17.955,-174.122,-182.046,-7.588,0,0
5.942,18.288,0,62.62,474.61,-183.85,5,15,10,1,0,7.314,-9.985,-15.807,-33.588,17.939,35.389,10.198,-2.761,-11.163,-81.359,-152.412,17.588,4.687,0.41,-21.828,-73.847,267.008,-90.351,-1.897,0.17,-18.971,-182.336,-162.168,-13.13,0,0
5.854,16.683,0,66.784,416.451,-160.424,5,15,10,1,0,6.146,-4.445,-14.2,-24.931,7.221,32.809,12.306,-3.676,-10.155,-75.939,-147.756,26.748,5.947,3.808,-19.709,-50.931,259.954,-95.359,13.149,-4.38,-13.853,-179.954,-99.695,-9.038,0,0
5.726,15.197,0,70.182,339.776,-148.648,5,15,10,1,0,9.748,-6.783,-12.306,-17.45,16.687,28.855,8.512,-4.321,-9.729,-59.756,-147.786,33.725,8.596,2.884,-16.909,-41.374,482.061,-315.603,14.143,-8.783,-10.943,-138.962,-39.344,-1.344,0,0
5.557,13.695,0,72.797,261.509,-150.181,5,15,10,1,0,7.88,-2.551,-13.711,-28.046,16,27.45,8.785,-4.009,-9.681,-63.282,-147.939,29.252,6.756,3.669,-16.03,-29.74,441.115,-121.802,10.861,-11.863,-11.92,-70.58,6.519,9.252,0,0
5.349,12.201,0,74.749,195.168,-149.437,5,15,10,1,0,6.756,-5.492,-13.52,-44.611,16.244,23.802,10.038,-3.219,-7.511,-64.565,-143.313,26.137,6.57,3.387,-14.78,-42.107,398.58,-137.588,10.023,-8.316,-11.781,-0.168,45.588,16.687,0,0
5.1,10.634,0,76.137,138.794,-156.704,5,15,10,1,0,6.51,-5.415,-13.786,-43.71,17.618,23.908,11.966,-2.199,-7.587,-66.87,-140.641,23.878,4.038,3.531,-19.074,-80.244,371.832,-55.023,10.335,-5.789,-13.807,43.573,82.595,11.878,0,0
4.811,9.121,0,77.107,97.035,-151.245,5,15,10,1,0,4.287,-2.843,-12.533,-64.183,12.733,18.595,10.598,-1.095,-7.571,-73.802,-134.626,22.748,2.385,3.393,-19.812,-69.16,355.908,30.901,8.078,-0.137,-13.882,60.519,115.374,3.527,0,0
4.483,7.715,0,77.726,61.901,-140.66,5,15,10,1,0,4.601,-7.724,-13.4,-50.336,18.947,17.053,9.417,-1.739,-8.284,-74.855,-130.076,21.817,3.018,0.946,-14.186,-22.443,177.542,16,6.203,-0.105,-16.178,77.71,129.969,0.595,0,0
4.114,6.455,0,78.159,43.259,-125.908,5,15,10,1,0,4.318,-3.377,-13.35,-44.366,10.046,14.489,11.357,-1.19,-7.391,-76.26,-120.595,20.153,3.315,2.488,-14.037,-5.435,176.916,9.221,3.935,3.705,-14.035,66,146.473,-0.992,0,0
3.705,5.415,0,78.338,17.944,-104.038,5,15,10,1,0,5.956,-8.198,-12.325,-25.893,9.664,10.382,10.962,-2.22,-7.985,-73.908,-111.145,16.29,2.479,3.451,-13.656,6.046,171.481,16.611,3.952,1.202,-14.358,54.489,162.855,-0.87,0,0
3.256,4.499,0,78.313,-2.563,-91.564,5,15,10,1,0,5.432,-7.255,-12.188,-0.076,7.618,11.191,9.776,-2.043,-8.232,-59.969,-104.214,16.947,1.871,2.105,-15.596,18.565,-346.748,88.672,3.482,-5.614,-19.785,50.962,183.908,3.817,0,0
2.767,3.767,0,78.261,-5.127,-73.208,5,15,10,1,0,8.32,-4.646,-12.686,8.977,1.374,8.26,11.4,-2.869,-7.755,-50.214,-94.137,16.305,0.721,5.243,-15.395,27.481,318.931,6.595,6.126,2.093,-12.648,30.58,194.031,11.908,0,0
2.237,3.265,0,77.957,-30.464,-50.205,5,15,10,1,0,3.842,-4.888,-13.235,19.466,-11.74,7.42,12.662,-2.254,-7.966,-38.901,-84.626,14.565,2.817,5.534,-18.312,55.237,302.794,-2.718,8.634,1.26,-11.316,11.176,210.168,16,0,0
1.668,3.017,0,77.397,-56.007,-24.88,5,15,10,1,0,8.787,-5.726,-9.544,25.634,-16.901,3.771,10.248,-3.147,-9.832,-33.924,-73.832,16.809,2.728,4.188,-20.755,58.534,303.771,-11.267,9.513,-1.289,-13.525,3.588,235.985,17.908,0,0
1.059,2.936,0,76.467,-92.995,-8.057,5,15,10,1,0,4.821,-3.609,-11.151,24.656,-30.26,2.992,12.983,-1.545,-7.475,-16.58,-63.817,14.565,0.412,5.829,-15.29,-0.427,261.176,-11.786,5.513,-4.323,-15.86,-3.099,252.962,26.611,0,0
0.409,2.958,0,75.25,-121.617,2.163,5,15,10,1,0,7.125,-4.084,-10.794,32.702,-28.58,3.298,10.557,-1.734,-9.223,-8.885,-61.42,13.267,-2.711,4.267,-38.55,-78.046,-55.954,-120.183,6.184,-1.406,-15.594,-5.221,266.718,38.275,0,0
0,3.001,0,73.764,-148.67,4.372,5,15,10,1,0,6.045,-3.523,-10.79,29.389,-33.725,4,9.472,-2.361,-8.579,7.45,-61.466,13.16,-2.17,5.954,-17.072,-23.908,203.893,-45.191,7.233,-0.371,-16.478,-15.069,279.145,46.229,0,0
0,3.001,0,71.999,-176.468,0,5,15,10,1,0,6.292,-3.947,-10.909,22.58,-36.137,3.496,9.42,-2.352,-8.09,16.87,-63.435,8.198,-1.281,6.732,-15.307,-40.672,188.626,-35.115,6.143,0.817,-18.252,-23.053,283.893,52.244,0,0
0,2.976,0,69.988,-201.119,-2.483,5,15,10,1,0,8.45,-3.657,-12.306,21.863,-38.092,2.916,8.943,-2.203,-9.056,23.511,-65.893,5.969,-2.311,7.071,-21.833,-101.374,316.809,-112.366,7.535,3.209,-14.691,-49.771,295.389,58.885,0,0
0,2.903,0,67.747,-224.099,-7.347,5,15,10,1,0,7.391,-5.293,-12.133,24.092,-40.244,3.649,9.652,-2.405,-9.017,28.702,-70.061,4.901,-2.493,8.446,-21.167,-118.321,137.634,-30.473,8.775,0.352,-18.116,-49.435,298.794,65.496,0,0
0,2.53,0,65.304,-244.24,-37.342,5,15,10,1,0,5.204,-3.602,-13.206,28.809,-33.252,5.863,8.816,-0.927,-9.791,31.832,-85.466,7.817,-3.513,6.9,-16.317,-76.611,109.695,-21.924,5.782,-1.557,-18.466,-54.84,304.427,69.802,0,0
0,1.944,0,62.708,-259.61,-58.582,5,15,10,1,0,9.326,-2.414,-11.338,5.817,-24.718,4.412,7.848,0.098,-10.282,23.634,-98.84,7.176,-6.177,5.835,-25.775,-186.198,75.405,-66.076,8.426,0.441,-14.955,-53.405,306.672,72.137,0,0
0,1.204,0,60.031,-267.689,-73.975,5,15,10,1,0,8.088,-2.266,-12.167,-13.71,-22.824,4.962,10.368,1.621,-8.586,7.664,-101.511,7.221,-2.85,8.968,-18.456,-215.328,67.802,-19.969,8.84,3.566,-14.531,-39.176,293.863,74.244,0,0
0,0.398,0,57.295,-273.606,-80.612,5,15,10,1,0,8.538,-1.983,-12.557,-33.771,-20.809,4.962,11.431,2.967,-8.881,-18.931,-99.206,10.153,-4.51,5.366,-18.403,-245.74,144.611,15.634,5.995,0.175,-19.723,-28.763,287.954,70.214,0,0
0,-0.349,0,54.556,-273.949,-74.73,5,15,10,1,0,3.341,-2.776,-11.831,-49.725,-27.084,5.786,11.429,2.745,-8.344,-46.641,-92.275,11.618,-3.044,3.607,-13.098,-117.985,14.29,4.672,4.201,3.482,-18.775,-30.244,277.298,65.267,0,0
0,-1.023,0,51.798,-275.769,-67.349,5,15,10,1,0,5.492,-4.067,-11.417,-54.794,-31.878,3.893,10.828,1.569,-8.028,-70.489,-85.863,14.519,-2.156,2.268,-11.745,-119.45,38.29,22.718,7.971,0.814,-20.952,-33.618,271.603,62.626,0,0
0,-1.613,0,49.074,-272.461,-58.972,5,15,10,1,0,8.143,-4.859,-11.616,-56.733,-33.618,2.855,11.261,-0.58,-8.428,-86.626,-80.366,13.466,-2.987,2.766,-10.972,-86.794,1.466,4.275,10.073,-0.671,-22.264,-32.107,260.382,55.618,0,0
0,-2.103,0,46.448,-262.539,-49.049,5,15,10,0,0,6.431,-3.822,-13.086,-54.702,-38.305,3.74,11.791,-2.373,-8.814,-91.145,-74.092,12.885,-1.849,0.79,-8.603,-60.015,-6.229,88.489,7.844,-0.208,-21.074,-24.809,232.061,52.87,0,0
0,-2.52,0,44.002,-244.618,-41.737,5,15,10,0,0,5.925,-4.994,-12.914,-46.29,-46.427,2.885,12.514,-2.603,-8.725,-86.397,-72.885,13.588,-1.054,0.484,-6.62,-26.443,-6.565,48.427,7.863,0.328,-20.446,-4.687,205.282,47.786,0,0
0,-2.777,0,41.758,-224.453,-25.623,5,15,10,0,0,1.054,-3.537,-14.595,-44.595,-57.206,4.534,13.197,-2.321,-8.217,-77.893,-68.565,15.817,-1.289,0.359,-3.837,6,-56.489,117.313,7.563,1.667,-19.371,10.901,182.458,41.786,0,0
0,-2.935,0,39.681,-207.642,-15.804,5,15,10,0,0,5.525,-5.6,-12.107,-26.107,-65.069,2.107,13.589,-2.129,-8.476,-68.931,-63.756,20.244,-1.006,5.159,-3.262,42.763,-92.336,-24.183,6.471,2.63,-20.54,26.412,154.046,31.191,0,0
0,-2.902,0,37.817,-186.413,3.296,5,15,10,0,0,11.762,-6.474,-8.332,-21.71,-67.16,-1.832,12.495,-4.155,-9.585,-60.565,-55.511,23.038,-1.147,2.256,-7.805,22.916,-124.58,86.962,6.857,6.016,-19.139,34.611,120.962,17.786,0,0
0,-2.902,0,36.22,-159.737,0,5,15,10,0,0,6.443,-2.829,-12.914,-23.527,-70.046,-2.305,10.66,-3.293,-10.368,-46.427,-58.702,17.557,0.35,5.379,-2.917,63.802,-179.786,105.893,5.554,3.87,-22.3,49.206,86.504,1.573,0,0
0,-2.873,0,34.953,-126.652,2.93,5,15,10,0,0,7.252,-3.248,-13.719,-22.794,-70.916,-6.626,10.699,-3.722,-11.273,-36.748,-55.389,8.198,-1.602,2.273,-7.18,37.527,-49.206,4.595,6.783,5.99,-20.099,52.809,50.55,-8.962,0,0
0,-2.803,0,34.008,-94.494,6.992,5,15,10,0,0,7.338,-2.146,-15.594,-23.954,-74.489,-10.366,13.927,-1.988,-9.963,-29.817,-55.481,2.656,4.62,5.468,-3.525,42.794,-58.107,10.076,12.916,-0.002,-18.638,68.809,28.962,-4.672,0,0
0,-2.525,0,33.356,-65.209,27.786,5,15,10,0,0,12.622,-5.966,-9.781,-27.969,-85.802,-17.786,13.089,-0.57,-11.745,-38.305,-41.679,6.962,5.039,4.325,-5.473,37.053,-57.344,1.771,9.982,5.226,-21.122,76.137,-2.015,-3.252,0,0
0,-2.085,0,33.089,-26.688,43.991,5,15,10,0,0,8.874,-4.297,-13.532,-23.191,-81.786,-17.405,11.982,-1.004,-12.876,-42.702,-37.786,4.702,5.679,6.234,-3.475,25.023,-174.779,15.023,2.225,3.715,-29.205,74.962,-59.527,1.237,0,0
0,-1.568,0,33.334,24.49,51.659,5,15,10,0,0,9.29,-3.176,-13.934,-17.71,-87.771,-18.702,12.828,-0.084,-12.284,-43.649,-34.229,4.763,0.122,9.039,-6.716,13.695,-198.916,-40,0.074,6.977,-28.929,30.321,-116.168,-1.313,0,0
0,-0.961,0,33.986,65.174,60.722,5,15,10,0,0,10.126,-2.975,-14.538,-19.405,-89.893,-22.641,13.594,-0.091,-11.659,-42.443,-33.969,2.305,0.251,1.226,-6.486,49.878,-246.122,497.344,10.617,4.122,-14.107,-15.252,-141.557,-3.481,0,0
0,-0.298,0,34.85,86.415,66.342,5,15,10,0,0,10.799,-2.91,-12.94,-18.626,-88.641,-23.878,10.205,-1.54,-11.865,-41.542,-35.954,2.061,3.133,22.086,-20.377,-125.954,-73.542,321.71,13.62,1.384,-1.083,-43.344,-121.359,2.855,0,0
0,0.314,0,35.649,79.891,61.157,5,15,10,0,1,7.192,-3.339,-11.774,-23.45,-93.985,-28.076,12.241,-0.762,-11.276,-41.588,-37.786,-0.55,1.835,4.092,-22.547,-113.42,-141.878,-222.84,16.775,3.473,5.051,-82.382,-75.954,0.641,0,1
0,0.812,0,36.168,51.956,49.805,5,5,10,0,1,13.644,-3.87,-10.677,-32.687,-84.137,-32,11.166,-0.941,-11.396,-50.244,-41.389,-5.939,1.027,5.194,-22.513,169.618,-15.42,-224,14.583,-4.584,-1.799,-87.573,-55.023,-2.931,0,0
0,1.193,0.67,36.517,34.813,38.052,15,5,10,0,1,11.113,-1.238,-9.348,-46.809,-79.511,-32.351,13.29,0.247,-8.948,-49.405,-35.42,-14.366,4.922,2.635,-9.484,-147.145,-47.221,-93.588,6.5,-3.31,-8.718,-79.13,-89.115,-6.397,0,0
0,1.515,1.3,36.952,43.568,32.227,15,5,10,0,1,12.32,-3.794,-7.731,-64.046,-81.344,-33.756,16.097,0.069,-7.714,-56.534,-26.443,-20.916,4,-0.795,-8.763,-150.947,-79.191,-136.458,9.513,0.924,-17.067,-77.832,-100.412,-13.573,0,0
0,1.892,1.891,37.751,79.846,37.685,15,5,10,0,1,8.754,-2.915,-7.729,-75.603,-84.473,-32.595,16.08,0.036,-5.449,-58.092,-20,-22.046,3.013,-1.535,-9.544,-136.504,-30.153,-66.687,6.701,0.038,-18.557,-68.565,-120.489,-20.672,0,0
0,2.409,2.442,38.827,107.678,51.705,15,5,10,0,1,10.289,-2.642,-8.174,-81.45,-89.74,-34.55,16.164,0.141,-5.87,-66.611,-12.824,-18.733,0.297,1.176,-10.682,-103.649,-71.832,-137.344,10.303,2.069,-13.884,-83.496,-111.802,-24.763,0,0
0,3.134,2.953,39.82,99.232,72.51,15,5,10,0,1,10.291,-2.678,-8.545,-77.954,-96.26,-36.061,14.847,0.11,-6.289,-62.137,-6.137,-15.588,2.122,2.596,-9.879,-52.763,-51.527,-140.214,11.475,1.954,-12.04,-81.008,-99.282,-24.519,0,0
0,4.144,3.424,40.351,53.101,101.029,15,5,10,0,1,8.213,-4.634,-7.29,-69.802,-111.695,-39.557,16.95,-0.194,-4.57,-54.595,11.038,-12.794,2.069,3.416,-18.336,-52.473,-332.046,-252.031,14.15,-1.475,-14.368,-77.603,-65.664,-18.229,0,0
0,5.533,3.857,40.15,-20.119,138.851,15,5,10,0,1,11.673,-5.837,-4.663,-59.588,-120.565,-43.527,17.558,-0.929,-4.522,-44.595,38.122,-14.824,4.201,1.69,-32.438,-96.519,138.244,136.305,18.329,-6.895,-15.738,-41.511,-44.458,-15.969,0,0
0,7.33,4.249,39.548,-60.116,179.764,15,5,10,0,1,8.823,-4.634,-7.93,-48.473,-127.344,-44.092,18.997,-1.454,-3.911,-45.038,67.954,-23.008,5.721,-5.505,-19.85,-17.863,-10.885,280.427,18.293,-2.297,-10.313,14.855,-51.771,-18.153,0,0
0,9.56,4.602,38.685,-86.369,222.989,15,5,10,0,1,7.858,-7.81,-7.231,-25.771,-138.931,-45.069,16.832,0.541,-2.373,-28.87,97.557,-18.489,4.761,2.941,-12.72,10.748,-141.481,-22.931,18.284,8.555,-5.71,9.16,-25.695,-28.504,0,0
0,12.124,4.915,36.924,-176.125,256.417,15,5,10,0,1,12.679,-4.831,-9.281,-20.519,-142.26,-45.435,15.865,-0.266,-3.473,-26.168,125.023,-22.489,5.832,3.412,-17.872,57.939,315.344,-66.565,14.145,-2.965,-13.132,20.84,25.298,-25.191,0,0
0,15.101,5.188,34.426,-249.802,297.673,15,5,10,0,1,7.001,-6.165,-15.592,-10.198,-160.26,-44.229,15.738,-0.536,-4.057,-23.893,148.26,-29.435,4.941,2.589,-14.813,32.992,222.885,367.878,10.802,-6.85,-11.194,64.412,50.702,-10.26,0,0
0,18.478,5.422,31.372,-305.375,337.704,15,5,10,0,1,14.873,-5.441,-17.369,5.695,-170.885,-37.13,15.592,-4.409,-8.033,-22.687,173.786,-26.87,2.177,-0.323,-13.316,49.725,-416.855,18.137,15.026,-2.757,-10.43,99.16,64.183,-5.939,0,0
0,22.29,5.616,27.954,-341.733,381.169,15,5,10,0,1,14.059,-6.174,-19.699,34.977,-192.29,-32.977,15.639,-4.127,-9.084,-2.473,192.076,-16.977,2.843,-5.576,-12.907,68.183,-208.122,0.702,13.345,-11.534,-8.962,143.053,54.656,-18.397,0,0
0,26.527,5.771,24.409,-354.504,423.695,15,5,10,0,1,8.486,-6.138,-20.794,58.718,-219.16,-36.565,15.146,-4.613,-10.038,13.023,212.427,-2.702,-4.812,2.862,-16.456,65.817,-447.328,1.588,10.814,-7.118,-13.527,157.573,48.458,-27.344,0,0
0,31.196,5.886,20.843,-356.656,466.92,15,5,10,0,1,11.64,-7.532,-19.742,79.038,-232.229,-40.672,14.691,-6.768,-11.206,32.473,222.931,13.893,-0.741,-2.291,-40.926,-448.916,372.031,193.954,7.159,-9.384,-15.85,167.786,20.427,-24.046,0,0
0,36.06,5.961,17.756,-308.682,486.386,15,5,10,0,1,14.214,-9.137,-18.971,103.313,-228.641,-46.763,15.965,-5.341,-12.502,53.145,234.901,38.153,8.871,-0.477,-10.251,75.435,-390.931,9.405,6.658,1.439,-12.061,161.252,5.282,-18.229,0,0
0,41.04,5.997,15.431,-232.544,498.059,15,5,10,0,1,12.787,-5.719,-20.504,102.595,-226.305,-45.389,10.986,-3.799,-15.546,87.221,228.321,65.221,0.244,4.863,-11.357,199.008,-321.954,48.977,7.916,8.989,-10.833,120.153,-8.046,-20.748,0,0
0,46.005,5.993,13.705,-172.566,496.503,15,5,10,0,1,10.368,-16.063,-17.103,127.969,-231.374,-39.282,16.71,1.76,-14.061,84.107,232.321,72.305,5.985,8.054,-15.594,122.763,-299.191,-0.244,11.487,9.626,-8.85,61.481,1.924,-26.947,0,0
0,50.928,5.949,12.218,-148.682,492.246,15,5,10,0,1,9.247,-4.965,-22.659,172.061,-221.573,-40.275,11.688,-1.497,-17.323,94.656,222.901,109.511,4.536,3.661,-22.652,212.565,437.969,-130.809,10.548,8.119,-7.542,25.084,6.534,-25.649,0,0
0,55.406,5.866,10.742,-147.56,447.854,15,5,10,0,1,0.218,-2.385,-17.033,174.489,-192.977,-36.87,26.87,1.152,-6.807,77.237,233.847,95.481,3.758,8.135,-19.179,169.206,-279.435,-37.191,9.827,3.684,-9.937,26.947,11.374,-21.786,0,0
0,59.333,5.743,9.27,-147.24,392.625,15,5,10,0,1,8.356,-0.35,-16.245,173.237,-137.618,-33.939,19.986,-0.046,-12.308,69.832,235.435,104.748,5.403,23.017,-17.479,123.313,437.053,-82.443,9.434,3.214,-10.809,47.267,10.183,-14.748,0,0
0,62.599,5.581,7.879,-139.069,326.626,15,5,10,0,1,15.357,1.7,-14.856,141.924,-84.779,-24.427,14.84,0,-13.649,72.824,226.092,86.901,5.693,1.041,-16.65,97.878,-275.496,-25.588,8.421,4.294,-10.421,52.122,12.244,-9.191,0,0
0,65.419,5.379,6.568,-131.15,281.972,15,5,10,0,1,10.011,0.431,-14.09,100.214,-53.664,-17.634,12.045,-1.298,-13.867,67.221,211.664,71.74,4.771,9.083,-18.217,101.573,469.481,-57.954,10.373,4.297,-9.602,51.511,19.008,-4.55,0,0
0,67.829,5.137,5.316,-125.21,241.013,15,5,10,0,1,5.978,1.32,-15.829,57.42,-33.359,-11.771,14.392,1.253,-10.845,57.649,207.344,50.916,2.599,0.849,-20.171,92.382,481.573,-17.588,8.799,5.128,-9.048,39.481,17.389,-3.573,0,0
0,69.934,4.855,4.096,-121.937,210.56,15,5,10,0,1,5.418,1.044,-17.512,34.611,1.725,-2.382,12.974,-0.177,-10.972,48.748,198.58,30.748,2.476,8.599,-18.279,78.031,29.786,-259.176,9.226,2.582,-9.834,31.618,13.069,-2.733,0,0
0,71.685,4.534,2.983,-111.34,175.038,15,5,10,0,1,6.546,-2.611,-15.683,13.237,31.771,4.321,13.115,-0.565,-11.637,43.557,193.893,16.015,2.098,6.538,-14.471,44.58,-117.053,-13.481,9.343,1.375,-9.372,24.489,8.977,-2.611,0,0
0,73.102,4.174,1.99,-99.312,141.747,15,5,10,0,1,3.272,0.331,-17.282,-9.313,55.725,9.267,12.243,-0.568,-11.137,39.466,189.511,3.542,4.141,4.692,-14.327,45.863,-109.649,-7.634,8.639,1.269,-9.944,20.595,3.267,-3.634,0,0
0,74.255,3.773,1.195,-79.456,115.299,15,5,10,0,1,3.454,2.019,-18.358,-31.053,81.634,11.206,11.702,-1.497,-11.585,40.015,182.046,-7.969,5.341,6.079,-12.013,46.824,-95.099,-3.389,8.042,2.972,-7.24,9.176,-0.611,-5.099,0,0
0,75.105,3.333,0.548,-64.762,84.95,15,5,10,0,1,0.417,-0.11,-17.335,-43.863,100.29,13.878,10.196,-1.2,-11.063,42.321,169.435,-14.397,3.899,2.001,-42.823,366.26,-389.13,17.832,11.532,2.1,-7.444,-2.748,0.748,-5.74,0,0
0,75.662,2.854,-0.1,-64.808,55.699,15,5,10,0,1,1.605,0.175,-17.096,-53.664,121.252,19.389,10.866,-0.422,-11.316,36.489,161.756,-23.069,4.019,5.81,-13.065,35.557,-171.298,21.008,7.537,1.487,-7.324,-6.366,-9.328,-4.947,0,0
0,75.885,2.335,-0.551,-45.113,22.293,15,5,10,0,1,3.985,-1.511,-15.156,-44.931,143.893,20.412,8.845,-2.017,-12.543,30.84,151.084,-24.824,7.975,2.154,-14.581,242.55,489.282,77.313,7.02,1.193,-8.28,8.336,-23.893,-4.397,0,0
0,75.757,1.776,-0.698,-14.603,-12.795,15,5,10,0,0,2.333,-0.551,-17.036,-39.45,169.298,16.901,9.707,2.321,-13.4,26.565,147.267,-27.008,7.76,5.864,-13.077,48.473,-208.244,28.885,7.963,4.416,-8.55,2.427,-29.298,-6.763,0,0
0,75.68,1.177,-0.636,6.168,-7.679,15,5,10,0,0,2.309,-0.41,-17.278,-41.74,170.107,12.84,9.719,-0.647,-13.127,18.58,160.916,-26.26,3.147,9.18,-13.905,14.275,-192.748,-0.55,9.087,4.062,-6.634,-18.611,-37.557,-8.702,0,0
0,75.291,0.539,-0.434,20.187,-38.853,15,5,10,0,0,0.608,-7.405,-15.613,3.466,195.542,5.863,8.452,0.302,-12.334,15.725,153.389,-6.351,1.217,3.545,1.839,74.489,433.099,9.282,3.049,0.726,-10.976,-17.374,-64.107,-7.42,0,0
0,74.64,0,0.057,49.107,-65.106,15,5,10,0,0,5.712,-4.871,-17.754,35.023,228.489,0.489,6.423,-2.419,-13.884,30.947,146.565,-2.779,1.784,9.8,-14.485,5.771,-43.191,-47.45,12.792,6.275,-1.473,-32.992,-54.351,-5.16,0,0
0,73.699,0,0.379,32.215,-94.162,15,5,10,0,0,0.884,-1.265,-19.258,50.168,237.252,-10.748,6.708,-3.442,-13.151,49.344,132.565,12.198,0.405,7.987,-15.443,-7.573,-62.336,-31.084,12.171,-0.802,-8.009,-28.901,-47.344,-8.855,0,0
0,72.615,0,0.599,21.984,-108.41,15,5,10,0,0,1.439,-1.43,-19.718,61.298,248.321,-20.061,6.411,-2.757,-12.619,65.618,121.481,17.695,0.115,6.716,-14.638,-18.87,-51.221,-29.832,11.393,0.891,-6.459,-18.672,-51.893,-2.885,0,0
0,71.348,0,0.771,17.212,-126.663,15,5,10,0,0,3.969,-3.784,-17.716,70.153,258.031,-28.137,5.743,-2.709,-13.448,80.427,111.084,24.29,0.172,6.804,-14.104,-15.71,-54.275,-15.084,9.712,0.829,-7.166,2.885,-54.29,-1.099,0,0
0,69.927,0,0.767,-0.446,-142.113,15,5,10,0,0,1.54,-1.545,-19.203,71.053,266.809,-32.84,4.675,-1.887,-13.288,95.237,99.496,23.969,0.041,6.455,-14.406,-16.611,-55.71,-13.557,11.7,-1.368,-8.339,14.168,-42.244,-0.198,0,0
0,68.315,0,0.749,-1.808,-161.167,15,5,10,0,0,-0.793,0.108,-20.889,59.313,267.618,-39.664,6.337,-3.173,-10.608,113.649,87.344,19.191,1.483,5.226,-13.371,7.282,-111.16,-20.763,9.305,1.873,-6.998,22.656,-55.74,5.252,0,0
0,66.583,0,0.749,-0,-173.207,15,5,10,0,0,2.395,-1.643,-20.137,54.046,275.588,-44.748,6.172,-2.342,-13.137,124.229,73.832,15.618,2.541,4.721,-12.919,23.008,-54.275,-9.603,9.427,0.889,-8.878,28.519,-53.313,6.641,0,0
0,64.657,0,0.753,0.401,-192.604,15,5,10,0,0,2.388,0.328,-22.863,45.802,283.527,-47.756,5.259,-1.677,-12.365,144.565,62.687,6.626,2.467,9.773,-17.211,69.878,-210.641,-28.336,9.264,0.513,-9.02,33.038,-54.718,8.015,0,0
0,62.625,0,0.774,2.14,-203.236,15,5,10,0,0,3.011,-1.772,-21.795,37.527,280.55,-49.359,4.692,-0.929,-11.939,150.29,52.672,-3.634,2.896,5.013,-13.956,41.206,-50.87,-4.519,10.083,0.539,-9.065,35.282,-55.847,8.718,0,0
0,60.464,0,0.797,2.277,-216.088,15,5,10,0,0,1.516,-2.9,-22.065,30.046,272.168,-48.321,5.92,1.811,-8.718,145.908,44.015,-16.626,3.408,5.303,-14.667,43.282,-49.679,-2.733,9.903,0.596,-10.011,36.763,-58.397,8.321,0,0
0,58.182,0,0.939,14.236,-228.15,15,5,10,0,0,5.98,-3.157,-22.12,33.267,277.588,-42.55,3.547,1.851,-10.634,126.916,30.718,-28.84,8.519,4.294,-10.787,45.344,-46.153,-1.466,6.529,0.817,-11.764,39.557,-78.122,5.817,0,0
0,55.821,0,1.309,36.976,-236.172,15,5,10,0,0,2.702,-1.542,-24.044,23.527,269.359,-37.71,3.866,3.166,-10.188,103.298,16.29,-35.786,4.34,10.626,-19.347,93.053,-74.122,-22.076,13.127,1.643,-9.103,25.771,-72.183,3.725,0,0
0,53.389,0,1.723,41.428,-243.153,15,5,10,0,0,-3.396,-0.666,-27.203,12.565,253.573,-32.748,5.918,4.495,-7.264,75.069,0.443,-42.275,3.334,5.307,-15.235,34.565,-60.931,-34.718,8.708,2.939,-10.04,6.321,-76,0.198,0,0
0,50.939,0,2.111,38.75,-245.018,15,5,10,0,0,3.255,-4.73,-24.765,7.206,240.061,-26.519,3.928,4.895,-7.544,45.023,-16.244,-34.107,3.593,6.97,-14.229,17.206,-204.473,-68.275,9.942,-0.572,-10.864,9.374,-80.718,-3.069,0,0
0,48.525,0,2.58,46.898,-241.356,15,5,10,0,0,-0.046,-3.906,-25.361,-6.672,211.878,-17.206,4.785,3.674,-6.347,23.191,-32.595,-30.427,4.766,9.909,-22.81,71.435,-393.176,-228.153,10.296,-0.565,-9.08,10.885,-87.664,-0.718,0,0
0,46.207,0,3.049,46.887,-231.801,15,5,10,0,0,1.878,-3.36,-25.55,-16.504,196.214,-7.038,4.311,2.829,-6.28,11.603,-48.489,-30.214,4.661,13.37,-16.032,8.015,-204.534,-42.015,9.659,-1.068,-10.993,14.977,-85.008,1.45,0,0
0,43.966,0,3.503,45.399,-224.144,15,5,10,0,0,3.533,-3.128,-24.748,-40.26,169.344,1.878,3.365,2.347,-6.912,6.473,-60.611,-26.519,3.322,6.354,-14.025,4.183,-49.573,-7.344,11.839,-1.039,-9.58,13.679,-83.588,2.198,0,0
0,41.904,0,3.92,41.76,-206.143,15,5,10,0,0,1.856,-2.481,-26.829,-59.695,139.939,10.031,4.757,3.348,-5.446,0.992,-69.511,-26.351,4.639,4.184,-13.901,6.855,-86.763,-14.382,9.422,1.037,-9.884,11.069,-86.84,3.527,0,0
0,39.952,0,4.36,43.957,-195.214,15,5,10,0,0,1.935,-5.109,-25.438,-71.344,107.466,20.763,4.682,4.364,-5.839,-7.053,-74.992,-28.305,4.622,3.628,-14.473,10.153,-47.954,-5.405,11.678,2.005,-9.262,10.87,-92.443,6.229,0,0
0,38.227,0,4.898,53.81,-172.497,15,5,10,0,0,2.206,-0.984,-28.568,-85.496,72.656,21.756,10.948,2.098,-2.34,-15.908,-77.435,-31.603,5.724,5.324,-13.106,15.023,-33.969,-1.221,11.939,0.913,-9.726,12.931,-103.099,5.588,0,0
0,36.657,0,5.495,59.75,-157.07,15,5,10,0,0,6.809,-5.691,-24.08,-76.947,57.863,19.557,14.111,0.877,-2.699,-43.908,-71.695,-26.748,4.651,10.252,-20.276,44.656,-73.252,0.458,11.079,1.018,-9.611,4.855,-97.634,5.008,0,0
0,35.338,0,6.081,58.548,-131.882,15,5,10,0,0,11.149,-13.335,-25.766,-75.053,6.992,14.702,11.707,2.999,-0.148,-23.328,-66.718,-6.931,5.897,9.174,-16.463,52.443,-75.725,3.847,11.834,-1.811,-11.558,9.481,-103.221,8.29,0,0
0,34.624,0,6.758,67.726,-71.388,15,5,10,0,0,-0.826,0.105,-42.121,-78.031,-59.115,7.893,12.679,-0.556,0.493,-35.863,-69.557,0.168,3.957,4.625,-14.456,34.046,-43.298,1.069,14.629,0.081,-6.146,11.847,-100.779,12.702,0,0
0,34.576,0,7.359,60.104,-4.761,15,5,10,1,0,4.349,-8.447,-23.177,-40,-115.511,-5.038,10.26,-3.037,-2.852,-26.931,-79.282,22.702,5.897,3.175,-20.3,160.962,-168.061,0,10.612,-2.299,-11.254,20.641,-100.275,14.137,1,0
0,34.939,0,8.026,66.673,36.255,5,5,10,1,0,16.43,-11.051,-4.613,-8.656,-116.931,-13.176,12.14,-6.285,-7.331,-19.405,-72.824,44.183,6.673,6.256,-11.18,45.267,-132.641,13.069,13.304,-1.609,-8.009,28.183,-110.992,19.359,0,0
0.67,35.382,0,8.714,68.848,44.289,5,5,10,1,0,12.047,-10.696,-2.009,40.031,-88,-5.832,12.354,-5.494,-9.568,1.053,-58.244,59.389,7.056,5.959,-12.2,50.29,-27.313,15.542,15.651,-1.174,-7.142,30.84,-104.214,21.328,0,0
1.3,35.865,0,9.439,72.498,48.351,5,15,10,1,0,6.811,-4.701,-2.721,61.466,-71.802,-2.183,10.078,-4.594,-10.255,35.756,-39.649,79.832,9.566,5.091,-14.59,389.969,-181.74,-300.947,15.656,-0.855,-7.379,35.344,-115.771,24.565,0,0
1.891,36.477,0,10.3,86.025,61.157,5,15,10,1,0,5.873,-0.259,-10.9,60.153,-61.237,-7.939,10.847,-3.07,-7.645,61.298,-32.107,91.481,0.762,8.377,-21.613,179.969,2.382,91.115,14.171,0.596,-5.808,32.153,-117.847,25.328,0,0
2.442,37.181,0,11.376,107.689,70.37,5,15,10,1,0,6.668,-1.039,-21.414,63.359,-71.099,-7.527,7.575,-2.06,-9.101,84.458,-37.557,87.771,2.328,32.154,-14.389,220.092,170.748,143.023,13.762,2.251,-5.006,29.115,-133.664,22.733,0,0
2.953,37.854,0,12.779,140.259,67.303,5,15,10,1,0,6.244,-1.083,-26.099,65.069,-86.977,-3.847,5.485,-1.444,-7.793,106.458,-49.023,74.58,3.348,5.8,-10.979,40.183,328.061,222.779,13.316,2.888,-6.517,16.748,-145.908,16.794,0,0
3.424,38.316,0,14.496,171.707,46.211,5,15,10,1,0,5.051,-2.244,-23.466,65.985,-89.13,-1.832,9.274,0.393,-6.081,103.374,-61.435,48.656,9.151,6.1,-10.363,-17.588,109.588,19.695,13.87,2.036,-5.786,-11.527,-147.985,12.427,0,0
3.857,38.242,0,16.423,192.65,-7.381,5,15,10,1,0,9.274,0.266,-20.949,64.137,-64.992,2.397,11.384,0.651,-8.478,82.58,-82.641,29.847,2.266,11.008,5.652,-312.427,-424.305,157.802,10.09,3.197,-3.918,-31.817,-165.603,12.885,0,0
4.249,37.693,0,18.715,229.283,-54.897,5,15,10,1,0,10.694,-2.067,-14.025,46.87,-49.374,5.481,11.47,3.011,-9.072,52.473,-99.954,21.466,2.716,8.593,-2.261,-88.366,387.786,16.977,17.108,0.096,-2.026,-39.908,-163.969,10.702,0,0
4.602,36.561,0,21.333,261.773,-113.205,5,15,10,1,0,10.591,0.551,-17.031,28.84,-19.466,18.443,13.953,3.013,-11.673,15.664,-120.427,17.664,0.527,4.982,5.451,-329.771,-8.305,0.244,17.038,2.963,0.393,-41.115,-157.802,11.435,0,0
4.915,34.92,0,24.168,283.494,-164.051,5,15,10,1,0,8.783,4.922,-18.502,-22.336,-3.634,25.221,14.511,2.017,-12.066,-16.489,-141.45,16.885,9.659,6.122,-5.997,-56.519,296.336,9.618,18.94,1.061,-2.967,-46.443,-151.267,10.992,0,0
5.188,32.94,0,27.153,298.474,-198.052,5,15,10,1,0,15.225,-2.802,-13.711,-47.985,31.603,31.435,13.331,7.166,-13.407,-22.107,-153.359,15.45,9.8,8.668,-7.077,-51.298,-328.916,23.939,17.433,3.777,-7.094,-46.29,-148.046,13.893,0,0
5.422,30.501,0,30.35,319.703,-243.897,5,15,10,1,0,7.523,8.304,-18.341,-121.038,37.466,40.733,10.435,4.213,-15.642,-63.053,-174.351,9.954,7.896,8.823,-9.365,-58.687,374.198,20.427,15.422,2.577,-13.644,-48.092,-158.336,12.763,0,0
5.616,27.882,0,33.795,344.548,-261.921,5,15,10,1,0,8.45,6.924,-13.393,-154.702,44.779,43.939,10.054,6.088,-10.943,-76.489,-178.26,2.031,7.049,8.526,-13.177,-58.29,402.916,-5.74,15.728,1.236,-19.634,-56.305,-171.802,8.962,0,0
5.771,25.026,0,37.641,384.522,-285.588,5,15,10,1,0,3.937,1.183,-16.878,-180.382,42.58,46.29,5.111,3.389,-10.905,-89.542,-185.481,5.603,7.233,15.394,24.793,377.298,390.824,-158.534,13.307,6.189,-18.111,-91.817,-196.626,8.382,0,0
5.886,22.264,0,41.809,416.818,-276.158,5,15,10,1,0,6.792,-3.286,-13.276,-186.305,29.618,41.71,10.16,3.094,-8.488,-96.061,-176.763,1.802,9.508,8.451,-25.291,-189.802,-124.84,-180.153,13.003,9.86,-14.406,-126.473,-201.405,8.092,0,0
5.961,19.704,0,46.217,440.839,-255.993,5,15,10,1,0,5.24,-1.037,-17.249,-154.519,16.29,41.16,10.095,4.67,-8.217,-110.321,-167.191,2.443,9.053,5.161,-18.593,-118.015,487.618,-179.237,13.434,7.084,-13.841,-151.45,-186.366,10.733,0,0
5.997,17.581,0,50.616,439.889,-212.346,5,15,10,1,0,4.589,-6.297,-16.387,-97.435,5.756,40.748,12.447,2.448,-7.662,-113.511,-149.985,3.176,8.296,7.967,-29.928,-201.802,-489.145,-128.794,15.845,5.489,-12.631,-158.122,-167.863,12.595,0,0
5.993,15.874,0,54.97,435.426,-170.632,5,15,10,1,0,7.602,-5.683,-15.853,-77.282,4.427,35.466,12.152,-1.978,-8.991,-120.87,-136.702,8.748,7.286,3.71,-19.74,-100.183,-497.603,-314.26,11.937,-1.72,-18.305,-140.168,-151.954,7.893,0,0
5.949,14.442,0,59.248,427.724,-143.2,5,15,10,1,0,5.125,-7.302,-15.747,-44.687,0.534,36.641,11.659,-5.14,-9.106,-113.832,-131.954,13.817,7.901,2.79,-16.861,-88.672,-477.634,-289.954,14.485,5.475,-15.187,-112.718,-148.504,3.053,0,0
5.866,13.102,0,63.473,422.574,-134.022,5,15,10,1,0,6.534,-6.483,-13.673,-43.252,2.885,32.58,10.907,-6.495,-11.242,-105.71,-136.229,26.473,6.395,3.063,-16.224,-59.115,-494.122,-248.489,13.522,-0.201,-16.377,-112.794,-120.29,-8.672,0,0
5.743,11.688,0,67.301,382.748,-141.415,5,15,10,1,0,9.93,-7.044,-14.133,-33.282,14.779,30.962,7.247,-8.117,-13.649,-84.183,-149.725,33.328,6.15,2.897,29.305,-301.664,-181.511,193.466,14.401,-6.656,-13.517,-90.489,-78.947,-8.137,0,0
5.581,10.069,0,70.523,322.186,-161.877,5,15,10,1,0,8.064,-4.165,-14.83,-36.885,16.992,26.015,7.741,-7.683,-11.326,-64.534,-162.412,34.046,7.257,2.894,-22.101,-56.702,447.374,-52.153,14.844,-3.408,-8.505,-63.542,-35.542,-1.908,0,0
5.379,8.367,0,73.031,250.866,-170.254,5,15,10,1,0,3.422,-8.531,-12.794,-45.664,11.313,19.405,7.353,-6.335,-10.368,-51.45,-165.237,26.885,7.511,8.264,-21.68,-30.229,-127.466,-111.634,12.708,-6.347,-9.985,-17.252,23.481,7.252,0,0
5.137,6.58,0,74.83,179.867,-178.7,5,15,10,1,0,8.579,-5.609,-13.678,-41.42,22.305,16.153,8.545,-3.454,-9.623,-45.74,-161.985,18.687,7.219,5.544,-14.226,-13.511,187.832,-9.893,8.205,-6.409,-11.498,36.244,69.511,15.298,0,0
4.855,4.836,0,76.013,118.286,-174.328,5,15,10,1,0,5.516,-7.453,-12.787,-41.206,17.084,13.176,8.747,-3.64,-9.997,-47.16,-156.748,13.45,3.648,3.034,-16.463,-12.55,189.435,9.038,7.197,-5.58,-15.067,75.527,104.092,16.916,0,0
4.855,4.836,0,76.013,118.286,-174.328,5,15,10,1,0,5.516,-7.453,-12.787,-41.206,17.084,13.176,8.747,-3.64,-9.997,-47.16,-156.748,13.45,3.648,3.034,-16.463,-12.55,189.435,9.038,7.197,-5.58,-15.067,75.527,104.092,16.916,0,0
4.174,1.628,0,77.257,43.545,-151.28,5,15,10,1,0,8.478,-4.493,-13.865,-17.954,18.87,12.473,9.901,-1.289,-11.101,-49.252,-145.038,10.427,1.075,2.915,-16.128,-2.901,170.031,29.878,5.909,1.267,-16.03,89.939,145.115,3.679,0,0
3.773,0.189,0,77.444,18.711,-143.91,5,15,10,1,0,4.184,-5.034,-14.722,12.275,15.878,15.664,10.531,-1.116,-10.804,-36.504,-142.55,4.748,1.195,3.468,-15.989,8.794,331.237,127.328,6.067,1.813,-15.469,75.511,165.176,-0.168,0,0
3.333,-1.159,0,77.415,-2.884,-134.766,5,15,10,1,0,4.977,-2.692,-13.292,16.061,9.985,14.824,11.082,-0.877,-10.758,-27.481,-138.031,5.618,2.845,3.643,-14.777,10.504,-375.084,245.496,6.215,0.917,-14.152,61.496,188.855,2.641,0,0
2.854,-2.477,0,77.353,-6.283,-131.848,5,15,10,1,0,9.166,-3.794,-12.102,23.924,12.672,16.748,8.708,-0.972,-13.369,-16.153,-140.214,4.656,1.097,4.916,-23.016,77.435,-367.267,89.893,14.102,4.618,-10.38,64.443,200.305,17.008,0,0
2.335,-3.784,0,77.027,-32.604,-130.669,5,15,10,1,0,7.357,-2.472,-10.897,22.748,4.092,16.046,10.782,-0.184,-10.552,-1.038,-134.321,2.931,1.571,10.973,-35.82,245.863,402.076,392.794,6.368,1.492,-12.112,13.374,230.824,19.603,0,0
1.776,-4.964,0,76.218,-80.864,-118,5,15,10,1,0,7.801,-3.317,-10.085,11.16,-3.038,14.809,12.224,0.11,-10.61,-4.809,-123.71,0.977,0.424,5.701,-22.216,47.573,282.046,3.725,6.637,-0.625,-14.116,12.504,250.534,24.672,0,0
1.177,-5.971,0,75.119,-109.875,-100.708,5,15,10,0,0,6.531,-4.306,-10.349,9.878,-3.481,15.786,12.368,-0.917,-9.494,-4.382,-112.824,2.412,-1.988,10.163,7.645,67.176,9.756,-116.275,6.639,-1.425,-15.81,0.305,268.992,30.748,0,0
0.539,-6.758,0,73.712,-140.671,-78.678,5,15,10,0,0,4.373,-3.921,-10.885,7.206,-19.038,13.313,14.794,1.614,-8.481,-6.153,-92.153,7.985,-1.995,6.932,-24.271,-24.916,441.756,-105.527,7.563,-0.762,-15.675,-8.641,282.214,39.008,0,0
0,-7.139,0,72.058,-165.47,-38.132,5,15,10,0,0,4.56,-5.935,-9.417,1.908,-30.244,8.656,15.659,0.201,-6.074,-12.595,-65.756,8.977,-2.057,6.143,-16.662,-26.504,103.695,-2.58,6.467,-2.091,-17.515,-8.183,287.496,44.29,0,0
0,-7.205,0,70.156,-190.144,-6.592,5,15,10,0,0,5.82,-7.88,-7.647,11.008,-38.489,6.321,14.128,-2.644,-5.566,-16.031,-48.214,10.153,-2.129,7.154,-16.334,-50.931,184.443,-8.366,6.543,1.363,-14.703,-19.496,299.634,52.427,0,0
0,-7.205,0,68.018,-213.856,0,5,15,10,0,0,6.062,-5.956,-9.448,19.985,-36.656,6.58,9.822,-4.21,-5.652,-6.885,-52.901,11.954,-2.493,6.299,-17.098,-49.771,363.649,-20.397,8.569,-0.273,-16.997,-12.26,304.473,61.435,0,0
0,-7.208,0,65.653,-236.516,-0.309,5,15,10,0,0,2.393,1.166,-13.163,0.962,-42.321,5.023,8.771,-2.864,-5.468,4.534,-64.824,9.771,-4.213,7.439,-17.39,-66.901,66,-0.519,4.151,-1.118,-17.304,-20.931,312.58,66.031,0,0
0,-7.238,0,63.188,-246.46,-2.998,5,15,10,0,0,5.863,-6.486,-9.707,-2.733,-55.771,-1.313,10.428,-1.348,-6.285,5.206,-64.137,13.374,-3.918,4.909,-37.88,378.626,499.282,-50.321,11.084,1.835,-16.262,-16.962,314.489,72.931,0,0
0,-7.238,0,60.625,-256.348,0,5,15,10,0,0,6.574,-6.138,-10.907,4.794,-58.305,-0.336,11.115,-1.734,-8.418,2.718,-63.405,15.588,-3.248,5.874,-21.536,-181.588,105.008,15.542,4.974,0.225,-21.141,-13.74,306.229,70.931,0,0
0,-7.238,0,58.054,-257.092,0,5,15,10,0,0,7.19,-4.778,-11.362,7.374,-61.282,-0.076,10.859,-1.358,-9.836,1.344,-62.84,16.916,-3.3,8.501,-36.241,188.214,387.664,138.504,9.798,-0.323,-23.311,-25.893,306.229,66.031,0,0
0,-7.223,0,55.46,-259.324,1.499,5,15,10,0,0,7.152,-3.442,-12.586,2.977,-62.366,0.473,10.761,0.038,-10.996,-3.924,-60.641,17.939,-4.234,9.718,-31.126,138.992,-329.527,207.878,5.353,0.623,-21.728,-40,291.863,62.214,0,0
0,-7.219,0,52.868,-259.232,0.366,5,15,10,0,0,6.287,-3.286,-12.744,-3.939,-65.237,0.947,11.767,0.917,-10.567,-11.924,-54.947,18.275,-4.206,4.414,-14.03,-95.206,125.069,116.763,9.274,0.103,-21.615,-38.275,283.084,61.359,0,0
0,-7.186,0,50.283,-258.511,3.296,5,15,10,0,0,6.929,-3.775,-13.831,-4.733,-65.053,0.931,10.428,0.81,-11.417,-21.557,-58.275,20.672,-2.675,3.468,-10.919,-78.977,18.87,75.298,5.312,2.464,-20.463,-33.496,259.756,60.595,0,0
0,-7.179,0,47.785,-249.756,0.71,5,15,10,0,0,8.438,-0.517,-13.932,-16.794,-63.573,0.29,10.529,0.424,-11.534,-31.969,-59.817,19.695,-3.346,1.49,-9.048,-55.176,12.702,21.878,7.722,-0.723,-23.04,-17.221,237.099,55.298,0,0
0,-7.175,0,45.438,-234.742,0.401,5,15,10,0,0,8.658,-1.621,-12.725,-32.794,-64.214,-5.053,11.312,-0.496,-11.728,-41.771,-60.29,17.069,-3.176,3.602,-5.149,-57.252,1.985,41.038,5.877,3.214,-22.094,-9.466,209.13,48.687,0,0
0,-7.172,0,43.284,-215.355,0.355,5,15,10,0,0,8.886,-3.298,-12.533,-37.267,-62.824,-9.099,11.807,-0.469,-11.64,-48.901,-58.855,15.45,-2.579,2.793,-2.85,-21.695,-22.779,36.275,6.416,4.134,-21.761,-0.855,179.603,40.137,0,0
0,-7.165,0,41.289,-199.574,0.71,5,15,10,0,0,8.102,-4.091,-12.83,-37.328,-63.313,-10.183,10.89,-1.808,-11.719,-50.809,-60.275,14.168,-1.995,2.599,-6.481,3.313,-48.58,18.321,6.153,5.137,-22.159,6.473,149.389,29.649,0,0
0,-7.146,0,39.494,-179.432,1.854,5,15,10,0,0,7.813,-4.119,-13.213,-34.427,-65.328,-11.939,10.981,-2.503,-11.558,-47.313,-60.382,13.893,-0.709,6.62,-3.937,20.321,-150.779,32.977,6.764,5.331,-22.049,15.542,118.473,16.947,0,0
0,-7.043,0,37.86,-163.388,10.265,5,15,10,0,0,5.432,-2.57,-15.896,-33.878,-70.977,-14.26,13.367,-1.485,-11.288,-45.191,-54.84,8.015,-0.45,1.499,-8.047,7.252,-107.847,6.534,6.32,5.221,-21.608,27.313,84.107,1.527,0,0
0,-6.659,0,36.447,-141.312,38.406,5,15,10,0,0,5.477,-5.087,-14.198,-26.733,-77.496,-17.298,13.467,-3.248,-11.307,-45.313,-39.756,4.992,2.388,4.129,-6.562,19.588,-120.611,0.55,10.277,-0.254,-21.785,43.954,64.992,2.183,0,0
0,-6.154,0,35.403,-104.428,50.572,5,15,10,0,0,8.402,-4.481,-13.707,-11.573,-84.031,-19.847,13.973,-3.046,-11.52,-42.489,-33.985,6.366,2.144,4.325,-6.459,11.71,-121.908,-19.145,9.822,4.797,-20.818,71.252,27.527,-3.466,0,0
0,-5.601,0,34.685,-71.789,55.298,5,15,10,0,0,9.379,-4.366,-11.666,-7.13,-84,-21.374,10.964,-1.54,-11.237,-39.038,-35.237,6.84,3.696,4.768,-4.373,12.962,-249.053,-174.901,3.554,5.808,-27.629,70.473,-19.45,-6.947,0,0
0,-5.084,0,34.462,-22.305,51.659,5,15,10,0,0,8.799,-4.706,-12.828,-11.573,-85.282,-24.626,11.831,-0.79,-10.663,-35.649,-39.664,4.427,2.314,7.3,4.905,80.107,-456.321,-218.626,4.594,5.156,-28.652,48.443,-79.954,-8.84,0,0
0,-4.583,0,34.744,28.187,50.125,5,15,10,0,0,9.369,-2.338,-13.127,-17.786,-83.099,-25.481,11.211,-0.491,-11.175,-39.374,-43.053,2.489,-0.836,0.99,-12.215,180.504,443.099,-285.557,9.305,9.07,-19.122,-7.496,-108.809,-10.015,0,0
0,-4.04,0,35.238,49.45,54.257,5,15,10,0,0,9.494,-1.655,-13.568,-23.954,-84.092,-26.84,12.447,-0.81,-10.78,-49.985,-38.046,-0.382,2.635,26.792,-17.723,-7.954,-312.565,276.031,12.571,2.579,-6.797,-66.336,-102.641,-5.985,0,0
0,-3.546,0,35.616,37.708,49.45,5,15,10,0,1,8.162,-0.271,-14.396,-28.718,-83.053,-27.282,13.733,-1.059,-10.43,-60.015,-36.763,-5.481,2.625,5.031,-24.726,-92.962,-303.344,-231.511,16.26,0.58,3.3,-98.137,-66.718,-2.595,0,1
0,-3.048,0,35.802,18.654,49.793,5,5,10,0,1,9.915,-2.536,-11.544,-37.939,-85.618,-33.603,13.489,-0.778,-9.7,-64.29,-34.672,-7.878,6.742,8.823,-13.415,-90.611,-136.046,-124,15.596,-2.275,1.329,-101.191,-42.229,-2,0,0
0,-2.583,0.666,35.736,-6.592,46.44,5,5,10,0,1,12.581,-3.351,-10.315,-46.931,-85.542,-36.031,14.08,-0.759,-8.739,-63.359,-31.802,-11.756,4.062,4.759,-11.005,-132,-58.626,-82.351,7.571,-7.863,-9.434,-82.565,-53.878,-8.275,0,0
0,-2.154,1.293,35.879,14.305,42.904,5,5,10,0,1,13.426,-2.12,-8.941,-60.168,-80,-34.412,15.333,-1.779,-9.087,-64.595,-30.076,-16.595,2.021,-1.279,-9.803,-151.206,-53.466,-73.679,9.702,-6.112,-19.917,-47.588,-78.229,-15.084,0,0
0,-1.719,1.881,36.509,63,43.568,15,5,10,0,1,12.708,-5.121,-7.456,-71.573,-89.42,-35.985,18.442,-0.754,-6.467,-58.244,-20.718,-14.58,3.394,-2.371,-5.803,-147.176,-48.718,-127.328,7.173,3.082,-17.191,-34.763,-120.29,-24.26,0,0
0,-1.118,2.429,37.512,100.319,60.082,15,5,10,0,1,7.851,-3.106,-8.866,-80.595,-89.832,-30.092,20.049,-0.534,-6.934,-62.687,-6.458,-16.489,1.568,-2.194,-0.249,273.817,225.939,10.748,9.925,5.133,-15.074,-58.626,-114.321,-31.42,0,0
0,-0.261,2.939,38.3,78.804,85.659,15,5,10,0,1,11.058,-4.266,-5.889,-79.344,-97.725,-34.305,18.341,-1.442,-5.473,-57.664,10.58,-8.718,-0.426,0.859,-14.859,-49.328,-268.046,-251.969,12.648,1.48,-13.886,-86.366,-74.55,-31.099,0,0
0,0.922,3.409,38.454,15.381,118.298,15,5,10,0,1,8.663,-4.838,-4.472,-79.786,-106.061,-35.756,17.472,-0.01,-5.111,-55.389,32.473,-7.496,1.528,1.473,-15.354,11.71,-92.672,-49.878,11.4,-9.544,-16.456,-68.626,-39.725,-23.954,0,0
0,2.419,3.84,38.124,-33.005,149.781,15,5,10,0,1,10.641,-8.32,-1.329,-72.519,-115.389,-40.244,14.533,1.14,-5.449,-54.504,56.504,-3.145,1.372,2.141,-15.357,4.29,-442.58,-157.374,15.678,-7.403,-10.275,-10.092,-33.603,-21.466,0,0
0,4.255,4.232,37.231,-89.367,183.506,15,5,10,0,1,7.29,-3.775,-6.342,-67.71,-122.473,-37.878,14.859,-1.092,-2.666,-49.099,77.847,-10.534,0.044,-2.08,-2.472,230.183,-434.336,153.405,17.124,-3.616,-10.809,16.336,-25.084,-26.534,0,0
0,6.436,4.584,35.744,-148.682,218.182,15,5,10,0,1,9.853,-8.236,-5.959,-57.771,-135.786,-41.695,15.793,1.047,-4.962,-44.107,103.313,-14.611,3.411,6.346,-27.571,377.221,-62.55,-484.153,14.746,-3.842,-10.797,74.107,2.015,-27.618,0,0
0,9.183,4.898,33.708,-203.602,274.682,15,5,10,0,1,5.679,-7.365,-13.589,-46.611,-158.595,-41.725,16.401,-2.68,-3.001,-37.527,135.802,-20.656,-0.79,4.563,-17.618,65.45,-180.55,-8.611,16.423,0.24,-10.914,87.328,38.153,-21.817,0,0
0,12.322,5.172,31.042,-266.602,313.855,15,5,10,0,1,11.125,-9.973,-14.073,-14.55,-178.962,-43.176,17.311,1.102,-3.243,-43.847,159.435,-14.901,-0.58,3.924,-21.124,169.45,-382.977,-12.336,12.847,-3.379,-10.758,107.099,49.405,-16.137,0,0
0,15.948,5.407,27.896,-314.61,362.595,15,5,10,0,1,9.221,-6.627,-18.686,8.641,-198.855,-33.084,15.412,1.866,-6.85,-42.26,184.733,-19.924,-3.741,1.73,-24.271,175.099,195.527,-10.87,10.78,-11.364,-9.554,143.099,50.015,-21.252,0,0
0,19.987,5.603,24.71,-318.547,403.897,15,5,10,0,1,10.1,-4.601,-20.935,30.214,-218.718,-28.702,13.977,-1.473,-7.832,-23.817,204.977,-14.366,1.116,4.782,-14.658,135.008,-387.359,10.015,5.432,-1.77,-11.697,164.748,6.427,-23.679,0,0
0,24.674,5.76,21.678,-303.2,468.717,15,5,10,0,1,7.381,-7.559,-16.66,47.008,-245.45,-31.542,18.178,-2.424,-7.607,-0.397,232.107,3.511,4.278,1.66,-12.569,59.221,-390.809,6.718,7.693,-0.548,-14.976,146.931,14.397,-22.321,0,0
0,29.749,5.878,19.041,-263.695,507.558,15,5,10,0,1,14.435,-2.723,-18.358,67.053,-237.542,-33.115,8.316,-4.28,-13.965,9.786,238,27.16,6.663,5.088,-11.29,106.397,290.626,82.565,5.262,2.548,-13.625,131.603,-3.115,-20.687,0,0
0,34.943,5.956,16.957,-208.386,519.322,15,5,10,0,1,12.78,-3.736,-19.56,84.779,-245.191,-33.008,11.067,-5.202,-15.256,34,241.008,41.328,7.762,4.457,-12.389,69.313,-150.443,22.87,8.663,4.469,-13.309,101.832,-10.55,-22.244,0,0
0,40.267,5.995,15.485,-147.183,532.449,15,5,10,0,1,-7.374,9.206,-32.508,94.565,-243.939,-31.084,15.072,-5.346,-10.023,33.282,254.931,77.908,5.214,7.851,-13.872,74.244,-129.038,-2.534,9.288,9.647,-9.075,43.679,-15.664,-28.519,0,0
0,45.431,5.995,14.24,-124.581,516.416,15,5,10,0,1,12.976,-2.51,-20.968,98.076,-238,-27.954,13.908,1.911,-13.307,53.115,229.786,87.344,3.71,1.62,-20.434,137.634,487.435,-4.763,9.582,5.626,-9.659,3.282,-12.275,-30.076,0,0
0,50.601,5.956,13.05,-118.973,517.022,15,5,10,0,1,14.452,-5.849,-18.195,134.962,-194.031,-14.656,14.593,3.418,-18.461,29.206,235.221,89.557,4.529,1.227,-17.249,95.313,-258.092,-88.794,8.466,1.466,-10.514,12.84,-15.344,-25.405,0,0
0,55.117,5.878,11.955,-109.543,451.562,15,5,10,0,1,16.815,2.476,-21.754,119.42,-164.626,-13.008,10.828,-0.989,-19.366,51.527,232.504,79.893,1.389,1.558,-17.91,68.412,481.45,-115.664,10.593,4.198,-8.79,16.595,-10.901,-20.824,0,0
0,58.922,5.76,10.808,-114.613,380.505,15,5,10,0,1,8.759,-0.795,-18.866,115.924,-135.649,-10.748,17.146,0.108,-12.983,48.244,225.756,86.687,3.415,15.198,-22.005,262.076,-15.893,-164.275,9.489,0.757,-9.836,33.802,-10.443,-16.595,0,0
0,62.116,5.603,9.688,-112.061,319.348,15,5,10,0,1,11.319,-2.321,-15.35,104.275,-95.878,-6.336,13.781,-1.015,-12.801,48.198,220.733,79.252,2.256,7.99,-13.939,37.908,-257.908,-32.763,8.5,2.261,-9.199,50.901,-12.55,-10.305,0,0
0,64.869,5.407,8.648,-103.993,275.38,15,5,10,0,1,9.896,-1.181,-16.765,88.412,-62.733,-2.931,13.774,-1.293,-12.023,47.389,212.763,62.779,2.304,8.292,-13.582,39.099,-475.618,-139.969,10.799,5.669,-7.47,48.947,-8.962,-5.252,0,0
0,67.224,5.172,7.685,-96.325,235.451,15,5,10,0,1,7.003,0.632,-16.815,73.069,-35.878,0.183,14.116,-1.032,-11.697,44.504,207.908,47.74,4.867,7.312,-12.806,42.824,-442.58,-56.427,10.44,3.391,-10.011,41.206,-16.58,-4.443,0,0
0,69.305,4.898,6.908,-77.625,208.065,15,5,10,0,1,7.259,0.992,-16.571,71.817,-32.87,1.023,13.127,-0.012,-12.428,44.534,201.435,36.214,4.924,9.211,-13.213,39.74,-112.992,-48.061,7.312,4.74,-8.543,28.702,-14.275,-5.466,0,0
0,71.117,4.584,6.279,-62.954,181.263,15,5,10,0,1,5.051,0.055,-16.466,29.71,17.069,9.634,12.969,1.37,-12.818,45.405,200.84,25.359,5.547,11.184,-20.3,262.198,-489.542,-151.695,10.435,1.631,-9.808,5.359,-18.87,-6.504,0,0
0,72.758,4.232,5.806,-47.299,164.063,15,5,10,0,1,3.636,0.546,-17.469,5.405,37.832,13.267,12.782,0.623,-12.064,40.885,202.748,15.954,3.961,4.513,-16.492,50.977,-176.748,-120.183,10.689,1.926,-7.643,-6.611,-17.649,-6.702,0,0
0,74.164,3.84,5.425,-38.075,140.579,15,5,10,0,1,3.923,-0.151,-18.149,-11.221,57.939,16.336,12.672,-0.292,-10.89,38.168,203.664,8.702,4.325,7.178,-12.114,7.771,-320.26,-2.076,6.946,0.63,-9.099,-8,-25.298,-8.916,0,0
0,75.428,3.409,5.172,-25.269,126.4,15,5,10,0,1,1.54,1.011,-19.876,-25.42,76.809,18.977,13.273,0.426,-9.781,34.168,199.542,1.237,8.68,4.266,-9.393,2.489,-131.542,0.733,6.177,-0.321,-10.026,3.13,-38.55,-7.435,0,0
0,76.536,2.939,5.172,-0,110.882,15,5,10,0,1,3.77,-0.05,-17.249,-31.527,101.298,19.618,12.718,0.156,-10.56,31.176,197.71,-6.519,3.219,4.602,-22.705,77.176,-239.344,-16.794,10.21,2.431,-7.53,-6.748,-32.718,-5.847,0,0
0,77.453,2.429,5.172,-0,91.61,15,5,10,0,1,2.943,-0.098,-16.825,-31.618,127.191,19.756,11.697,-0.065,-11.417,24.931,193.435,-10.519,3.228,6.522,-13.036,1.176,-216.748,-19.542,9.616,0.683,-7.896,-6.809,-38,-7.16,0,0
0,78.068,1.881,5.228,5.55,61.535,15,5,10,0,1,3.569,-3.25,-14.993,-34.977,145.832,12.748,10.701,1.449,-10.948,16.321,194.916,-5.466,4.17,6.148,-11.692,9.237,-89.969,-8.977,8.615,0.838,-8.112,-1.023,-46.702,-5.832,0,0
0,78.269,1.293,5.385,15.713,20.073,15,5,10,0,1,6.491,-2.457,-14.899,-14.992,182.977,13.771,8.042,-2.635,-14.001,24.87,184.595,-8.702,6.21,4.998,-12.15,11.863,-20.107,-2.168,6.361,-0.651,-11.819,12.779,-51.221,-5.008,0,0
0,78.144,0.666,5.737,35.202,-12.428,15,5,10,0,1,0.28,2.812,-20.516,-19.634,195.435,7.099,10.859,0.577,-11.728,26.519,179.664,-6.779,5.504,6.706,-12.327,11.145,-36.595,-4.458,7.626,4.213,-8.263,3.084,-56.427,-2.214,0,0
0,77.881,0,6.374,63.698,-26.379,15,5,10,0,1,4.721,-1.42,-18.358,11.603,222.962,4.565,7.434,-1.88,-13.618,33.985,167.863,-2.427,6.026,13.895,-15.711,188.443,-177.847,-238.412,10.806,4.359,-7.413,4.611,-71.863,-4.015,0,0
0,77.291,0,7.213,83.885,-58.949,15,5,10,0,1,1.715,-2.117,-19.613,31.298,236.046,0.687,7.089,-1.463,-12.389,46.779,156.672,5.618,1.475,7.916,-15.575,3.832,-30.153,-36.641,10.96,6.119,-7.563,-28.504,-62.672,-6.702,0,0
0,76.427,0,7.938,72.487,-86.38,15,5,10,0,0,0.376,-1.609,-19.055,46.092,249.374,-8.198,6.239,-1.916,-12.677,57.099,144.855,12.351,1.109,7.537,-14.622,5.13,-20.015,-41.802,9.882,0.915,-9.865,-34.779,-65.16,-9.893,0,0
0,75.368,0,8.545,60.757,-105.904,15,5,10,0,0,1.688,-1.942,-19.084,52.794,260.947,-16.794,5.645,-2.539,-12.267,66,130.855,14.931,-1.061,9.223,-15.024,-8.366,-29.573,-20.748,12.191,-0.869,-8.912,-29.542,-62.153,-8.107,0,0
0,74.032,0,8.937,39.208,-133.667,15,5,10,0,0,1.262,-2.589,-18.863,59.405,271.435,-22.702,5.441,-2.606,-11.518,78.824,114.275,14.885,0.436,3.969,-14.21,-13.802,-46.336,-41.863,10.169,-4.282,-11.441,-5.023,-66.534,-5.481,0,0
0,72.442,0,9.326,38.818,-158.924,15,5,10,0,0,1.449,-0.223,-19.412,59.389,282.87,-28.107,5.42,-2.512,-12.799,88.153,98.275,11.863,1.581,3.602,-13.513,-10.824,-49.542,-24.092,9.954,-0.283,-9.386,12.229,-66.87,-2.763,0,0
0,70.637,0,9.652,32.616,-180.542,15,5,10,0,0,1.358,0.247,-19.292,49.344,291.45,-37.282,3.976,-3.073,-11.676,102.901,83.282,10.168,0.57,4.644,-16.176,4.031,-47.344,-14.412,10.236,1.454,-10.696,9.344,-58.763,-3.313,0,0
0,68.653,0,9.853,20.096,-198.429,15,5,10,0,0,4.924,2.342,-21.962,38.412,300.397,-43.237,2.476,-1.291,-14.104,116.336,65.115,7.099,0.084,4.28,-16.957,16.153,-45.221,-7.969,11.125,2.697,-9.566,8.809,-57.939,-5.13,0,0
0,66.448,0,9.827,-2.563,-220.471,15,5,10,0,0,1.138,-0.469,-21.095,28.366,298.107,-44.29,2.534,-0.841,-13.321,126.626,53.71,-3.664,4.153,3.389,-13.309,16.656,-188.107,-26.565,11.01,1.011,-12.03,9.069,-56.305,-3.466,0,0
0,64.17,0,9.827,-0,-227.818,15,5,10,0,0,0.23,0.984,-23.747,22.351,296.672,-42.55,2.908,-0.158,-12.296,133.481,43.42,-14.992,2.385,4.495,-15.757,29.664,-122.275,-29.313,9.824,-0.639,-12.478,18.427,-54,-4.565,0,0
0,61.727,0,9.827,-0,-244.263,15,5,10,0,0,4.225,-4.263,-20.782,27.954,293.618,-39.313,3.985,2.002,-10.62,122.779,32.992,-20.916,2.395,4.967,-16.415,32.229,-58.275,-3.252,9.829,0.575,-12.282,22.656,-55.435,-4.687,0,0
0,59.307,0,9.827,-0,-242.043,15,5,10,0,0,5.31,-3.09,-22.556,23.389,289.221,-34.427,4.555,2.891,-10.62,103.45,26.122,-30.931,3.224,5.246,-22.815,66.061,-242.519,-21.374,10.476,1.346,-11.637,19.267,-55.649,-5.282,0,0
0,56.783,0,9.827,-0,-252.354,15,5,10,0,0,-0.503,-3.312,-24.47,21.863,273.664,-30.885,6.143,4.503,-6.876,80.916,17.878,-35.496,4.563,5.377,-16.317,34.351,-61.786,-9.298,9.805,1.37,-11.956,15.557,-55.313,-4.229,0,0
0,54.282,0,9.824,-0.355,-250.065,15,5,10,0,0,3.434,-2.917,-23.692,21.069,269.191,-22.901,3.094,4.232,-8.881,54.855,5.298,-31.985,3.413,6.498,-16.037,29.695,-134.061,-20.336,11.233,1.808,-11.338,9.786,-50.977,-3.588,0,0
0,51.755,0,9.813,-1.076,-252.709,15,5,10,0,0,4.172,-3.25,-23.969,2.031,251.405,-16.611,3.537,2.462,-7.942,40.565,-5.695,-29.908,3.791,7.13,-15.359,25.389,-70.305,-10.916,11.091,2.364,-11.221,5.313,-51.42,-2.504,0,0
0,49.357,0,9.805,-0.79,-239.88,15,5,10,0,0,2.474,-2.524,-25.804,-9.008,229.374,-8.351,3.111,3.205,-6.074,30.855,-20.87,-27.069,2.764,6.895,-15.438,20.214,-75.496,-11.099,10.84,2.232,-10.95,2.229,-49.42,-2.305,0,0
0,47.006,0,9.798,-0.71,-235.074,15,5,10,0,0,1.152,-3.099,-24.35,-23.954,201.023,1.282,1.576,3.37,-6.035,23.328,-34.55,-29.481,3.858,5.336,-14.042,21.252,-76.962,-18.137,11.276,0.814,-10.612,9.695,-55.939,-2.061,0,0
0,44.864,0,9.772,-2.586,-214.234,15,5,10,0,0,-0.687,-2.62,-26.283,-47.878,162.229,6.641,4.064,1.847,-3.331,14.702,-44.321,-30.015,3.736,6.68,-13.944,19.588,-76.412,-22.107,11.312,1.37,-9.832,15.282,-59.725,-0.687,0,0
0,42.871,0,9.761,-1.041,-199.253,15,5,10,0,0,0.874,-3.813,-26.498,-57.405,129.282,13.679,4.754,1.621,-1.763,3.176,-53.481,-29.939,4.371,6.598,-13.381,17.527,-75.252,-8.55,11.278,0.776,-9.139,17.511,-60.397,0.992,0,0
0,41.15,0,9.729,-3.296,-172.085,15,5,10,0,0,0.778,-4.776,-26.985,-61.008,90.229,18.992,5.571,2.711,-2.589,-8.794,-57.16,-27.267,4.289,6.239,-13.125,17.542,-143.344,-12.244,11.46,1.351,-8.375,16.656,-59.71,3.115,0,0
0,39.711,0,9.622,-10.666,-143.921,15,5,10,0,0,-2.383,-4.558,-27.083,-56.763,49.389,23.237,7.913,2.905,-1.049,-26.229,-61.344,-21.573,0.766,7.039,-16.241,15.878,-75.038,-5.847,15.012,2.002,-6.732,5.053,-46.336,3.313,0,0
0,38.652,0,9.344,-27.775,-105.892,15,5,10,0,0,2.658,-5.018,-24.355,-54.87,14.672,14.885,14.284,0.812,1.236,-33.649,-56.763,-18.031,1.109,5.826,-23.505,28.87,-297.588,0.427,13.477,-1.985,-9.384,14.565,-51.71,5.878,0,0
0,37.957,0,9.175,-16.88,-69.512,15,5,10,0,0,8.893,-4.922,-23.835,-37.527,-1.756,9.725,13.429,-1.336,-0.51,-47.282,-50.107,-4.229,3.442,5.362,-14.183,15.679,-126.046,16.366,12.936,-0.589,-7.286,31.618,-68.534,10.962,0,0
0,37.587,0,9.084,-9.167,-37.022,15,5,10,0,0,3.909,-7.195,-29.638,-25.13,-50,1.481,9.015,-2.242,-1.827,-17.45,-50.214,7.267,5.918,4.572,-12.114,39.695,321.221,13.099,12.598,1.068,-8.502,34.702,-69.527,13.16,0,0
0,37.685,0,9.113,2.941,9.876,15,5,10,0,0,7.523,-11.17,-27.306,1.695,-106.702,-7.328,7.444,-4.148,-4.567,7.481,-56.137,21.924,5.147,5.374,-12.55,51.817,-60.565,7.634,12.076,1.09,-9.216,31.863,-68.885,13.71,0,0
0,38.224,0,9.098,-1.499,53.879,15,5,10,0,0,6.981,-8.318,-16.837,30.916,-132.534,-10.29,12.243,-2.788,-3.178,26.122,-54.55,35.099,5.317,5.679,-12.219,60.427,-60.489,17.802,12.073,0.079,-8.704,29.618,-72.305,15.542,0,0
0,38.971,0,9.106,0.79,74.696,15,15,10,0,0,11.07,-10.27,-3.739,53.634,-118.55,-13.298,12.988,-3.731,-5.298,35.16,-51.374,54.519,7.36,5.677,-13.69,127.13,-115.298,52.275,12.888,-1.015,-8.227,35.969,-72.443,18.901,0,0
0,39.645,0,9.135,2.93,67.383,15,15,10,1,0,10.579,-6.895,-2.476,76.504,-91.481,-10.565,12.885,-6.038,-8.229,60.687,-42.382,74.824,7.86,12.764,-17.254,-484.901,-397.069,140.336,14.344,-0.479,-6.941,48.397,-80.641,24.55,1,0
0,40.249,0,9.308,17.223,60.436,5,15,10,1,0,8.629,-1.983,-6.507,73.328,-68.718,-12.198,11.738,-4.357,-10.579,86.947,-34.229,93.313,12.959,6.91,-8.265,64.137,-51.176,36.214,11.424,1.83,-5.487,60.656,-104.076,27.176,0,0
0.662,40.971,0,9.776,46.864,72.144,5,15,10,1,0,3.576,0.366,-15.079,63.71,-74.626,-13.542,8.715,-0.807,-8.241,102.183,-28.198,105.221,5.825,14.859,-6.198,-464.137,-69.985,189.802,14.052,3.03,-3.164,61.573,-104.351,26.046,0,0
1.286,41.963,0,10.45,67.383,99.243,5,15,10,1,0,2.51,0.771,-20.614,52.229,-94.122,-18.015,9.259,4.22,-6.112,77.008,-25.649,109.603,6.055,17.177,-8.56,112.672,13.008,81.71,12.974,0.211,-8.052,55.023,-110.794,25.74,0,0
1.871,43.201,0,11.515,106.545,123.757,5,15,10,1,0,4.539,-3.885,-22.657,61.557,-102.534,-13.725,6.213,3.554,-6.522,57.542,-34.702,100.244,3.252,15.165,-7.645,133.74,101.13,38.84,13.237,2.127,-5.65,50.702,-125.573,22.519,0,0
2.417,44.296,0,12.98,146.45,109.497,5,15,10,1,0,8.174,-1.437,-22.101,65.115,-100.916,-5.176,6.311,1.059,-6.366,41.405,-49.115,79.786,12.08,8.598,-6.114,8.779,47.649,7.725,16.183,5.453,-2.371,21.771,-145.664,17.588,0,0
2.925,44.845,0,14.76,177.967,54.909,5,15,10,1,0,11.8,0.929,-18.923,65.42,-73.618,-1.573,9.202,-3.667,-6.368,34.824,-74.901,49.374,1.538,13.676,-5.322,-17.954,116.702,12.244,14.765,2.908,-3.988,-7.832,-143.176,10.656,0,0
3.394,44.6,0,16.737,197.766,-24.513,5,15,10,1,0,11.654,-0.975,-13.743,44.183,-48.214,5.481,12.828,-0.199,-6.464,35.863,-97.374,28.992,12.488,4.998,-3.346,-16.855,167.634,12.244,16.324,-4.864,-4.632,-15.13,-153.374,7.954,0,0
3.824,43.435,0,19.096,235.863,-116.478,5,15,10,1,0,11.384,0.929,-16.363,21.649,-18.397,19.45,12.279,0.687,-8.229,27.664,-124.595,9.069,0.254,1.705,-48.111,-172.214,-127.023,13.924,16.784,0.352,-1.454,-22.198,-154.885,14.122,0,0
4.215,41.575,0,21.758,266.259,-186.013,5,15,10,1,0,10.483,5.571,-17.781,-31.176,-0.473,31.725,13.453,0.972,-9.585,14.122,-155.756,-2.58,8.05,7.362,-1.327,-56.061,-484.641,28.58,15.247,2.603,-1.978,-32.656,-153.176,13.924,0,0
4.567,39.165,0,24.659,290.051,-241.013,5,15,10,1,0,6.476,6.253,-20.065,-71.038,18.427,37.145,13.426,5.834,-11.551,-4.916,-176.229,-13.328,9.367,7.118,-5.913,-26.565,311.603,12.763,18.42,2.776,-2.371,-43.115,-152.183,11.603,0,0
4.881,36.459,0,27.702,304.276,-270.562,5,15,10,1,0,13.69,-3.114,-15.599,-109.893,44.626,38.336,14.684,6.299,-14.758,-26.687,-181.511,-11.084,9.125,7.245,-7.379,-33.664,178.489,9.099,15.74,0.647,-11.225,-39.664,-152.031,8.794,0,0
5.156,33.422,0,31.06,335.805,-303.67,5,15,10,1,0,12.31,-1.547,-17.582,-109.084,51.496,40.519,9.235,1.437,-14.885,-58.977,-198.702,-14.336,10.864,8.984,-10.078,-48.947,199.023,10.504,14.384,4.507,-15.879,-47.847,-175.313,5.252,0,0
5.393,30.222,0,34.766,370.618,-320.069,5,15,10,1,0,12.885,0.901,-10.907,-165.893,59.985,44.641,11.4,0.97,-9.125,-66.321,-201.313,-9.267,3.219,37.385,-17.991,-285.664,477.069,30.29,16.499,8.023,-15.438,-71.557,-202.611,3.099,0,0
5.59,26.905,0,38.934,416.795,-331.719,5,15,10,1,0,7.571,1.559,-14.61,-172.046,42.641,47.695,9.345,1.403,-7.262,-69.344,-198.397,-4.305,11.079,0.109,-29.612,301.817,-228.656,-304.366,17.809,4.333,-17.096,-100.931,-208.977,-1.969,0,0
5.749,23.85,0,43.412,447.831,-305.455,5,15,10,1,0,-1.262,-1.871,-18.569,-164.702,18.153,39.771,10.069,1.899,-6.718,-70.595,-187.954,-2.107,12.217,5.032,-16.693,-95.221,250.321,-39.71,16.815,5.221,-14.274,-125.969,-204.794,-11.863,0,0
5.869,21.283,0,48.078,466.611,-256.714,5,15,10,1,0,2.405,-10.861,-17.153,-111.908,6.153,34.382,11.415,1.166,-6.627,-70.092,-168.87,1.557,8.696,5.404,-27.193,-187.573,-490.031,-119.267,15.091,3.535,-16.121,-139.695,-191.115,-11.176,0,0
5.95,19.419,0,52.74,466.13,-186.356,5,15,10,1,0,7.063,-9,-17.407,-106.992,9.603,33.481,12.936,-3.298,-6.914,-74.87,-143.985,10.992,8.874,5.214,-19.792,-89.252,262.519,-73.908,14.138,0.153,-17.151,-136.504,-167.649,-0.229,0,0
5.993,17.943,0,57.379,463.979,-147.606,5,15,10,1,0,8.021,-7.542,-15.893,-7.145,0.092,32.366,14.358,-3.037,-9.417,-70.55,-130.015,24.992,6.165,2.302,-18.976,-84.84,263.969,-96.611,13.139,3.207,-18.937,-105.603,-171.008,-7.099,0,0
5.997,16.724,0,61.943,456.345,-121.926,5,15,10,1,0,6.826,-3.444,-13.812,-2.076,-3.328,29.74,11.532,-3.959,-9.642,-60.687,-128.031,34.29,6.397,2.831,-17.335,-63.389,259.679,-70.916,13.601,5.322,-16.909,-111.069,-150.489,-20.672,0,0
5.962,15.559,0,66.246,430.322,-116.513,5,15,10,1,0,8.577,-4.862,-12.042,-3.832,2.137,27.771,9.611,-3.885,-10.224,-50.718,-130.611,35.908,0.307,4.83,-22.073,-55.206,-487.863,-161.679,21.5,-0.223,-10.32,-96.427,-123.16,-24.061,0,0
5.888,14.295,0,69.904,365.765,-126.332,5,15,10,1,0,7.252,-1.748,-13.381,-18,2.992,25.908,10.028,-2.342,-8.533,-47.527,-135.863,32.55,9.017,4.258,-14.928,-25.649,240.748,-57.618,16.485,-2.11,-10.435,-84.504,-75.847,-22.153,0,0
5.776,12.893,0,72.859,295.533,-140.271,5,15,10,1,0,8.356,-3.832,-13.058,-40.58,6.84,23.221,8.864,-1.418,-9.451,-54.015,-139.023,24.244,9.293,4.014,-14.622,-15.115,228.275,-34.656,11.51,-5.952,-11.197,-36.214,-21.237,-11.664,0,0
5.625,11.348,0,75.141,228.173,-154.484,5,15,10,1,0,7.923,-4.951,-13.316,-51.74,14.977,23.756,5.719,-1.775,-10.208,-54.809,-144.443,19.206,8.16,4.033,-14.854,-7.206,212.534,-34.748,8.301,-6.696,-10.708,16.565,22.992,0.26,0,0
5.435,9.659,0,76.84,169.899,-168.846,5,15,10,1,0,2.733,-0.211,-15.702,-66.153,10.214,22.916,8.627,-1.518,-8.251,-64.672,-146.046,13.908,5.109,3.396,-15.716,-7.771,202.885,-3.649,9.717,-4.891,-11.98,52.855,66.137,8.26,0,0
5.207,8.004,0,78.077,123.768,-165.516,5,15,10,1,0,9.944,-3.909,-14.262,-68.916,19.863,18.977,8.052,-1.178,-10.09,-72.947,-147.771,15.618,4.613,3.411,-14.286,-10.534,194.824,7.756,7.374,-2.424,-14.705,81.573,92,6.26,0,0
4.939,6.283,0,78.983,90.534,-172.165,5,15,10,1,0,7.504,-3.377,-14.155,-50.122,19.908,21.511,6.998,-2.235,-10.004,-76.198,-151.405,16.779,3.945,3.161,-14.241,-4.702,189.221,19.588,6.023,0.479,-16.267,78.473,116.977,2.092,0,0
4.633,4.569,0,79.689,70.667,-171.353,5,15,10,1,0,8.217,-1.928,-15.939,-53.206,18.794,17.878,11.003,0.505,-10.414,-74.534,-151.069,15.817,2.761,3.693,-14.88,2.198,186.809,20.763,5.274,1.281,-16.547,69.008,132.046,0.137,0,0
4.288,3.108,0,80.198,50.892,-146.096,5,15,10,1,0,7.832,-5.932,-12.959,-40.824,9.573,14.366,10.33,0.218,-9.839,-76.885,-139.74,15.863,3.346,4.064,-15.079,10.504,366.321,22.351,4.515,1.468,-16.269,51.588,148.198,-0.046,0,0
3.905,1.944,0,80.396,19.741,-116.444,5,15,10,1,0,8.871,-7.657,-11.961,-13.74,7.573,15.328,12.167,-2.766,-11.736,-84.519,-128.992,18.977,-0.129,8.283,-26.225,44.947,-311.695,32.244,4.457,-1.77,-18.233,30.809,174.366,3.954,0,0
3.483,0.789,0,80.564,16.834,-115.425,5,15,10,1,0,6.756,-6.323,-13.149,14.046,10.84,18.489,8.636,-4.052,-12.349,-58.779,-132.672,20.351,-0.043,5.08,-16.31,7.145,-330.687,-225.588,5.077,0.311,-14.375,15.954,187.405,14.168,0,0
3.022,-0.324,0,80.459,-10.551,-111.328,5,15,10,1,0,6.479,-3.09,-12.219,19.099,5.176,16.244,8.086,-2.615,-10.842,-39.344,-132.229,18.779,0.354,5.982,-41.051,195.206,-451.191,-90.382,7.31,-7.736,-20.133,23.221,209.115,24.214,0,0
2.522,-1.385,0,80.37,-8.846,-106.133,5,15,10,1,0,5.674,-3.693,-12.66,15.298,-4.504,14.137,9.681,-1.49,-11.331,-24.824,-127.328,11.496,-0.436,8.357,-36.893,115.053,474.122,-179.298,5.762,5.588,-9.333,-7.878,216.473,31.053,0,0
1.983,-2.389,0,79.799,-57.083,-100.411,5,15,10,1,0,5.58,-4.656,-12.195,19.435,-2.137,14.931,9.183,-3.08,-11.479,-14.427,-121.71,7.267,-1.097,5.597,-18.011,5.863,126.916,-29.466,8.881,-0.319,-13.422,-19.008,243.221,31.954,0,0
1.406,-3.323,0,78.847,-95.284,-93.35,5,15,10,1,0,3.521,-2.678,-13.242,14.305,-11.145,13.511,13.122,-2.124,-8.962,-4.198,-110.076,3.679,-0.759,7.584,-22.269,-26.626,264.321,-27.023,6.081,-0.805,-14.128,-17.084,259.939,42.153,0,0
0.79,-4.033,0,77.525,-132.134,-71.045,5,15,10,1,0,8.96,-4.186,-11.98,8.947,-12.595,10.107,13.62,-1.856,-10.246,-7.832,-95.74,2.534,-0.687,6.91,-15.457,-31.267,233.511,-24.641,4.881,-3.791,-16.25,-15.908,273.954,52.672,0,0
0.136,-4.414,0,75.885,-164.051,-38.109,5,15,10,1,0,4.275,-3.722,-12.936,10.092,-24.748,9.344,14.703,0.189,-10.054,-15.13,-74.855,1.649,-3.523,6.107,-16.243,-49.802,200.84,-34.382,5.051,-2.117,-17.199,-5.863,282.29,62.076,0,0
0,-4.286,0,74.009,-187.569,12.875,5,15,10,0,0,10.097,-8.943,-5.988,22.244,-31.664,4.443,10.471,-3.264,-9.594,-22.824,-48.916,11.374,-3.305,2.159,-36.979,-495.389,-310,-111.389,5.956,1.808,-16.186,-12.122,292.031,66.092,0,0
0,-4.351,0,71.885,-212.368,-6.592,5,15,10,0,0,5.992,-2.299,-12.698,31.511,-23.542,9.13,8.349,-3.83,-9.077,-7.038,-60.305,8.885,-3.937,7.531,-22.628,-145.618,147.832,-7.023,5.022,-0.558,-18.425,-11.328,294.214,66.214,0,0
0,-4.381,0,69.549,-233.609,-2.987,5,15,10,0,0,6.234,-4.091,-8.399,4.595,-41.298,4.015,9.633,-1.425,-5.645,-0.809,-58.748,8.595,-4.004,4.989,-16.88,-83.115,128.229,-2.351,5.425,-0.778,-16.851,-31.71,307.481,68.107,0,0
0,-4.407,0,66.978,-257.092,-2.529,5,15,10,0,0,6.625,-5.887,-9.065,-1.282,-43.008,2.412,10.188,-1.796,-5.228,0.031,-61.008,7.374,-3.607,0.473,-35.868,259.664,-149.511,-97.466,8.634,4.713,-13.771,-39.221,308.397,72.855,0,0
0,-4.645,0,64.265,-271.34,-23.827,5,15,10,0,0,9.729,-5.535,-9,-1.618,-34.443,3.924,6.804,-2.752,-8.074,-3.954,-71.863,9.634,-4.792,6.244,-15.608,-109.435,141.786,-12.947,5.015,-0.127,-20.02,-28.427,302.794,72.244,0,0
0,-5.091,0,61.455,-280.942,-44.632,5,15,10,0,0,5.75,-6.189,-9.084,-13.557,-44.076,0.122,9.156,1.188,-6.584,-8.137,-77.588,13.313,-5.01,7.804,-24.386,-243.542,108.702,10.87,4.258,-2.515,-23.785,-31.908,304.061,68.321,0,0
0,-5.531,0,58.68,-277.531,-43.957,5,15,10,0,0,5.19,-5.93,-9.18,-34.733,-51.756,-0.916,12.001,1.411,-6.383,-19.725,-74.046,13.344,-4.766,5.082,-15.434,-119.603,42.26,28.153,8.208,2.635,-20.492,-37.893,295.832,66.611,0,0
0,-5.842,0,55.904,-277.623,-31.117,5,15,10,0,0,5.089,-5.156,-10.993,-40.931,-59.344,-3.374,13.197,0.52,-7.736,-34.168,-69.527,15.405,-3.492,4.355,-18.293,-206.962,27.237,54.229,8.181,0.697,-24.005,-37.618,283.084,60.931,0,0
0,-5.813,0,53.179,-272.507,2.861,5,15,10,0,0,6.251,-7.81,-9.056,-40.229,-73.496,-8.26,16.02,0.074,-7.645,-51.221,-45.13,23.344,-2.946,1.879,-12.976,-163.298,0.122,156.092,8.311,1.439,-21.51,-35.527,262.229,55.588,0,0
0,-5.725,0,50.535,-264.37,8.823,5,15,10,0,0,8.962,-15.057,-3.834,-14.366,-75.176,-5.008,11.398,-3.358,-8.744,-49.588,-38.733,31.466,-2.005,1.734,-6.011,-81.328,-11.481,107.603,6.991,1.847,-22.475,-11.298,238.275,50.321,0,0
0,-5.655,0,48.045,-249.001,6.981,5,15,10,0,0,9.211,0.417,-14.02,-21.985,-66.626,-0.397,12.265,-1.808,-10.145,-39.985,-49.16,24.183,-1.753,0.69,-7.123,0.031,-15.511,3.969,6.457,1.226,-24.297,14.183,210.107,44.916,0,0
0,-5.267,0,45.716,-232.956,38.83,5,15,10,0,0,9.216,-1.15,-12.389,-39.878,-80.794,-6.168,12.89,-1.851,-10.94,-45.969,-37.71,20.794,-1.988,1.535,-6.498,31.786,-29.038,3.542,5.559,3.205,-23.481,33.008,179.756,34.534,0,0
0,-4.648,0,43.585,-213.078,61.855,5,15,10,0,0,6.601,-5.899,-12.251,-30.137,-91.191,-10.397,13.132,-0.24,-11.386,-52.611,-28,25.817,-2.503,3.013,-6.886,48.489,-58.626,50.076,5.504,4.742,-23.653,51.573,144.321,23.863,0,0
0,-3.85,0,41.611,-197.377,79.811,5,15,10,0,0,8.014,-4.749,-12.66,-17.45,-94.763,-13.298,11.989,-0.953,-10.95,-57.466,-23.573,26.702,-1.744,4.299,-6.531,53.374,-59.863,18.168,5.37,5.3,-24.092,68.534,105.71,9.679,0,0
0,-3.019,0,39.831,-178.048,83.119,5,15,10,0,0,10.734,-2.203,-13.841,-14.947,-94.626,-14.748,11.721,-0.436,-12.334,-58.809,-22.947,23.573,-4.922,3.868,-8.926,54.702,-77.405,4.214,7.604,5.909,-24.187,72.519,74.687,-5.893,0,0
0,-2.129,0,38.45,-138.05,89.058,5,15,10,0,0,10.306,-2.869,-12.804,-14.519,-95.863,-16.504,10.691,-2.395,-10.399,-53.16,-23.344,17.145,2.764,7.463,-5.142,44.489,-76.809,5.893,10.543,1.444,-22.619,89.176,31.267,1.328,0,0
0,-1.364,0,37.524,-92.64,76.481,5,15,10,0,0,10.346,-2.718,-13.209,-14.656,-95.679,-18.427,11.144,-0.498,-11.961,-48.397,-27.924,10.84,5.427,3.43,-47.153,239.863,418.198,29.557,8.641,5.849,-24.405,96.305,-13.435,4.901,0,0
0,-0.675,0,37.114,-40.993,68.894,5,15,10,0,0,6.821,-1.152,-13.85,-20.504,-95.634,-19.374,12.559,-1.339,-10.552,-42.595,-32.504,3.832,3.166,8.301,-2.065,22.885,-277.023,-10.26,2.958,10.579,-28.781,58.885,-66.656,6.061,0,0
0,-0.148,0,37.143,2.953,52.723,5,15,10,0,0,9.824,-1.188,-13.254,-29.649,-90.015,-22.885,11.173,0.316,-10.984,-43.725,-39.771,1.176,0.726,9.508,-9.365,-5.634,-155.374,-28.153,4.939,8.95,-25.969,-9.099,-114.962,1.618,0,0
0,0.306,0,37.545,40.215,45.364,5,15,10,0,0,10.548,-1.111,-13.139,-30.382,-88.824,-22.87,10.61,-0.333,-12.018,-40.992,-41.71,-4.763,3.358,2.935,-16.516,-199.099,329.511,419.176,11.154,7.02,-4.792,-81.267,-117.725,3.588,0,0
0,0.735,0,38.025,47.962,42.904,5,15,10,0,0,10.016,-2.848,-12.655,-34.107,-85.435,-26.824,11.956,-1.126,-11.321,-38.947,-37.542,-8.947,7.087,9.519,-15.553,-132.473,-184.137,-193.221,14.516,1.971,2.112,-111.695,-89.344,4.733,0,0
0,1.171,0,38.227,20.21,43.579,5,15,10,0,1,12.454,-1.198,-13.331,-33.756,-84.656,-28.489,13.52,-2.261,-11.321,-39.603,-34.641,-14.901,3.966,1.007,-25.603,-221.634,-298.214,-271.939,14.878,-2.646,1.121,-135.908,-40.672,0.992,0,1
0,1.683,0,38.183,-4.417,51.201,5,5,10,0,1,9.084,-5.334,-11.019,-31.725,-96.336,-32.137,16.887,-0.838,-9.913,-31.863,-25.008,-13.634,5.501,6.524,-13.062,-145.099,-56,-107.145,10.188,-6.385,-6.991,-124.733,-36.718,0.26,0,0
0,2.258,0.662,38.212,2.918,57.507,5,5,10,0,1,11.714,-4.795,-10.22,-31.115,-90.534,-32.458,16.502,-2.247,-9.695,-33.099,-21.252,-17.176,-0.915,-0.81,-14.214,-167.221,-196.168,-391.695,12.243,-4.85,-16.808,-87.16,-50.947,-11.863,0,0
0,2.899,1.286,38.593,38.075,64.076,5,5,10,0,1,11.273,-2.235,-10.076,-33.924,-91.13,-32.611,15.647,-1.739,-8.435,-28.504,-13.237,-17.328,2.704,-5.386,-5.384,-155.634,-54.519,-162.901,7.372,-3.159,-20.228,-69.069,-94.458,-12.076,0,0
0,3.679,1.871,39.505,91.164,78.037,15,5,10,0,1,9.448,-3.715,-8.112,-41.603,-99.313,-35.74,15.869,0.005,-6.589,-27.603,-2.076,-17.756,2.103,-4.416,-3.873,-114.885,-84.473,-128.702,8.169,0.417,-17.678,-34.229,-135.771,-25.389,0,0
0,4.697,2.417,40.747,124.203,101.818,15,5,10,0,1,8.615,-4.019,-7.506,-41.511,-104.382,-36.061,15.285,0.182,-5.935,-28.305,11.786,-14.519,1.085,0.407,-6.79,-33.725,-112.321,-248.122,9.875,5.635,-13.156,-54.504,-118.977,-28.809,0,0
0,5.938,2.925,41.732,98.511,124.111,15,5,10,0,1,8.129,-5.31,-7.307,-37.847,-110.718,-35.725,17.809,0.18,-3.976,-27.557,28.55,-15.008,3.296,3.258,-13.853,47.191,-134.336,-115.725,13.704,-1.008,-11.218,-68.015,-82.107,-26,0,0
0,7.546,3.394,42.014,28.187,160.767,15,5,10,0,1,9.053,-3.542,-5.738,-34.321,-120.595,-36.153,20.358,-1.787,-3.212,-30.168,53.939,-13.511,4.378,5.861,-14.521,48.092,-90.824,-46.321,11.417,-6.376,-10.552,-47.053,-48.748,-16.916,0,0
0,9.388,3.824,41.574,-43.98,184.216,15,5,10,0,1,13.05,-6.165,-4.215,-22.901,-116.626,-33.389,16.526,-1.126,-4.644,-19.771,68.015,-11.603,3.341,2.635,-16.657,35.893,-119.084,-37.924,13.446,-10.016,-15.565,2.168,-13.71,-14.962,0,0
0,11.308,4.215,40.604,-96.989,191.941,15,5,10,0,1,10.682,-2.17,-8.363,-22.794,-115.45,-31.099,15.287,1.358,-3.068,-11.42,86.382,-19.099,-1.025,7.763,-42.775,193.176,481.695,126.046,17.431,0.766,-7.992,38.076,2.321,-20.656,0,0
0,13.534,4.567,38.882,-172.154,222.622,15,5,10,0,1,12.102,-4.766,-7.939,-34.763,-123.359,-34.412,14.595,1.748,-3.741,-18.031,111.344,-23.832,0.251,5.721,-19.96,61.115,-325.603,-22.534,15.074,-2.045,-12.073,77.328,21.664,-17.954,0,0
0,16.076,4.881,36.564,-231.812,254.174,15,5,10,0,1,9.017,-3.434,-13.038,-44.305,-135.13,-35.863,16.008,-0.182,-4.045,-28.275,137.435,-26.26,-0.177,2.961,-21.244,69.603,286.656,9.038,15.148,-2.838,-11.3,93.252,49.267,-11.588,0,0
0,19.06,5.156,33.613,-295.155,298.44,15,5,10,0,1,8.404,-11.247,-14.289,-23.74,-152.076,-37.45,15.917,-0.776,-5.432,-38.916,159.634,-20.458,-1.656,-3.541,-48.293,479.328,-21.008,132.885,12.433,-0.263,-10.342,107.954,67.267,-10.137,0,0
0,22.353,5.393,30.287,-332.566,329.27,15,5,10,0,1,9.659,-5.202,-20.168,5.817,-161.405,-30.84,14.576,-3.76,-6.51,-34.611,178.534,-21.588,-4.165,3.48,-16.425,66.244,-397.16,6.656,14.555,-4.572,-6.716,123.298,64.397,-12.015,0,0
0,26.036,5.59,26.962,-332.497,368.329,15,5,10,0,1,10.83,-4.44,-21.397,38.702,-181.344,-33.985,14.104,-5.145,-7.753,-20.031,193.573,-13.405,-1.365,4.618,-14.629,56.656,-192.29,16.977,12.548,-0.637,-10.265,138.351,41.618,-18.26,0,0
0,30.003,5.749,23.783,-317.895,396.653,15,5,10,0,1,8.687,-7.707,-18.846,68.931,-198.504,-38.29,14.456,-5.765,-8.663,5.634,206.168,-3.817,2.577,1.957,-12.883,56.87,108.336,20.58,3.983,-4.879,-17.496,136.397,14.122,-21.893,0,0
0,34.287,5.869,21.132,-265.057,428.433,15,5,10,0,1,12.411,-8.905,-17.905,96.977,-199.588,-41.924,12.988,-9.036,-11.142,27.435,209.328,9.374,5.607,3.303,-11.19,59.328,-173.069,18.427,6.96,2.187,-13.067,123.908,-2.58,-15.832,0,0
0,38.59,5.95,19.162,-197.068,430.344,15,5,10,0,1,8.581,-6.543,-18.468,120.397,-200.168,-44.809,14.339,-7.645,-12.806,64,214.84,33.435,6.289,7.593,-16.813,266.824,202.748,375.695,9.362,8.998,-11.333,80.626,-3.771,-18.702,0,0
0,43.054,5.993,17.528,-163.353,446.343,15,5,10,0,1,10.505,-9.484,-20.034,129.313,-199.099,-52.779,13.613,-4.857,-13.623,104.366,216.855,60.458,4.78,17.214,-38.225,-394.29,-92.092,5.13,10.643,7.7,-10.402,50.382,-0.977,-21.924,0,0
0,47.474,5.997,16.218,-131.035,442.04,15,5,10,0,1,8.644,-6.308,-21.117,140.443,-204.748,-50.214,9.333,-2.85,-13.228,122.305,208.855,80.458,6.395,9.602,-12.672,61.924,-125.695,-15.359,9.022,4.898,-10.608,34.656,-6.183,-17.969,0,0
0,51.971,5.962,15.112,-110.63,449.685,15,5,10,0,1,8.955,-9.872,-19.673,190.992,-170.229,-39.176,17.431,-2.316,-13.798,93.557,219.191,82.168,2.9,4.863,-20.372,100.443,487.863,-60.214,11.24,6.275,-9.685,12.733,2.244,-16.977,0,0
0,56.08,5.888,13.87,-124.134,410.912,15,5,10,0,1,8.222,-1.327,-17.776,183.13,-179.832,-48.687,15.297,-0.192,-11.525,117.557,220.916,101.282,0.642,6.47,-31.614,264.626,-368.382,430.901,10.758,1.008,-10.629,8.473,5.985,-14.748,0,0
0,59.893,5.776,12.57,-130.017,381.261,15,5,10,0,1,10.05,-0.232,-16.265,174.153,-131.817,-45.496,17.989,1.753,-11.791,96.565,234.641,90.702,1.473,1.026,-18.058,29.359,441.756,-308.275,9.714,3.643,-8.486,23.115,0.809,-8.321,0,0
0,63.206,5.625,11.241,-132.912,331.376,15,5,10,0,1,12.986,-0.407,-14.782,152.595,-92.336,-40.641,16.7,-0.302,-12.222,91.496,238.534,78,2.601,8.67,-12.854,9.084,-274.519,-27.176,9.726,2.441,-9.448,24.58,2.107,-6.305,0,0
0,66.316,5.435,9.937,-130.429,310.948,15,5,10,0,1,12.373,-0.311,-15.469,109.16,-59.496,-36.26,15.22,-1.499,-12.83,78.473,239.939,65.374,5.477,5.477,-12.744,11.985,484.26,-76.214,7.575,-1.693,-12.045,41.16,-4.595,-2.824,0,0
0,69.092,5.207,8.948,-98.866,277.554,15,5,10,0,1,8.215,2.194,-16.696,73.389,-33.649,-28.855,15.922,-0.46,-10.804,67.573,236.351,48.718,1.538,8.569,-14.183,1.359,-480.626,-159.267,10.931,7.913,-5.269,15.084,-2.916,-1.588,0,0
0,71.662,4.939,7.843,-110.527,257.092,15,5,10,0,1,6.713,1.818,-16.83,41.053,-2.26,-22.061,14.234,0.352,-11.407,56.198,230.687,30.702,4.531,5.801,-12.124,12.244,-115.221,-14.962,8.04,-0.481,-9.944,0.656,-3.771,-6.748,0,0
0,73.849,4.633,6.821,-102.184,218.674,15,5,10,0,1,4.898,0.781,-16.174,9.939,28.962,-13.893,14.116,0.587,-11.522,52.092,226.412,13.313,4.048,8.877,-16.918,18.122,-431.771,-22.351,8.454,-1.279,-9.973,13.206,-6.672,-3.511,0,0
0,75.651,4.288,6.008,-81.322,180.176,15,5,10,0,1,6.167,0.45,-16.782,-20.58,63.405,-7.115,12.957,-0.867,-12.04,49.389,217.115,-3.679,4.23,3.832,-12.993,15.16,-185.267,-2.718,10.416,1.648,-8.871,12.779,-11.206,-5.969,0,0
0,77.046,3.905,5.363,-64.488,139.492,15,5,10,0,1,2.802,1.65,-17.699,-51.847,88.382,-2.656,11.805,-0.673,-10.955,50.198,205.038,-16.336,3.547,3.173,-14.121,10.305,-174.244,-3.908,7.834,2.318,-6.804,-6.214,-17.618,-5.939,0,0
0,78.075,3.483,4.829,-53.421,102.917,15,5,10,0,1,2.699,-0.148,-16.794,-72.611,113.466,0.427,10.263,-0.352,-11.86,43.084,192.916,-29.023,4.675,3.094,-13.271,18.702,-308.656,-16.855,9.844,-0.192,-10.229,-1.481,-14.214,-7.603,0,0
0,78.712,3.022,4.517,-31.174,63.675,15,5,10,0,1,4.757,-0.57,-17.548,-78.183,141.313,2.794,9.542,-0.568,-11.393,37.603,180.916,-39.557,3.458,5.673,-15.932,47.069,-132.122,4.794,7.678,0.093,-10.002,4.336,-27.069,-7.45,0,0
0,78.99,2.522,4.499,-1.808,27.832,15,5,10,0,1,-0.4,-5.681,-15.52,-70.84,160.916,5.008,8.802,0.053,-10.885,30.962,171.069,-41.496,6.847,3.537,-10.734,17.389,-82.519,-6.26,8.416,1.971,-7.825,6.794,-42.168,-4.87,0,0
0,78.888,1.983,4.715,21.572,-10.254,15,5,10,0,1,-0.273,4.824,-20.892,-71.328,185.13,5.557,10.883,0.944,-11.149,23.374,160.611,-47.603,-0.91,9.515,-18.324,35.573,-47.405,-14.275,15.4,2.927,-4.941,-14.55,-27.588,-8.58,0,0
0,78.639,1.406,4.737,2.22,-24.88,15,5,10,0,1,5.128,-4.912,-13.467,-46.947,213.069,1.924,6.512,0.565,-15,20.061,151.725,-38.092,3.487,6.388,-13.221,18.916,-102.611,-50.198,7.551,-1.559,-9.846,-10.641,-38.58,-9.557,0,0
0,78.101,0.79,4.821,8.423,-53.799,15,5,10,0,1,1.909,-4.062,-16.499,-29.038,232.412,1.267,5.774,0.424,-13.094,25.863,147.893,-29.374,2.654,13.226,-17.599,17.695,-394.519,-104.305,10.188,0.445,-8.052,1.405,-41.924,-6.534,0,0
0,77.214,0.136,4.971,15.049,-88.68,15,5,10,0,1,1.013,-3.973,-18.607,-0.504,250.855,-0.824,5.952,-0.604,-14.095,28.687,136.092,-19.252,5.798,5.664,-10.828,6.672,-60.626,-23.511,9.844,2.496,-8.184,7.069,-51.237,-6.885,0,0
0,76.083,0,5.07,9.842,-113.079,15,5,10,0,1,-0.187,-2.73,-21.174,21.099,259.237,-8.244,6.893,-1.023,-12.823,35.878,128.137,-9.008,2.711,6.059,-14.545,6.122,-123.496,-43.969,10.21,1.609,-11.065,-2.595,-34.26,-7.267,0,0
0,74.717,0,5.067,-0.332,-136.597,15,5,10,0,1,0.781,-4.687,-19.773,51.313,271.954,-17.221,6.428,-2.414,-13.161,47.038,118.626,-1.176,1.679,5.566,-14.248,6.565,-58.58,-15.618,9.815,0.553,-9.23,-0.718,-42.137,-7.023,0,0
0,73.128,0,5.067,-0,-158.936,15,5,10,0,1,1.526,-2.644,-19.014,69.176,286.427,-25.359,5.868,-3.813,-12.943,63.939,105.16,4.244,1.983,5.237,-18.274,20.321,-240.443,-63.817,9.276,-0.096,-9.913,5.634,-44.595,-5.496,0,0
0,71.267,0,5.063,-0.378,-186.07,15,5,10,0,1,1.916,-2.115,-17.965,66.962,295.908,-38.046,4.555,-3.193,-14.504,84.107,91.542,9.908,2.146,5.156,-13.884,18.962,-61.115,-14.046,9.657,0.412,-9.539,9.893,-45.511,-4.275,0,0
0,69.194,0,5.048,-1.431,-207.322,15,5,10,0,1,1.626,-1.645,-18.152,54.885,301.817,-45.405,2.888,-3.705,-14.078,110.198,72.595,7.954,2.635,5.049,-13.996,23.954,-243.924,-42.626,9.987,0.374,-9.736,15.573,-46.168,-4.244,0,0
0,66.968,0,5.03,-1.854,-222.622,15,5,10,0,1,3.564,-0.525,-20.911,28.977,303.527,-48.855,1.356,-1.945,-14.727,132.824,55.053,0.122,2.757,5.285,-17.838,60.504,-117.847,-15.695,10.028,0.709,-9.599,20.947,-48.794,-3.588,0,0
0,64.69,0,5.019,-1.133,-227.749,15,5,10,0,1,1.339,1.322,-22.202,26.641,304.412,-48.305,1.214,-0.587,-13.62,143.298,38.031,-12.901,2.069,6.134,-14.703,33.634,-61.023,-13.221,10.921,1.796,-9.319,18.855,-45.389,-3.328,0,0
0,62.295,0,5.016,-0.298,-239.525,15,5,10,0,1,-0.692,-2.611,-22.65,-5.649,285.618,-43.237,2.587,1.207,-10.95,135.603,26.214,-28.015,6.38,5.089,-10.814,31.756,-60.443,-1.969,8.356,1.93,-9.63,24.458,-55.145,-0.885,0,0
0,59.893,0,4.983,-3.296,-240.223,15,5,10,0,1,1.559,-2.62,-23.258,-12.794,273.756,-39.542,2.053,2.388,-9.65,111.038,14.015,-33.802,4.064,6.27,-13.185,38.122,-61.099,-7.221,10.085,1.092,-9.4,28.519,-54.321,-2.916,0,0
0,57.384,0,4.978,-0.423,-250.912,15,5,10,0,1,0.568,1.552,-28.426,-11.176,275.099,-29.908,2.259,2.814,-9.676,94.336,0.321,-53.496,3.252,7.234,-18.303,71.863,-126.855,-20.183,9.994,2.493,-9.223,19.802,-55.359,-3.557,0,0
0,54.85,0,4.975,-0.332,-253.396,15,5,10,0,0,-0.048,-5.537,-24.125,-9.099,252.015,-25.206,3.075,3.494,-8.246,68.87,-8.458,-57.435,3.482,7.068,-13.874,30.718,-65.191,-12.29,10.095,2.038,-9.446,13.939,-59.115,-5.206,0,0
0,52.253,0,4.971,-0.366,-259.633,15,5,10,0,0,2.184,-4.697,-25.366,-18.748,231.954,-19.359,4.474,4.177,-6.948,38.122,-20.824,-51.023,3.679,12.872,-17.613,47.038,-263.252,289.466,10.505,1.087,-8.739,13.649,-61.74,-5.16,0,0
0,49.752,0,4.971,-0,-250.1,15,5,10,0,0,-0.129,-4.007,-26.688,-23.817,213.557,-9.817,4.991,3.643,-6.035,20.641,-37.313,-48,4.613,3.631,-12.313,13.908,-132.351,-68.641,9.52,1.653,-8.766,13.802,-64.656,-7.542,0,0
0,47.338,0,4.971,-0,-241.391,15,5,10,0,0,3.068,-5.949,-25.464,-33.557,181.359,-1.939,4.206,2.8,-5.549,3.237,-52.031,-34.214,2.888,5.154,-12.684,27.527,-135.466,-106.87,10.009,0.041,-8.914,14.611,-68.076,-10.504,0,0
0,45.149,0,4.971,-0,-218.949,15,5,10,0,0,1.442,-4.888,-27.033,-44.29,147.817,6.855,6.663,3.537,-4.261,-9.954,-60.718,-26.137,4.313,4.927,-12.557,31.527,-66.794,-16.718,11.271,0.347,-8.756,18.565,-70.275,-7.908,0,0
0,43.171,0,4.978,0.698,-197.777,15,5,10,0,0,1.99,-5.889,-26.154,-56.351,112.229,16.168,5.64,3.214,-4.706,-16.84,-67.313,-20.58,5.269,4.505,-12.442,39.557,-61.618,-12.412,11.642,-0.381,-9.381,24.733,-75.618,-5.221,0,0
0,41.479,0,5.004,2.563,-169.201,15,5,10,0,0,0.402,-7.286,-25.905,-60.153,78.031,29.099,5.568,1.576,-2.994,-16.061,-75.786,-17.267,6.51,3.411,-11.975,54.55,-247.954,-41.893,10.816,-2.057,-9.041,37.756,-81.038,0.305,0,0
0,40.088,0,5.019,1.453,-139.16,15,5,10,0,0,3.02,-4.141,-24.295,-60.855,53.374,26.87,12.543,1.38,-1.38,-34.015,-69.725,-17.084,4.706,5.386,-14.289,66,-58.351,4.885,9.441,1.152,-8.157,35.863,-73.176,7.924,0,0
0,38.982,0,5.048,2.987,-110.562,15,5,10,0,0,4.251,-4.395,-29.681,-74.397,11.863,19.115,13.977,2.057,-0.596,-20.992,-63.237,-8.58,5.166,4.718,-14.265,76.29,-118.031,-1.069,12.471,-1.111,-10.215,44.611,-67.802,11.42,0,0
0,38.227,0,5.085,3.605,-75.462,15,5,10,0,0,-4.385,-3.727,-41.764,-49.435,-38.992,13.71,11.182,2.646,0.498,-27.618,-59.038,-1.389,5.171,4.665,-14.396,80.901,-117.863,2.748,11.551,-0.168,-11.451,55.221,-73.481,14.198,0,0
0,38.154,0,5.356,27.123,-7.29,15,5,10,1,0,9.23,-4.974,-24.99,-27.084,-104.626,2.763,10.758,-1.851,-1.372,-18.458,-63.618,14.611,5.686,1.594,-23.95,356.565,-179.313,-11.176,6.558,0.754,-12.437,61.634,-97.45,15.405,1,0
0,38.564,0,5.887,53.089,40.993,5,5,10,1,0,15.891,-6.318,-7.441,-14.137,-112.489,-2.626,12.112,-5.319,-1.274,-10.504,-59.298,28.824,6.51,10.685,-23.519,-247.832,325.847,-12.214,11.587,2.409,-10.864,61.908,-98.321,16.214,0,0
0.662,39.011,0,6.579,69.26,44.655,5,5,10,1,0,13.771,-9.156,-3.47,15.13,-102.305,2.473,9.93,-5.547,-4.505,-4.183,-58.87,48.702,7.76,8.915,-16.334,185.206,-133.878,-0.855,14.416,3.375,-6.342,50.153,-109.695,19.496,0,0
1.286,39.381,0,7.271,69.145,37.056,5,5,10,1,0,11.261,-7.702,0.275,36.992,-90.611,10.87,9.453,-2.553,-9.319,17.282,-54.427,72.336,9.307,7.975,-13.532,83.038,-25.878,6.015,15.788,0.017,-6.553,49.176,-104.046,21.237,0,0
1.871,39.795,0,8.043,77.271,41.313,5,5,10,1,0,3.758,-3.765,-6.965,34.718,-69.771,5.969,11.91,-3.128,-8.241,41.313,-42.519,91.74,2.084,19.298,-13.144,-433.115,-26.26,117.74,15.558,-0.589,-3.597,57.496,-115.557,25.328,0,0
2.417,40.227,0,8.937,89.401,43.202,5,15,10,1,0,3.07,-6.847,-15.189,56.305,-58.504,2.321,8.869,-2.448,-9.288,51.985,-44.153,98.107,2.328,13.272,-15.319,472.061,104.061,126.046,15.34,-0.41,-5.379,62.183,-114.015,26.489,0,0
2.925,40.502,0,10.018,108.032,27.523,5,15,10,1,0,5.767,-2.92,-20.48,71.221,-62.366,-1.725,7.238,-2.558,-11.134,55.664,-59.374,97.771,10.591,8.821,-9.999,36.763,32.244,14.595,15.611,2.649,-3.777,55.328,-130.748,25.832,0,0
3.394,40.714,0,11.384,136.585,21.217,5,15,10,1,0,7.484,-0.857,-26.264,60.153,-63.13,-4.229,6.495,-0.956,-11.757,70.26,-72.87,73.511,11.841,7.731,-5.422,91.603,-276.275,176.855,13.443,2.369,-6.565,42.321,-147.42,18.641,0,0
3.824,40.791,0,13.156,177.258,7.725,5,15,10,1,0,7.427,1.011,-26.621,37.847,-73.573,2.26,11.324,1.365,-7.235,69.664,-74.977,43.42,11.793,7.678,-5.513,-13.374,124.122,11.42,16.847,4.469,-3.094,10.58,-162.351,12.366,0,0
4.215,40.637,0,15.261,210.526,-15.381,5,15,10,1,0,11.613,-3.736,-15.548,29.527,-63.496,12.626,9.348,1.166,-9.8,53.359,-88.183,22.168,0.278,11.19,-0.22,-62.168,139.237,5.13,15.06,4.541,-1.7,-31.847,-167.038,12.321,0,0
4.567,39.912,0,17.58,231.869,-72.51,5,15,10,1,0,12.751,-1.221,-15.534,20.702,-33.053,17.863,13.094,-1.562,-8.883,30.275,-108.351,11.695,7.415,15.414,-2.467,-55.756,190.748,6.779,16.102,-1.411,-5.556,-28.641,-165.527,17.389,0,0
4.881,38.488,0,20.334,275.345,-142.456,5,15,10,1,0,10.893,0.381,-18.058,-2.382,-4.687,21.267,15.968,-3.2,-10.622,3.45,-138.229,11.878,11.252,5.298,11.381,-313.038,-11.359,51.542,16.183,1.933,-1.952,-43.603,-180.519,16.733,0,0
5.156,36.51,0,23.347,301.381,-197.8,5,15,10,1,0,16.997,-5.161,-17.043,-11.74,29.176,24.824,15.766,3.013,-10.766,7.802,-154.092,18.916,9.065,8.826,-6.392,-45.618,-409.527,19.603,16.425,3.734,-1.047,-60.458,-167.634,13.252,0,0
5.393,34.075,0,26.545,319.714,-243.474,5,15,10,1,0,11.64,6.021,-21.246,-62.626,31.634,31.74,9.432,3.358,-15.038,-24.366,-178.153,21.389,0.086,14.71,-4.512,-107.603,-308.763,30.656,17.841,0.582,-5.92,-72.702,-153.786,10.916,0,0
5.59,31.405,0,29.877,333.23,-266.968,5,15,10,1,0,8.323,5.949,-15.932,-93.771,47.344,37.221,11.791,3.121,-10.646,-35.13,-190.947,11.313,8.519,8.023,-9.206,-115.969,-211.847,30.534,16.238,-0.242,-11.997,-70.458,-158.489,12.84,0,0
5.749,28.391,0,33.481,360.375,-301.449,5,15,10,1,0,4.117,1.729,-11.836,-128.641,51.42,43.695,4.546,2.254,-11.228,-41.878,-200.336,13.802,7.338,9.503,-11.891,-76.84,208.565,-6.84,17.407,2.479,-15.628,-77.908,-175.954,9.237,0,0
5.869,25.333,0,37.403,392.258,-305.764,5,15,10,1,0,8.438,-0.388,-12.536,-165.985,52.305,38.809,5.085,3.118,-9.367,-48.031,-196.336,12.916,6.617,8.311,-15.429,-93.542,221.71,-16.382,14.061,7.36,-15.946,-95.725,-196.26,8.504,0,0
5.95,22.459,0,41.699,429.555,-287.43,5,15,10,1,0,3.583,-3.145,-15.165,-166.489,22.427,33.298,9.094,1.056,-6.39,-50.382,-186.473,7.725,8.33,9.41,-16.514,-118.198,239.527,-33.725,16.698,3.952,-16.044,-126.58,-212.321,12.137,0,0
5.993,20.02,0,46.258,455.956,-243.931,5,15,10,1,0,8.143,-6.002,-15.699,-112.198,15.924,29.527,11.949,3.782,-5.542,-63.221,-167.328,7.527,11.513,6.888,-17.771,-132.885,255.939,-52.534,17.189,8.019,-11.573,-148.321,-193.328,22.168,0,0
5.997,18.035,0,50.924,466.542,-198.464,5,15,10,1,0,5.094,-10.026,-15.687,-38.122,12.626,34.046,10.485,-0.364,-7.381,-65.695,-150.229,11.527,7.99,9.797,-27.653,-280.702,-459.74,-153.771,17.802,1.02,-11.724,-149.267,-177.466,23.481,0,0
5.962,16.361,0,55.662,473.855,-167.393,5,15,10,1,0,5.628,-5.058,-13.807,-13.985,5.832,33.053,13.534,-1.631,-8.39,-66.183,-135.725,23.924,9.697,3.669,-18.616,-128.229,282.183,-83.832,15.563,5.794,-12.821,-141.74,-151.298,24.962,0,0
5.888,14.973,0,60.368,470.605,-138.76,5,15,10,1,0,6.464,-6.234,-13.805,4.916,6.718,32.29,8.397,-2.462,-10.584,-54.595,-135.832,28.305,4.766,-2.34,-20.535,-112.122,-422.885,-186.229,8.895,1.406,-23.761,-121.282,-143.939,8.885,0,0
5.776,13.724,0,65.023,465.455,-124.901,5,15,10,1,0,5.487,-0.431,-14.167,-9.74,1.695,28.26,10.181,-3.432,-10.303,-49.45,-134.656,30.061,5.944,0.917,-17.771,-79.847,288.061,-79.771,10.564,6.007,-18.137,-144.962,-128.885,-4.931,0,0
5.625,12.546,0,69.281,425.847,-117.886,5,15,10,1,0,7.719,-4.871,-12.425,-20.427,2.672,24.168,10.461,-2.807,-9.444,-46.046,-132.321,32.092,7.355,2.469,-17.481,-47.939,280.931,-70.321,13.623,-1.356,-12.55,-132.321,-98.977,-8.626,0,0
5.435,11.205,0,72.867,358.533,-134.045,5,15,10,1,0,7.889,-5.729,-12.224,-20.412,4.947,24.382,7.18,-2.239,-10.679,-47.206,-139.282,29.817,6.615,2.177,-14.399,-34.534,257.008,-60.412,13.498,-3.375,-7.334,-103.603,-55.267,-2.794,0,0
5.207,9.762,0,75.683,281.651,-144.31,5,15,10,1,0,3.571,-0.699,-14.389,-48.733,5.878,22.87,8.478,-0.881,-9.717,-49.908,-140.763,24.244,7.971,2.813,-16.109,-39.176,474.427,-82.473,14.626,-8.047,-7.472,-45.328,3.588,7.466,0,0
4.939,8.319,0,77.759,207.573,-144.264,5,15,10,1,0,8.785,-6.694,-11.635,-56.656,9.878,16.702,9.372,0.982,-9.618,-59.191,-136.656,21.053,6.196,3.633,-14.607,-16.626,213.466,-14.031,8.05,-9.333,-10.243,20.351,58.656,15.084,0,0
4.633,6.843,0,79.173,141.403,-147.606,5,15,10,1,0,8.081,-4.112,-12.931,-52.382,13.298,18.198,10.176,-0.055,-8.457,-73.786,-134.748,18.763,4.012,2.175,-15.249,-19.481,198.84,4.351,6.663,-6.845,-14.25,72.244,97.893,11.588,0,0
4.288,5.451,0,80.099,92.606,-139.183,5,15,10,1,0,7.983,-3.969,-12.217,-57.313,11.405,18.198,10.471,-0.398,-9.4,-83.328,-127.985,17.725,1.181,1.26,-17.591,-11.786,185.573,20.473,8.189,-1.966,-12.662,91.557,119.16,5.786,0,0
3.905,4.141,0,80.634,53.501,-131.069,5,15,10,1,0,6.035,-4.989,-13.381,-42.336,10.229,19.786,10.035,0.328,-9.523,-82.137,-123.679,16.076,1.432,1.377,-15.182,-4.58,358.137,66.504,4.764,-2.69,-17.177,110.168,146.031,-3.573,0,0
3.483,2.965,0,80.96,32.639,-117.554,5,15,10,1,0,7.393,-2.321,-12.483,-40.58,6.031,19.13,10.203,-0.757,-10.258,-82.84,-118.809,12.718,3.502,1.693,-13.798,9.282,352.977,73.557,1.928,4.785,-14.284,98.962,159.863,-4.672,0,0
3.022,2.024,0,80.971,1.076,-94.094,5,15,10,1,0,6.718,-4.512,-12.318,-28.672,-4.687,17.74,12.128,-2.103,-10.191,-75.13,-107.038,13.863,3.209,2.419,-15.158,17.618,332.153,138.687,4.711,-1.346,-16.631,72.824,191.969,-3.221,0,0
2.522,1.24,0,80.905,-6.615,-78.427,5,15,10,1,0,5.408,-6.335,-11.144,-7.053,-7.557,17.893,10.243,-2.414,-10.39,-60.824,-102.061,15.603,1.083,4.543,-16.729,43.817,327.756,66.992,8.215,0.69,-12.801,65.099,203.573,11.374,0,0
1.983,0.53,0,80.638,-26.722,-70.988,5,15,10,1,0,5.37,-5.243,-11.98,4.977,-10.015,17.527,10.641,-2.318,-8.991,-43.191,-96.305,13.053,0.165,7.699,-22.844,75.511,313.802,28.794,3.396,-0.204,-13.323,16.611,229.053,16.84,0,0
1.406,-0.019,0,79.923,-71.446,-54.932,5,15,10,1,0,4.055,-3.401,-13.51,4.748,-20.855,16.656,11.836,-4.033,-9.968,-29.389,-85.481,9.634,1.049,7.492,-16.547,19.359,-433.832,11.237,8.038,0.992,-11.863,-8.244,260.641,24.626,0,0
0.79,-0.331,0,78.806,-111.683,-31.174,5,15,10,1,0,6.428,-5.379,-12.806,12.779,-27.511,13.45,12.265,-3.365,-10.387,-19.985,-74.443,9.969,-0.639,8.306,-17.124,15.069,132.29,-4.534,6.878,-0.982,-14.799,-16.809,279.618,35.832,0,0
0.136,-0.327,0,77.338,-146.874,0.401,5,15,10,1,0,5.624,-7.367,-11.247,24.031,-41.313,9.542,13.17,-2.977,-9.044,-12.611,-58.519,12.107,-0.235,15.123,-22.628,-17.71,231.802,-11.573,5.99,-2.091,-16.15,-22.87,292.901,51.267,0,0
0,-0.236,0,75.573,-176.503,9.121,5,15,10,1,0,8.586,-7.846,-9.913,47.588,-36.015,11.557,8.011,-5.233,-11.089,-1.527,-61.893,16.305,-1.073,7.828,-22.504,-58.656,202.885,-3.695,6.505,-1.494,-19.227,-15.206,302.58,62.336,0,0
0,-0.302,0,73.563,-200.993,-6.592,5,15,10,1,0,7.211,-1.772,-12.382,38.962,-30.901,10.214,6.409,-1.973,-11.448,17.374,-79.756,16.107,-3.027,12.621,-40.514,-368.855,-185.176,-13.679,6.938,1.669,-16.763,-25.817,312.947,68.733,0,0
0,-0.345,0,71.285,-227.807,-4.36,5,15,10,1,0,4.859,-5.018,-11.06,16,-46.458,7.527,8.957,-0.639,-8.023,22.519,-78.962,10.931,-2.031,7.205,-22.781,-113.099,-275.298,27.115,8.363,1.952,-16.344,-28.351,319.069,76.031,0,0
0,-0.54,0,68.692,-259.312,-19.478,5,15,10,1,0,10.605,-8.311,-8.308,25.298,-35.71,7.664,7.719,-2.52,-9.592,19.603,-81.282,14.015,-3.844,7.449,-18.14,-70.809,59.115,1.588,6.696,-4.294,-20.164,-30.031,331.389,81.695,0,0
0,-1.155,0,65.81,-288.128,-61.501,5,15,10,1,0,8.064,-1.741,-12.186,8,-25.802,9.008,8.414,-1.93,-8.89,14.733,-98.153,11.16,-6.807,7.542,-19.273,-95.878,72.733,3.237,6.804,-2.651,-19.819,-32.748,336.885,86.26,0,0
0,-1.946,0,62.799,-301.095,-79.079,5,15,10,0,0,7.583,-2.821,-11.434,-19.023,-24.489,7.542,8.986,0.52,-9.022,0.763,-105.282,9.893,-3.806,6.511,-23.323,-224.611,137.45,-10.137,9.844,3.02,-16.677,-24.947,331.435,87.985,0,0
0,-2.825,0,59.738,-306.096,-87.879,5,15,10,0,0,5.806,-3.406,-11.812,-34.611,-27.603,7.16,10.318,1.564,-8.095,-21.053,-104.092,9.756,-0.821,5.247,-13.467,-122.748,21.985,8.58,11.843,4.998,-18.269,-13.466,319.145,82.412,0,0
0,-3.659,0,56.765,-297.364,-83.473,5,15,10,0,0,7.884,-4.213,-12.037,-44.55,-29.527,6.504,11.671,2.017,-10.325,-44.412,-96.672,13.573,-0.661,4.618,-12.31,-126.489,6.107,59.847,8.543,6.17,-18.255,-18.718,302.092,76.565,0,0
0,-4.392,0,53.824,-294.079,-73.242,5,15,10,0,0,4.206,-4.357,-11.836,-46.656,-35.405,7.313,12.607,2.017,-8.948,-62.901,-87.985,16.519,-1.205,4.518,-10.648,-238.198,26.382,73.832,7.88,6.131,-19.677,-25.985,287.817,70.687,0,0
0,-4.924,0,50.934,-288.964,-53.181,5,15,10,0,0,6.194,-5.489,-10.473,-50.763,-45.145,4.977,13.429,0.831,-7.523,-76.901,-72.168,23.771,-2.227,3.893,-13.795,251.481,58.626,149.374,8.133,2.934,-22.683,-32.489,272.885,63.008,0,0
0,-5.26,0,48.151,-278.287,-33.634,5,15,10,0,0,5.968,-4.23,-11.396,-49.008,-55.084,4.824,12.33,-1.015,-7.971,-84.931,-62.855,28.412,-1.906,1.327,-8.282,-64.366,-0.947,25.221,6.112,4.721,-23.215,-37.405,247.298,57.282,0,0
0,-5.312,0,45.536,-261.544,-5.184,5,15,10,0,0,7.058,-5.724,-10.308,-44.168,-64.611,1.023,12.389,-3.097,-7.932,-84.275,-52.779,26.977,-1.609,0.498,-3.755,-74.947,-35.176,126.046,6.057,2.472,-23.136,-30.779,217.893,44.931,0,0
0,-5.279,0,43.109,-242.741,3.296,5,15,10,0,0,3.906,-5.173,-12.198,-27.679,-67.496,-0.382,10.258,-4.366,-9.939,-68.824,-55.466,21.511,-1.209,0.548,-5.506,-13.557,-16.489,18.779,6.984,2.191,-21.486,-8.427,183.832,33.802,0,0
0,-5.264,0,40.93,-217.873,1.488,5,15,10,0,0,6.783,-5.109,-11.681,-17.634,-73.374,-6,10.521,-4.163,-10.524,-51.145,-59.252,19.847,-0.769,-0.115,-0.742,9.176,-115.053,72.366,4.78,1.327,-22.444,15.298,153.13,20.137,0,0
0,-5.235,0,39.077,-185.315,2.93,5,15,10,0,0,8.701,-3.149,-12.794,-23.237,-70.076,-8.656,11.736,-3.43,-11.295,-38.137,-65.053,14.611,-1.542,-0.745,-6.205,2.305,-152.916,-139.969,3.528,2.754,-21.828,44.092,116.794,4.977,0,0
0,-5.121,0,37.505,-157.162,11.33,5,15,10,0,0,6.651,-1.978,-15.05,-27.344,-75.344,-11.099,14.684,-0.793,-11.369,-32.855,-60.198,10.076,-0.508,0.692,-4.541,31.069,-90.26,13.74,4.45,5.336,-21.256,62.626,78.412,-13.74,0,0
0,-4.74,0,36.249,-125.565,38.132,5,15,10,0,0,6.05,-4.261,-13.635,-21.603,-81.969,-13.832,14.006,-1.444,-10.9,-35.74,-43.954,10.397,3.957,0.541,-3.209,45.908,-47.878,17.496,8.016,0.752,-23.225,76.992,38.947,-24.733,0,0
0,-4.198,0,35.411,-83.885,54.176,5,15,10,0,0,8.89,-3.988,-11.973,-17.908,-90.565,-16.885,14.26,-0.735,-11.304,-42.916,-32.397,13.221,3.976,0.707,-1.703,48.168,-93.374,12.275,7.992,2.996,-20.499,91.588,13.145,-23.664,0,0
0,-3.539,0,34.916,-49.473,65.952,5,15,10,0,0,9.468,-1.878,-14.734,-16.412,-86.565,-18.687,11.788,-1.631,-11.767,-44.87,-30.336,8.885,6.356,9.786,3.411,132.931,-81.618,4.061,6.191,4.093,-23.268,96.901,-33.511,-14.489,0,0
0,-2.799,0,34.854,-6.145,73.94,5,15,10,0,0,7.82,-3.018,-13.985,-18.412,-94.748,-20.779,12.588,-0.596,-11.915,-46.26,-24.84,7.802,5.631,8.44,0.685,133.084,-153.42,-33.588,6.694,4.412,-27.272,79.511,-77.053,-5.725,0,0
0,-2.056,0,35.173,31.849,74.352,5,15,10,0,0,10.675,-1.609,-13.072,-23.771,-92.534,-23.084,10.988,-0.608,-12.088,-48.55,-26.214,7.573,0.958,16.663,-11.611,243.527,-246.122,-455.328,3.779,8.617,-23.945,34.641,-109.649,-1.527,0,0
0,-1.371,0,35.758,58.525,68.447,5,15,10,0,0,11.726,-2.347,-12.856,-30.733,-89.527,-26.076,11.702,-0.398,-12.1,-52.885,-29.099,4.351,1.004,7.208,-20.444,262.443,-238.672,263.328,10.94,3.415,-4.594,-41.756,-108.168,0.351,0,0
0,-0.719,0,36.315,55.664,65.231,5,15,10,0,0,9.448,-2.824,-11.702,-43.328,-92.26,-27.771,14.674,-0.637,-9.611,-58.321,-26.336,-1.252,-0.467,1.309,-25.962,-11.191,-377.053,-488.55,7.904,-9.796,-4.11,-56.809,-68.321,-1.084,0,0
0,-0.137,0,36.579,26.379,58.205,5,15,10,0,1,9.228,-3.815,-10.332,-52.244,-90.733,-29.618,15.156,0.548,-8.945,-59.695,-25.389,-2.046,0.953,23.698,-27.102,-130.641,-370.214,3.176,11.381,-7.015,0.381,-76.87,-41.145,0.672,0,1
0,0.394,0,36.462,-11.684,53.112,5,5,10,0,1,13.7,-3.238,-10.234,-59.16,-81.42,-29.924,12.751,-2.129,-10.346,-67.527,-26.198,-7.435,4.747,6.319,-13.676,-239.252,-276.168,-9.771,12.212,-5.762,-10.814,-53.847,-42.198,1.511,0,0
0,0.915,0.662,36.564,10.242,52.036,15,5,10,0,1,10.825,-2.632,-10.495,-65.71,-84.733,-30.427,16.188,-0.874,-8.301,-65.023,-18.794,-14.351,1.775,1.621,-8.924,-155.008,-105.115,-253.802,12.722,1.499,-17.675,-60.931,-68.183,-8.611,0,0
0,1.489,1.286,36.996,43.179,57.461,15,5,10,0,1,9.238,-3.006,-10.112,-69.176,-90.901,-31.099,15.953,0.261,-7.465,-62.809,-9.863,-14.656,1.935,-0.766,-5.41,-153.008,-39.466,-207.756,9.966,4.895,-19.433,-59.099,-114.87,-25.542,0,0
0,2.211,1.871,37.846,84.961,72.144,15,5,10,0,1,10.251,-3.748,-9.779,-65.893,-93.298,-30.656,14.962,0.228,-8.201,-58.763,-1.511,-13.756,1.384,1.166,-5.59,-123.435,-43.496,-104.947,6.888,3.245,-15.678,-69.16,-136.412,-31.817,0,0
0,3.13,2.417,38.879,103.317,91.896,15,5,10,0,1,9.218,-4.342,-8.09,-58.84,-103.969,-31.817,15.46,0.29,-7.592,-56.382,10.916,-10.733,-0.285,4.395,-10.335,-72.015,-52.992,-135.206,9.863,3.023,-9.039,-94.244,-112.305,-30.382,0,0
0,4.335,2.925,39.666,78.747,120.495,15,5,10,0,1,10.488,-1.744,-8.842,-55.664,-108.824,-34.366,15.56,-0.738,-4.812,-53.099,26.611,-10.489,1.748,8.111,-17.627,-53.695,-138.611,-153.985,10.196,-2.065,-10.56,-93.664,-87.664,-21.221,0,0
0,5.833,3.394,39.904,23.815,149.815,15,5,10,0,1,11.051,-2.749,-6.79,-51.023,-114.198,-34.824,16.135,-1.401,-4.646,-47.16,47.221,-10.198,0.345,4.933,-9.465,-119.115,333.634,-89.893,13.046,-7.722,-17.156,-78.58,-47.969,-14.931,0,0
0,7.707,3.824,39.574,-33.028,187.477,15,5,10,0,1,6.917,-3.521,-7.734,-44.611,-127.557,-35.282,20.092,-2.254,-3.554,-48.168,75.557,-12.901,2.544,3.193,-15.24,-25.191,-123.069,-101.344,14.887,-7.607,-15.038,-17.282,-45.939,-12.824,0,0
0,9.872,4.215,38.89,-68.436,216.465,15,5,10,0,1,14.526,-9.762,-5.511,-33.191,-127.023,-38.305,14.629,1.878,-4.392,-38.168,95.252,-9.191,0.34,6.297,-15.426,-3.374,-279.832,-133.496,19.965,0.944,-12.552,10.076,-21.832,-21.145,0,0
0,12.322,4.567,37.512,-137.73,244.961,15,5,10,0,1,11.295,-2.165,-11.005,-39.069,-137.847,-32.84,14.44,-0.072,-3.945,-36.809,117.802,-17.618,4.68,2.172,-11.669,3.786,-152.168,-15.008,16.152,1.528,-11.685,23.649,-5.115,-18.977,0,0
0,15.046,4.881,35.469,-204.346,272.461,15,5,10,0,1,7.954,-4.515,-14.993,-39.817,-155.313,-30.977,16.813,-0.309,-4.687,-33.267,137.664,-24.84,4.68,2.172,-11.669,6.809,-152.382,-18.076,11.877,-6.194,-14.535,48.641,32.626,-12.947,0,0
0,18.16,5.156,32.825,-264.37,311.326,15,5,10,0,1,13.388,-6.584,-16.988,-22.962,-166.198,-23.221,15.048,-3.051,-7.001,-22.702,160.122,-23.511,-3.097,2.639,-19.747,17.45,215.084,16.122,13.223,-7.449,-13.74,59.466,52.244,-7.557,0,0
0,21.737,5.393,29.719,-310.582,357.72,15,5,10,0,1,10.869,-7.192,-17.338,11.695,-193.71,-24.397,14.761,-3.272,-9.403,-9.817,183.588,-12.122,-2.893,-3.559,-20.453,30.977,183.267,-222.656,6.395,-12.557,-13.46,100.168,45.099,-15.557,0,0
0,25.846,5.59,26.456,-326.306,410.901,15,5,10,0,1,12.835,-5.312,-18.511,40.672,-208.321,-28.656,12.31,-5.635,-10.723,15.527,206.168,0.718,-1.267,-1.545,-14.315,9.817,-423.573,316.336,5.434,-6.019,-14.341,129.71,22.366,-24.443,0,0
0,30.383,5.749,23.249,-320.721,453.713,15,5,10,0,1,11.079,-7.317,-16.729,64.321,-219.527,-34.885,11.494,-5.061,-13.381,30.336,216.076,19.298,-0.275,1.032,-13.733,34.58,-434.382,43.725,9.065,-2.781,-12.641,129.557,11.206,-21.649,0,0
0,35.122,5.869,20.392,-285.668,473.924,15,5,10,0,1,7.041,-8.39,-18.542,105.786,-217.573,-40.611,15.462,-6.713,-13.242,43.069,230.733,36.656,7.283,0.235,-12.222,45.863,-187.405,15.053,10.751,-2.666,-13.685,121.344,6.687,-21.664,0,0
0,39.915,5.95,18.107,-228.516,479.325,15,5,10,0,1,8.191,-9.329,-17.941,115.802,-219.206,-40.962,13.587,0.369,-13.304,81.511,232.198,69.649,8.761,0.405,-10.782,57.13,-159.267,16.55,9.005,4.792,-10.897,83.969,-0.656,-22.611,0,0
0,44.793,5.993,16.328,-177.967,487.782,15,5,10,0,1,-5.583,-0.915,-28.213,127.359,-233.313,-31.206,11.228,-3.593,-13.944,80,240.397,106.763,7.688,2.699,-11.273,69.069,-139.084,1.74,8.224,5.638,-10.277,50.412,-9.191,-25.145,0,0
0,49.543,5.997,14.917,-141.049,474.977,15,5,10,0,1,8.943,-6.213,-18.928,144.611,-206.336,-33.71,13.52,2.436,-12.569,74.656,219.252,107.16,4.522,5.677,-19.802,150.076,-52.046,-105.282,11.376,3.588,-8.692,28.29,-0.519,-27.588,0,0
0,54.165,5.962,13.522,-139.527,462.216,15,5,10,0,1,6.744,17.575,-34.404,154.855,-159.344,-20.122,12.164,-3.02,-15.457,59.924,209.603,97.588,3.621,8.124,-14.135,72.977,-135.496,-33.954,9.089,-0.378,-10.603,32.824,0.153,-26.656,0,0
0,57.937,5.888,12.255,-126.663,377.152,15,5,10,0,1,11.266,-1.552,-20.384,162.046,-135.954,-17.023,23.488,0.206,-13.838,57.328,210.626,100.458,2.63,10.513,-25.885,248.168,480.718,-104.427,10.684,2.141,-8.236,43.634,-0.962,-20.489,0,0
0,61.148,5.776,10.974,-128.151,321.168,15,5,10,0,1,10.033,-0.604,-17.426,135.985,-101.802,-10.611,17.836,-0.125,-11.958,55.191,216.931,89.099,2.163,7.837,-13.968,62.046,-130.519,-20.214,10.608,2.369,-8.531,50.031,-1.221,-18.718,0,0
0,63.77,5.625,9.647,-132.649,262.208,15,5,10,0,1,7.029,5.25,-18.995,112.031,-63.939,-2.031,14.535,-1.221,-10.603,47.573,202.84,73.756,5.111,10.297,-27.342,-444.26,-90.397,-492.458,7.609,-0.16,-10.27,74.26,-3.618,-12.992,0,0
0,65.979,5.435,8.443,-120.415,220.826,15,5,10,0,1,5.338,3.818,-17.869,85.878,-35.756,4.611,11.496,-0.079,-10.794,44.229,184.687,54.443,1.997,8.439,-48.993,-381.221,72.29,-293.13,10.478,3.001,-8.557,77.939,1.466,-8.046,0,0
0,67.942,5.207,7.388,-105.492,196.335,15,5,10,0,1,5.003,0.805,-14.684,49.725,-18,11.618,12.021,-0.347,-10.43,44.458,176.137,38.198,5.374,10.848,-17.647,-321.13,355.893,-233.771,9.463,4.115,-8.304,79.74,-4.473,-5.664,0,0
0,69.575,4.939,6.572,-81.654,163.33,15,5,10,0,1,3.992,0.678,-15.826,20.046,9.74,21.16,11.384,-0.412,-10.337,33.496,169.282,17.893,4.622,7.732,-16.789,177.389,-390.183,-60.092,9.254,5.918,-8.565,62.855,-7.267,-5.008,0,0
0,70.952,4.633,5.901,-67.04,137.696,15,5,10,0,1,3.446,-0.105,-15.867,-11.496,32.489,26.58,11.678,0.843,-11.396,28.29,168.031,3.099,3.928,1.865,-13.589,162.214,-364.107,-96.489,8.426,6.131,-6.577,41.511,-10.718,-6.229,0,0
0,72.021,4.288,5.316,-58.548,106.888,15,5,10,0,1,1.904,0.946,-16.899,-35.45,53.847,29.328,10.823,-0.817,-10.926,26.443,164.092,-7.282,3.164,7.063,-13.197,68.168,-174.244,-29.71,11.259,2.05,-9.427,20.397,-5.756,-7.511,0,0
0,72.897,3.905,4.778,-53.822,87.582,15,5,10,0,1,1.744,-0.211,-17.45,-54.565,71.42,30.626,10.04,0.127,-10.715,26.137,160.214,-13.038,5.051,5.815,-11.52,60.595,-310.489,-36.092,5.073,-2.163,-10.849,30.916,-20.885,-7.573,0,0
0,73.567,3.483,4.634,-14.339,66.96,15,5,10,0,1,1.847,-1.653,-17.718,-60.122,87.145,31.527,9.403,0.848,-10.974,23.435,155.924,-17.069,3.42,9.191,-19.17,240.595,-237.45,-23.939,10.679,4.445,-5.075,25.374,-23.328,-1.527,0,0
0,74.054,3.022,4.609,-2.563,48.775,15,5,10,0,1,2.251,-1.442,-17.247,-58.412,102.366,34.55,7.214,0.321,-10.876,19.206,146.595,-17.542,4.172,8.511,-17.321,441.878,193.206,-95.267,9.87,2.599,-6.649,12.397,-23.237,-5.359,0,0
0,74.358,2.522,4.605,-0.309,30.361,15,5,10,0,1,2.886,-0.477,-16.435,-52.824,123.221,35.176,10.141,-0.12,-9.865,13.053,143.466,-25.191,3.133,10.705,-17.12,399.618,252.565,-114.809,8.921,1.111,-7.346,12.718,-27.588,-3.969,0,0
0,74.358,1.983,4.609,0.309,0,15,5,10,0,1,3.945,-0.148,-16.363,-44.29,148.55,30.473,11.606,-0.604,-10.821,8.229,142.015,-27.74,2.532,7.239,-13.441,73.298,-187.374,-28.824,7.568,0.8,-9.005,15.191,-36.137,-2.458,0,0
0,74.321,1.406,4.806,19.753,-3.685,15,5,10,0,1,3.911,-1.463,-16.686,-30.565,169.802,22.87,10.854,0.675,-13.304,7.13,144.55,-20.443,5.729,5.597,-9.609,33.71,-28.947,-0.137,5.662,-0.175,-9.841,24.626,-52.504,1.924,0,0
0,74.2,0.79,5.352,54.6,-12.085,15,5,10,0,1,10.962,-4.488,-15.781,-10.26,193.313,15.939,8.816,-2.558,-14.143,10.076,155.679,-15.802,5.607,7.444,-13.297,36.214,-22.916,-1.557,10.564,4.596,-7.439,19.115,-49.008,4.275,0,0
0,73.747,0.136,6.099,74.684,-45.364,15,5,10,0,1,2.419,-3.07,-16.047,-4.534,187.786,17.13,8.129,-3.296,-11.942,17.176,148.015,7.771,4.757,10.196,-11.494,31.725,-11.74,-7.573,11.039,7.659,-5.434,-4.443,-58.046,-0.519,0,0
0,73.065,0,6.869,76.962,-68.161,15,5,10,0,1,2.361,-2.838,-19.275,54,218.214,2.275,6.452,-3.387,-11.755,35.588,138.29,14.519,2.239,12.552,-14.72,16,-19.603,-12.076,11.053,3.949,-7.106,-31.954,-50.611,-1.832,0,0
0,72.237,0,7.359,49.061,-82.775,15,5,10,0,1,2.469,-1.411,-19.685,65.374,226.733,-10.122,6.546,-3.403,-11.336,51.969,129.313,20.977,2.383,9.441,-11.57,-9.023,-28.534,-10.153,8.478,0.39,-9.918,-26.55,-56.183,-0.321,0,0
0,71.263,0,7.714,35.477,-97.378,15,5,10,0,1,3.492,-3.087,-18.219,78.137,236.901,-18.87,6.716,-3.128,-11.4,65.771,120.076,27.573,-0.45,8.615,-14.784,-18.061,-36.565,-26.229,10.114,1.384,-9.705,-17.038,-55.695,2.244,0,0
0,70.132,0,8.048,33.394,-113.148,15,5,10,0,1,3.597,-2.189,-18.418,78.229,247.053,-27.053,6.354,-3.3,-10.723,81.42,108.687,27.832,0.884,7.295,-13.733,-27.74,-42.947,-16.061,8.747,0.441,-10.363,-4.794,-60.321,2.702,0,0
0,68.781,0,8.293,24.468,-135.132,15,5,10,0,1,3.751,1.298,-20.401,66.29,255.939,-35.511,6.364,-3.276,-10.54,96.702,94.504,26.031,1.942,4.939,-13.338,-22.687,-48.977,-7.954,10.03,0.28,-10.05,-1.282,-58.168,4.351,0,0
0,67.323,0,8.363,7.004,-145.775,15,5,10,0,1,3.818,-1.473,-18.81,51.679,259.053,-42.489,5.923,-2.747,-10.648,110.092,81.588,22.763,-0.742,4.709,-16.902,-11.74,-59.45,-5.786,10.212,-1.324,-11.882,2.641,-49.191,3.206,0,0
0,65.649,0,8.355,-0.71,-167.37,15,5,10,0,1,5.873,-2.795,-18.008,42.901,265.695,-45.237,7.278,-1.962,-10.737,119.099,70.305,14.244,0.948,3.351,-15.501,-8.382,-56.733,0.214,9.841,-1.384,-10.548,8.687,-53.649,6.198,0,0
0,63.841,0,8.355,-0,-180.863,15,5,10,0,1,5.389,-2.218,-18.837,32.122,270.855,-48.931,8.555,-1.839,-8.838,126.473,61.237,5.466,2.596,3.933,-15.369,4.046,-54.351,2.122,9.798,-0.371,-10.912,14.809,-53.038,6.702,0,0
0,61.812,0,8.355,-0,-202.87,15,5,10,0,1,8.011,-2.084,-19.826,30.656,281.634,-49.588,5.353,-0.455,-11.506,133.099,46.595,-4.092,2.455,4.201,-15.206,11.115,-53.542,2.611,9.638,0.814,-11.067,16.809,-51.817,6.702,0,0
0,59.676,0,8.355,-0,-213.57,15,5,10,0,1,7.87,-1.559,-20.614,25.878,282.489,-48.489,4.347,-0.438,-11.824,133.099,35.756,-14.382,2.11,4.761,-15.151,15.389,-53.634,2.061,9.587,0.359,-11.594,15.878,-51.664,5.191,0,0
0,57.37,0,8.355,-0,-230.668,15,5,10,0,1,0.752,1.312,-25.066,27.771,278.504,-45.588,5.14,1.791,-9.477,126.29,26.26,-28.672,2.436,4.84,-14.933,0.565,-111.115,4.427,9.973,0.256,-11.479,14.824,-53.893,4.519,0,0
0,55.044,0,8.355,-0,-232.579,15,5,10,0,1,1.708,-3.468,-22.238,33.267,265.878,-44.015,4.96,3.492,-7.904,104.641,21.008,-34.916,2.785,4.986,-14.952,14.855,-115.298,5.863,10.208,0.826,-11.491,13.13,-55.573,3.405,0,0
0,52.726,0,8.355,-0,-231.778,15,5,10,0,0,2.11,-3.082,-23.004,31.298,249.313,-42.595,5.056,4.749,-6.474,75.511,15.298,-33.618,2.747,5.521,-15.189,12.702,-60.076,1.679,9.968,1.351,-11.379,8.977,-57.053,1.191,0,0
0,50.525,0,8.355,-0,-220.139,15,5,10,0,0,2.098,-3.291,-23.713,30.137,233.939,-37.649,4.282,3.588,-5.887,50.107,5.038,-35.771,3.025,5.88,-14.933,9.206,-63.511,-1.466,10.277,1.418,-10.907,2.87,-58.55,-0.031,0,0
0,48.471,0,8.351,-0.446,-205.388,15,5,10,0,0,0.525,-2.924,-23.859,15.008,204.87,-34.687,5.013,3.446,-5.231,34.107,-4.092,-30.351,3.197,6.091,-14.854,6.855,-66.519,-4.26,10.363,1.562,-10.909,-1.924,-59.832,-1.924,0,0
0,46.588,0,8.351,-0,-188.279,15,5,10,0,0,1.341,-3.281,-24.659,5.008,181.756,-28.595,4.086,3.315,-5.389,30.58,-14.992,-29.389,3.36,5.954,-14.902,1.359,-69.817,-6.656,10.509,1.662,-10.83,-6.031,-63.313,-4.595,0,0
0,44.94,0,8.351,-0,-164.784,15,5,10,0,0,0.577,-3.382,-24.872,-11.435,147.481,-21.969,4.033,1.705,-4.057,31.359,-22.321,-28.168,3.336,5.492,-14.25,-1.42,-73.191,-8.168,10.239,0.848,-10.488,-6.489,-65.405,-6.55,0,0
0,43.483,0,8.351,-0,-145.752,15,5,10,0,0,1.186,-4.148,-24.597,-26.168,115.344,-14.046,4.194,2.747,-3.684,26.855,-29.893,-30.168,3.945,4.989,-13.786,-0.809,-75.527,-10.626,11.027,0.4,-9.623,-3.084,-66.351,-5.359,0,0
0,42.241,0,8.351,-0,-124.146,15,5,10,0,0,0.661,-4.816,-25.066,-34.458,83.069,-4.076,3.973,3.494,-3.992,19.725,-38.305,-29.634,4.081,4.934,-12.993,2.84,-74.672,-12.153,10.79,0.836,-9.422,1.053,-67.13,-4.382,0,0
0,41.19,0,8.351,-0,-105.103,15,5,10,0,0,1.712,-2.694,-25.21,-44.626,49.145,-0.351,9.812,2.934,-0.831,11.008,-42.962,-33.374,4.828,2.256,-12.322,13.344,-74.626,-18.015,9.434,1.159,-10.234,6.107,-72.901,-7.481,0,0
0,40.337,0,8.351,-0,-85.339,15,5,10,0,0,3.504,-5.159,-24.159,-45.802,27.542,4.84,10.519,1.245,-3.619,-8.305,-43.176,-34.534,3.504,4.804,-13.156,22.718,-76.137,-30.779,11.52,-0.802,-10.042,14.489,-76.504,-8.366,0,0
0,39.641,0,8.351,-0,-69.592,15,5,10,0,0,-1.691,-10.96,-25.332,-52.641,-26.031,14.489,9.867,4.639,0.527,1.435,-37.756,-23.237,5.81,5.087,-13.321,30.611,-277.573,-28.58,12.828,-1.152,-8.787,28.046,-78.076,-2.58,0,0
0,39.41,0,8.351,-0,-23.083,15,5,10,0,0,-1.296,-3.458,-37.372,-62.595,-74.412,16.824,11.022,1.387,-0.563,-21.847,-41.313,-15.847,6.368,4.495,-12.706,40.824,-63.45,-1.008,13.393,-1.811,-7.647,41.084,-75.405,4.076,0,0
0,39.663,0,8.351,-0,25.337,15,5,10,0,0,4.574,-6.696,-30.048,-46.916,-115.115,15.16,7.005,-1.629,-4.27,-31.42,-61.786,2.275,6.368,4.481,-12.516,54.031,-115.725,8.794,13.326,-0.584,-7.532,50.718,-72.412,10.076,0,0
0,40.234,0,8.351,-0,57.083,15,5,10,0,0,7.072,-5.604,-15.771,-32.427,-136.58,6.885,8.629,-4.016,-5.837,-30.885,-66.244,30.733,7.183,5.336,-12.485,64.733,-53.71,8.015,11.733,0.254,-8.871,54,-75.038,14.107,0,0
0,40.889,0,8.384,3.319,65.529,15,15,10,1,0,7.645,-6.838,-13.271,-30.046,-138.168,7.588,13.446,-7.966,-7.159,-25.802,-60.687,49.74,6.756,5.916,-13.556,72.84,-106.992,4.275,14.042,0.687,-8.929,54.672,-75.313,17.74,1,0
0,41.421,0,8.469,8.457,53.135,5,15,10,1,0,12.461,-6.531,-4.05,22.504,-73.084,-5.893,14.974,-8.838,-10.061,-5.069,-44.779,59.008,9.707,4.527,-12.995,67.618,-176,63.939,11.041,-2.826,-14.018,69.985,-83.908,21.481,0,0
0.659,41.867,0,8.93,46.154,44.643,5,15,10,1,0,10.241,-4.373,-7.753,42.992,-53.573,-0.977,11.886,-5.839,-12.286,26.137,-33.878,79.328,12.035,5.525,-11.654,83.802,-85.252,74.626,12.334,2.263,-8.555,74.519,-110.321,24.885,0,0
1.279,42.432,0,9.783,85.259,56.465,5,15,10,1,0,3.837,0.105,-14.396,32.962,-65.832,-2.947,10.907,-0.924,-8.119,40.672,-28.229,93.786,11.575,9.561,-11.271,80.107,-2.748,12.137,16.406,5.726,-3.813,55.786,-118.748,21.832,0,0
1.862,43.26,0,10.808,102.551,82.775,5,15,10,1,0,3.727,-2.757,-20.427,26.718,-78.656,-3.939,7.456,0.244,-6.577,48.962,-33.832,93.496,5.6,16.187,-12.076,134.626,14.84,17.252,15.043,1.586,-7.123,36.519,-118.504,16.947,0,0
2.405,44.101,0,11.999,119.065,84.149,5,15,10,1,0,6.332,-2.994,-22.12,26.626,-78.443,-3.511,5.37,-0.153,-6.773,49.099,-47.191,74.122,2.017,14.268,-14.284,403.298,294.84,146.809,13.137,-0.639,-8.474,26.916,-120.885,15.832,0,0
2.911,44.691,0,13.479,147.95,58.96,5,15,10,1,0,5.188,-0.881,-22.08,36.611,-87.481,6.931,7.813,-3.011,-3.202,52.382,-67.145,43.832,7.882,6.033,-10.22,25.527,76.153,10.626,15.73,1.116,-4.342,11.435,-134.168,14.26,0,0
3.378,44.639,0,15.148,166.935,-5.127,5,15,10,1,0,9.539,-2.831,-16.083,41.267,-64,5.267,10.581,-2.443,-6.814,43.939,-87.466,23.679,9.374,5.679,-7.796,8.137,48.229,8.321,15.73,0.16,-4.347,-5.053,-146.748,14.305,0,0
3.807,43.79,0,16.954,180.577,-84.927,5,15,10,1,0,12.476,-2.146,-16.65,35.176,-28.473,8.718,12.346,-2.366,-11.103,41.527,-111.603,3.221,9.911,5.638,-6.186,-1.695,68.611,2.641,15.877,1.111,-1.545,-9.237,-147.557,16.443,0,0
4.198,42.267,0,19.092,213.856,-152.367,5,15,10,1,0,8.476,2.187,-19.294,6.214,-13.481,17.573,12.313,-0.999,-9.654,29.45,-139.267,1.115,9.623,7.061,-6.787,-16.55,175.42,16.397,16.255,-0.105,-4.225,-14.58,-151.359,19.344,0,0
4.55,40.245,0,21.498,240.624,-202.137,5,15,10,1,0,16.552,-3.147,-16.401,-20.183,15.359,25.603,13.848,6.816,-10.825,25.817,-154.275,3.466,9.154,7.772,-7.247,-23.206,217.618,17.924,17.158,4.924,-0.747,-38.855,-149.603,18.122,0,0
4.865,37.913,0,24.017,251.896,-233.22,5,15,10,1,0,9.353,7.183,-19.912,-72.626,20.382,35.496,13.465,3.343,-12.892,-17.74,-169.924,2.779,0.168,9.753,-1.686,-325.13,81.588,112.122,17.979,4.258,-1.557,-57.099,-145.924,14.397,0,0
5.14,35.335,0,26.695,267.712,-257.824,5,15,10,1,0,4.833,6.033,-18.911,-91.466,28.977,40.977,9.961,4.321,-13.438,-34.718,-180.733,-0.916,9.58,7.051,-6.079,-116.794,302.718,30.718,14.382,3.432,-8.84,-57.45,-139.74,12.412,0,0
5.378,32.631,0,29.617,292.26,-270.333,5,15,10,1,0,7.099,1.111,-14.119,-122.092,53.298,40.183,11.055,6.265,-11.101,-46.183,-181.878,1.16,8.423,9.578,-8.184,-74.015,172.336,5.679,15.546,2.496,-14.772,-58.183,-157.221,13.802,0,0
5.577,29.779,0,32.943,332.555,-285.21,5,15,10,1,0,5.226,4.371,-12.897,-160.412,41.328,48.641,7.096,3.377,-10.893,-71.038,-187.466,0.824,7.614,9.036,-10.339,-94.168,378,-1.496,11.439,6.586,-15.771,-79.084,-179.221,10.748,0,0
5.738,26.879,0,36.648,370.572,-290.04,5,15,10,1,0,9.123,1.521,-16.83,-159.328,38.84,43.832,8.787,2.419,-6.234,-77.252,-186.733,-1.634,6.407,10.112,-12.442,-110.626,202.092,-23.969,14.097,4.38,-17.124,-103.466,-198.519,9.069,0,0
5.86,24.051,0,40.739,409.047,-282.784,5,15,10,1,0,2.393,-2.534,-17.994,-137.939,22.214,42.672,10.643,2.453,-6.143,-86.412,-177.527,-2.137,5.42,7.07,-16.279,-122.366,209.573,-68.031,17.754,2.177,-15.917,-129.115,-189.863,8.229,0,0
5.945,21.558,0,44.99,425.16,-249.344,5,15,10,1,0,2.493,-8.236,-17.309,-103.099,13.985,42.901,9.53,0.407,-7.657,-88.977,-169.878,-0.58,5.906,8.153,-18.25,-128.947,228.076,-48.962,16.257,7.772,-10.988,-150.901,-186.412,5.588,0,0
5.991,19.485,0,49.316,432.542,-207.253,5,15,10,1,0,6.366,-5.657,-14.959,-83.282,10.473,40.092,12.667,-1.078,-8.668,-103.038,-155.466,4.382,7.578,5.013,-18.444,-128.458,478.55,-133.557,10.028,4.622,-14.698,-161.176,-180.885,7.832,0,0
5.998,17.628,0,53.637,432.118,-185.715,5,15,10,1,0,7.417,-7.619,-14.337,-50.901,9.374,38.198,14.873,-2.417,-9.935,-103.725,-144.733,14.565,5.705,3.058,-18.782,-122.595,492.107,-160.275,11.455,1.162,-18.466,-149.206,-178,4.183,0,0
5.968,16.009,0,57.973,433.629,-161.877,5,15,10,1,0,6.471,-5.7,-14.308,-54.809,7.45,34.656,11.781,-3.334,-10.277,-96.076,-144.885,20.534,6.385,0.757,-17.754,-111.389,0.58,-258.198,12.533,1.018,-20.259,-140.107,-169.328,-0.55,0,0
5.899,14.42,0,62.239,426.602,-158.924,5,15,10,1,0,3.983,-5.923,-16.265,-41.863,9.603,35.481,9.872,-5.219,-9.331,-95.847,-148.809,27.053,6.469,2.179,-16.926,-70.565,-497.603,-166.076,12.078,0.038,-15.465,-143.344,-145.725,-9.008,0,0
5.791,12.787,0,66.253,401.379,-163.33,5,15,10,1,0,7.278,-4.733,-13.848,-48.733,15.786,29.878,9.046,-5.971,-11.063,-95.038,-157.573,34.519,6.725,1.903,-22.518,-107.954,-182.244,5.13,6.97,-8.275,-16.176,-106.321,-119.557,-8.626,0,0
5.646,11.047,0,69.798,354.459,-173.951,5,15,10,1,0,8.656,-7.726,-15.072,-49.496,27.389,28.656,6.665,-4.927,-9.911,-86.321,-164.198,30.687,6.529,1.799,-14.837,-28.031,448.412,-187.725,14.329,-6.397,-9.034,-70.366,-57.282,-5.023,0,0
5.462,9.267,0,72.566,276.833,-177.99,5,15,10,1,0,7.204,-3.878,-14.339,-62.397,19.267,23.969,9.875,-2.845,-9.621,-89.313,-159.863,25.298,6.673,3.583,-14.89,-14.977,200.015,-48.153,12.878,-8.289,-8.213,-5.725,-2.763,1.206,0,0
5.24,7.542,0,74.61,204.415,-172.474,5,15,10,1,0,7.401,-9.137,-13.585,-53.832,26.397,23.008,8.181,-1.794,-11.81,-82.748,-156.031,22.611,6.239,4.589,-13.889,-8.748,192.366,-2.244,9.604,-7.829,-10.859,50.29,41.115,5.405,0,0
4.979,5.814,0,75.98,136.94,-172.806,5,15,10,1,0,6.062,-4.531,-12.962,-49.802,20.916,20.321,9.915,-2.649,-9.012,-85.527,-151.42,17.649,3.324,3.034,-15.065,-12.916,351.664,29.893,8.646,-6.232,-13.664,91.679,81.954,6.046,0,0
4.681,4.107,0,76.884,90.431,-170.712,5,15,10,1,0,6.816,-7.736,-13.937,-39.786,26.916,20.779,8.488,-1.667,-11.07,-71.191,-149.588,13.573,1.665,4.428,-14.095,-8.519,333.405,58.656,8.428,-0.12,-12.655,107.328,110.305,1.145,0,0
4.344,2.508,0,77.393,50.892,-159.966,5,15,10,0,0,2.735,-1.497,-14.768,-36.763,12.565,19.954,12.1,-0.546,-9.42,-73.282,-140.702,8.962,3.303,2.194,-13.038,-2.153,163.649,14.26,6.1,0.283,-14.878,106.427,133.542,-3.924,0,0
3.968,1.116,0,77.723,33.016,-139.195,5,15,10,0,0,7.882,-6.665,-11.755,-22.534,16.198,15.588,10.55,-2.033,-10.924,-71.649,-137.237,8.962,1.844,1.629,-13.798,15.863,162.504,66.29,4.345,2.541,-12.188,95.191,146.275,-5.618,0,0
3.555,-0.287,0,77.854,13.126,-140.282,5,15,10,0,0,8.723,-4.998,-12.167,1.038,12.901,17.405,10.469,-2.476,-10.378,-59.603,-131.878,11.542,2.05,3.415,-13.709,34.626,160.443,29.389,6.862,3.916,-11.81,77.008,165.023,-2.931,0,0
3.103,-1.503,0,77.84,-1.465,-121.571,5,15,10,0,0,6.582,-2.996,-12.092,-2.427,5.527,15.237,10.481,-1.779,-10.857,-50.183,-127.206,9.908,1.739,6.147,-18.418,186.748,-375.756,89.282,3.748,-0.651,-15.172,55.924,178.656,-0.015,0,0
2.612,-2.569,0,77.675,-16.48,-106.568,5,15,10,0,0,7.302,-6.155,-11.422,4.977,3.405,13.542,9.314,-1.957,-11.819,-34.427,-121.557,10.412,-0.913,4.531,-17.203,50.321,142.229,11.603,8.464,-0.402,-14.339,18.55,206.779,3.542,0,0
2.084,-3.52,0,77.206,-46.898,-95.181,5,15,10,0,0,5.473,-4.917,-11.798,11.695,-5.374,11.344,10.816,-1.14,-9.367,-23.649,-110.733,8.672,0.608,6.241,-15.668,40.84,128.947,9.771,7.374,-0.462,-13.376,-2.092,223.282,8.076,0,0
1.517,-4.245,0,76.393,-81.265,-72.487,5,15,10,0,0,4.692,-3.08,-13.874,7.191,-13.695,7.893,13.103,-1.844,-9.017,-18.87,-94.504,4.824,0.522,5.071,-30.235,243.053,130.687,4.153,7.087,-2.975,-15.477,-5.176,235.237,16.504,0,0
0.912,-4.637,0,75.404,-98.911,-39.219,5,15,10,0,0,5.712,-4.376,-11.977,13.695,-23.267,6.244,13.197,-2.383,-10.665,-15.878,-79.206,4.763,-0.285,6.931,-15.848,1.221,249.389,-7.939,9.381,-1.102,-14.806,-13.023,252.046,26.137,0,0
0.268,-4.641,0,74.148,-125.599,-0.378,5,15,10,0,0,5.188,-6.445,-11.106,27.084,-37.756,1.832,14.337,-1.751,-8.756,-11.038,-53.496,5.725,0.376,7.643,-15.017,-0.214,232.962,-10.931,9.396,0.639,-14.298,-21.405,264.824,34.672,0,0
0,-4.378,0,72.64,-150.822,26.356,5,15,10,0,0,8.215,-6.55,-10.114,47.237,-38.214,2.763,10.255,-3.988,-9.709,-2.611,-43.084,6.29,-0.484,6.368,-15.536,-17.664,107.405,-3.511,7.456,-1.461,-17.213,-25.282,276.076,39.634,0,0
0,-4.14,0,70.885,-175.461,23.792,5,15,10,0,0,7.54,-4.385,-10.521,56.595,-39.878,5.71,7.14,-4.591,-9.149,19.603,-49.435,5.328,-1.782,3.845,-37.401,-240.855,-216.809,-115.298,8.306,1.154,-15.563,-25.176,286.275,48.031,0,0
0,-4.066,0,68.912,-197.354,7.381,5,15,10,0,0,6.582,-3.217,-10.802,45.084,-42.29,4.534,5.525,-3.214,-8.828,40.916,-67.557,3.832,-0.122,8.126,-14.375,-49.618,82.427,-12.947,7.449,-0.57,-17.019,-28.611,296.183,53.389,0,0
0,-4.125,0,66.696,-221.558,-5.917,5,15,10,0,0,6.361,-3.09,-10.861,43.435,-42.336,4.534,13.695,0.364,-4.931,46.748,-72.183,-1.099,-2.074,12.381,-37.171,-491.969,-384.504,-94.534,10.912,1.466,-15.58,-30.244,309.939,60.244,0,0
0,-4.151,0,64.334,-236.207,-2.563,5,15,10,0,0,8.636,-5.36,-9.135,8.733,-52.153,-0.687,12.473,-0.726,-7.549,27.496,-69.771,3.237,-2.453,7.226,-14.744,-75.435,63.969,-5.084,7.556,1.303,-17.426,-16.122,303.557,63.176,0,0
0,-4.271,0,61.825,-250.901,-12.039,5,15,10,0,0,9.242,-6.589,-8.586,14.427,-48.321,-0.321,10.076,-1.511,-8.184,15.817,-68.443,11.832,-2.9,7.056,-16.377,-90.87,54.702,-4.076,8.469,-0.402,-19.318,-17.817,310.84,62.015,0,0
0,-4.59,0,59.266,-255.902,-31.849,5,15,10,0,0,10.445,-3.679,-9.444,-0.87,-46.641,-1.496,9.932,1.205,-8.268,2.656,-74.427,17.176,-2.405,3.759,-36.644,172.58,379.099,-100.397,8.852,1.174,-18.724,-16.87,306.412,60.473,0,0
0,-4.853,0,56.702,-256.417,-26.39,5,15,10,0,0,11.067,-4.107,-8.658,-22.458,-45.191,0.931,8.033,0.237,-10.05,-14.611,-72.84,12.947,0.589,3.624,-12.631,-114.168,95.725,1.405,11.352,2.407,-18.231,-15.908,293.954,60.427,0,0
0,-5.052,0,54.128,-257.401,-19.821,5,15,10,0,0,7.132,-3.93,-11.348,-30.473,-53.313,-1.038,9.254,0.426,-10.028,-31.42,-63.42,13.542,-1.36,4.598,-11.331,-102.901,82.351,223.878,9.288,3.205,-19.62,-12.275,283.786,57.023,0,0
0,-5.062,0,51.586,-254.185,-1.076,5,15,10,0,0,7.923,-1.787,-14.43,-39.939,-63.588,-1.481,11.542,-1.19,-8.529,-45.344,-51.038,13.542,-1.085,2.31,-11.817,-152.916,129.099,144.611,8.169,2.788,-21.009,-17.313,269.664,54.443,0,0
0,-5.044,0,49.092,-249.367,1.831,5,15,10,0,0,6.043,-5.813,-12.797,-27.863,-71.053,-3.389,13.424,-1.863,-8.998,-51.969,-47.588,13.328,-2.134,2.506,-9.939,-89.527,55.878,31.45,6.864,1.425,-24.427,-24.076,260.443,47.313,0,0
0,-5.015,0,46.741,-235.142,2.964,5,15,10,0,0,9.798,-3.624,-11.903,-24.687,-70.885,-5.481,11.324,-2.476,-10.639,-48.916,-52.977,13.71,-2.065,1.207,-7.429,-12.779,7.084,24.611,6.629,5.338,-21.773,-25.359,226.015,43.679,0,0
0,-4.982,0,44.507,-223.401,3.262,5,15,10,0,0,8.632,-2.776,-13.276,-32.489,-67.527,-8.489,11.709,-3.058,-11.934,-42.214,-57.145,10.611,-1.365,1.542,-2.429,26.26,13.618,84.702,6.385,2.472,-23.541,-13.328,199.221,34.809,0,0
0,-4.839,0,42.464,-204.289,14.271,5,15,10,0,0,5.415,-2.503,-16.109,-39.13,-76.351,-12.794,15.292,-2.213,-11.391,-33.374,-52.031,5.969,-2.716,3.703,-2.783,58.641,-54.534,57.893,5.511,3.276,-22.209,5.664,166.443,25.542,0,0
0,-4.407,0,40.578,-188.588,43.259,5,15,10,0,0,5.818,-8.55,-12.811,-29.008,-89.908,-18.275,14.99,-1.336,-10.806,-29.496,-36.794,13.374,-1.803,4.38,-4.857,32.992,-60.458,16.183,5.343,4.378,-21.55,32.901,128.947,11.664,0,0
0,-3.807,0,38.919,-165.928,60.001,5,15,10,0,0,10.085,-5.578,-13.872,-9.649,-84.061,-18.351,12.013,-3.918,-12.416,-23.221,-31.344,11.176,2.802,9.01,5.628,108.626,-178.687,95.023,6.888,-1.013,-23.447,57.038,93.908,7.771,0,0
0,-3.129,0,37.59,-132.935,67.783,5,15,10,0,0,11.515,-4.289,-14.274,2.809,-88.641,-17.298,11.858,-2.927,-11.791,-13.832,-26.901,9.374,2.642,4.852,-4.026,20.565,-100.275,21.374,7.07,3.058,-23.751,86.366,58.122,4.244,0,0
0,-2.374,0,36.623,-96.703,75.451,5,15,10,0,0,9.537,-2.259,-14.188,3.344,-92.763,-18.763,12.308,-1.945,-11.386,-8.198,-24.611,4.916,0.335,4.297,0.68,39.71,-109.191,137.405,5.032,6.146,-27.88,77.466,16.504,-7.084,0,0
0,-1.638,0,36.121,-50.148,73.597,5,15,10,0,0,8.356,-1.25,-15.007,1.969,-91.481,-20.672,12.006,-0.86,-11.613,-6.855,-28.55,2.107,2.45,5.647,-3.88,14.489,-183.527,-28.336,4.072,8.687,-27.109,59.908,-54,-10.534,0,0
0,-0.938,0,36.099,-2.163,69.981,5,15,10,0,0,9.084,-2.132,-13.525,-2.29,-90.855,-22.84,11.558,-0.297,-11.748,-13.557,-30.763,2.305,0.251,8.354,-8.919,15.191,-58.962,-19.008,4.376,7.712,-28.632,20.534,-91.115,-11.313,0,0
0,-0.294,0,36.557,45.719,64.396,5,15,10,0,0,10.596,-2.132,-13.027,-6.504,-86.656,-23.557,10.658,-0.065,-11.24,-22.947,-36,0.977,-0.314,2.703,-18.743,-21.328,-147.069,-110.107,5.022,8.064,-18.346,-33.359,-133.267,-5.42,0,0
0,0.207,0,37.246,68.916,50.182,5,15,10,0,0,8.67,-2.306,-12.459,-17.221,-84.366,-24.351,14.236,-0.225,-10.624,-32.565,-34.58,-2.84,-1.657,28.176,-29.631,-75.832,-374.977,490.748,11.453,4.163,-6.754,-90.366,-118.672,2.687,0,0
0,0.589,0,37.872,62.622,38.12,5,15,10,0,1,9.465,-2.891,-11.096,-29.023,-82.672,-24.336,14.588,-0.046,-10.744,-40.565,-35.817,-3.45,2.156,20.996,-35.054,-145.053,-385.176,-292.092,15.857,-10.948,-8.596,-112.809,-66.763,8.855,0,1
0,0.951,0,38.23,35.82,36.232,5,5,10,0,1,9.753,-1.7,-13.537,-44.855,-75.191,-24.595,15.738,-0.422,-9.218,-45.084,-32.336,-6.565,3.31,7.779,-19.943,-111.435,-176.87,-323.542,16.439,-4.637,0.062,-139.771,-40.107,11.405,0,0
0,1.328,0.655,38.164,-6.592,37.685,5,5,10,0,1,11.606,-3.741,-10.919,-52.412,-82.427,-28.412,15.208,-1.341,-9.935,-55.237,-30.565,-7.878,6.471,6.588,-13.733,-311.038,-134.489,-307.786,13.309,-10.653,-11.944,-104.794,-49.817,4.336,0,0
0,1.819,1.273,38.242,7.748,49.152,15,5,10,0,1,10.409,-3.425,-9.635,-56.87,-82.122,-28.351,15.335,-2.146,-8.795,-55.023,-22.626,-8.901,2.056,-9.035,-10.232,-395.252,-480.031,-17.832,14.277,-1.983,-16.097,-62.198,-70.061,-7.573,0,0
0,2.357,1.852,38.578,33.646,53.764,15,5,10,0,1,11.867,-4.282,-9.93,-58.275,-81.817,-28.611,16.454,-1.875,-7.645,-53.832,-16.885,-10.611,3.212,-5.082,-5.003,-151.45,-50.687,-53.588,13.894,1.123,-18.973,-34.427,-102.046,-23.771,0,0
0,2.998,2.394,39.182,60.413,64.156,15,5,10,0,1,12.605,-4.134,-7.35,-56.489,-83.679,-27.878,14.315,-1.665,-6.483,-51.679,-8.611,-12.183,3.087,-3.981,-5.226,-76.244,-58.137,-48.092,8.847,3.097,-16.09,-28.87,-108.733,-27.74,0,0
0,3.778,2.897,39.838,65.609,77.957,15,5,10,0,1,9.817,-1.983,-6.019,-65.42,-89.435,-29.954,16.277,-1.035,-4.804,-51.603,4.931,-15.237,1.753,2.625,-9.532,2.733,-146.702,-239.756,11.463,4.546,-11.86,-54.336,-77.664,-24.153,0,0
0,4.782,3.363,39.809,-2.93,100.353,15,5,10,0,1,9.228,-3.262,-4.424,-75.099,-94.534,-36.061,17.062,-1.911,-3.19,-52.519,21.115,-16.58,3.983,3.142,-12.856,45.863,-122.916,-106.076,6.878,-9.654,-16.169,-47.145,-39.954,-19.863,0,0
0,6.034,3.791,39.194,-61.558,125.21,15,5,10,0,1,7.959,-8.572,-3.406,-79.618,-103.527,-39.099,17.841,0.242,-1.566,-53.237,44.137,-17.237,3.662,0.94,-22.949,103.74,-272.809,-155.298,15.606,-12.277,-13.288,10.519,-16.382,-8.794,0,0
0,7.693,4.181,38.102,-109.12,165.917,15,5,10,0,1,8.28,-6.1,-6.91,-78.611,-113.069,-39.756,20.257,-3.037,-0.548,-55.313,78.107,-20.397,3.844,1.075,-16.341,44.214,-158.244,-116.397,18.341,-5.245,-10.193,57.008,-3.359,-11.924,0,0
0,9.747,4.534,36.429,-167.336,205.422,15,5,10,0,1,11.973,-13.671,-5.401,-59.954,-122.84,-43.863,15.347,-1.665,-2.876,-55.527,99.832,-15.924,-0.733,8.863,-21.225,110.763,291.405,-42.137,16.085,-3.571,-12.277,74.092,29.496,-19.924,0,0
0,12.135,4.848,34.048,-238.06,238.77,15,5,10,0,1,12.655,-6.795,-12.718,-54.489,-136.885,-42.412,14.212,-2.409,-3.746,-45.405,120.687,-20.611,1.856,3.636,-13.587,59.756,-185.282,-4.137,18.631,-1.114,-9.891,89.038,59.847,-11.695,0,0
0,14.962,5.124,30.965,-308.327,282.715,15,5,10,0,1,8.069,-8.308,-17.68,-24.229,-160.977,-38.595,16.025,-3.854,-3.947,-31.42,142.992,-29.405,-1.159,8.072,-20.861,139.985,177.527,23.634,12.294,-5.521,-13.405,113.71,69.115,-7.115,0,0
0,18.162,5.363,27.475,-349.034,320.058,15,5,10,0,1,13.185,-5.923,-19.014,2.015,-181.649,-34.321,16.724,-4.062,-7.118,-10.763,164.87,-26.198,-2.364,1.032,-16.403,69.374,-224.58,20.244,3.89,-10.023,-11.58,140.901,54.229,-12.58,0,0
0,22.034,5.564,23.791,-368.42,387.109,15,5,10,0,1,12.174,-6.505,-17.603,40.672,-209.13,-35.969,14.983,-4.158,-8.847,10.382,188.977,-15.374,-1.128,3.372,-15.247,52.107,95.328,65.832,6.203,-6.835,-17.168,149.679,35.038,-21.771,0,0
0,26.37,5.727,20.377,-341.332,433.64,15,5,10,0,1,10.83,-6.22,-17.69,71.725,-227.328,-36.534,14.981,-5.88,-11.259,27.557,211.71,0.305,5.465,1.255,-12.981,49.481,71.053,15.695,5.834,-5.116,-15.855,156.412,9.053,-18,0,0
0,31.277,5.852,17.595,-278.275,490.724,15,5,10,0,1,10.287,-10.426,-16.952,104.87,-234.489,-38.763,15.616,-5.707,-12.947,43.053,230.443,25.298,6.155,3.843,-14.6,254.702,242.809,363.115,10.981,5.192,-11.309,122.84,1.756,-14.382,0,0
0,36.327,5.939,15.496,-209.805,504.994,15,5,10,0,1,12.057,-8.428,-17.079,143.282,-237.725,-44.214,12.844,-3.717,-12.943,70.092,241.069,64.809,8.989,4.529,-12.976,75.069,358.107,27.664,10.241,9.084,-9.496,73.145,1.206,-20.962,0,0
0,41.571,5.988,13.771,-172.566,524.346,15,5,10,0,1,5.106,6.759,-33.47,151.45,-224.382,-46.473,15.369,-4.864,-8.141,68.565,266.107,79.023,5.121,22.208,-20.875,159.282,390.947,-47.878,12.195,5.801,-9.592,25.466,12.611,-24.748,0,0
0,46.907,5.999,12.197,-157.391,533.639,15,5,10,0,1,12.466,-15.845,-19.67,157.893,-251.511,-44.809,17.656,4.79,-9.25,86.275,253.313,104.122,3.173,5.244,-29.459,429.649,-150.733,-115.664,11.247,5.35,-7.889,12.504,14.412,-22.107,0,0
0,52.319,5.973,10.596,-160.046,541.192,15,5,10,0,1,15.354,-9.733,-16.636,210.519,-207.313,-27.359,15.96,-0.637,-15.01,52.031,264.779,105.359,0.886,2.473,-22.518,67.221,-299.802,-30.504,7.278,1.243,-10.797,19.573,10.58,-19.847,0,0
0,57.153,5.908,9.04,-155.674,483.422,15,5,10,0,1,22.07,-7.971,-12.497,190.794,-176.198,-29.008,13.424,-4.198,-19.002,65.267,268.122,115.206,1.837,8.864,-13.431,7.374,420.626,-112.611,9.827,2.934,-8.016,33.939,7.924,-13.771,0,0
0,61.281,5.806,7.439,-160.023,412.778,15,5,10,0,1,6.962,1.926,-16.645,165.908,-143.344,-27.16,19.206,-1.636,-12.569,73.771,263.252,107.847,3.707,11.696,-33.799,190.855,292.626,425.038,10.335,4.788,-8.708,31.42,14.229,-11.908,0,0
0,64.701,5.666,5.842,-159.703,341.996,15,5,10,0,1,10.045,-0.019,-14.555,133.405,-100.611,-29.038,16.574,-3.741,-10.624,71.618,249.557,98.244,2.405,9.738,-13.106,26.092,406.885,-59.969,10.378,1.008,-9.623,30.962,17.298,-6.061,0,0
0,67.74,5.488,4.209,-163.308,303.956,15,5,10,0,1,8.313,5.264,-16.693,92.153,-64.015,-25.374,14.825,-2.876,-10.335,78.641,227.756,77.939,4.474,6.006,-28.3,251.084,-135.466,-254.534,5.664,2.108,-9.214,25.863,6.229,-7.099,0,0
0,70.352,5.272,2.748,-146.13,261.155,15,5,10,0,1,7.187,3.569,-18.514,65.847,-31.588,-19.649,14.892,0.017,-11.518,85.573,217.832,55.389,3.583,5.455,-31.356,290.168,-84.412,-222.779,7.904,1.732,-9.06,26.473,4.687,-4.092,0,0
0,72.669,5.018,1.518,-122.99,231.732,15,5,10,0,1,7.3,1.183,-17.021,41.084,-1.328,-9.832,14.703,-0.105,-11.91,87.878,216.214,32.565,3.83,6.28,-15.786,33.878,-125.389,-7.664,10.026,5.37,-9.336,13.13,8.626,-4.595,0,0
0,74.706,4.727,0.452,-106.625,203.637,15,5,10,0,1,4.962,3.616,-17.601,2.748,21.389,-4.061,14.19,0.675,-10.787,79.359,218.229,12.626,3.602,9,-14.059,22.153,-247.649,-26.87,10.473,4.682,-7.532,-14.55,7.45,-6.931,0,0
0,76.504,4.397,-0.603,-105.469,179.787,15,5,10,0,1,3.49,2.788,-18.312,-29.344,46.84,-1.603,13.18,0.354,-10.89,68.916,222.214,-6.748,5.336,5.353,-14.576,12.931,-229.023,-31.634,9.118,-1.241,-10.706,-11.359,5.466,-8.275,0,0
0,78.075,4.03,-1.408,-80.555,157.151,15,5,10,0,1,3.049,1.705,-18.593,-50.168,68.427,2.534,12.548,1.758,-11.889,59.969,222.947,-21.954,3.401,7.119,-19.112,29.969,-417.969,-22.229,10.842,0.898,-8.993,-6.015,2.046,-7.847,0,0
0,79.463,3.625,-2.075,-66.673,138.76,15,5,10,0,1,2.532,0.941,-18.499,-60.198,92.55,7.618,12.227,1.078,-10.488,46.427,220.794,-34.763,4.354,5.032,-15.218,8.565,-193.359,-17.893,12.155,2.929,-6.208,-15.023,0.916,-9.282,0,0
0,80.58,3.181,-2.774,-69.878,111.695,15,5,10,0,1,3.006,2.448,-18.913,-64.183,118.794,6.962,10.627,2.179,-11.657,32.885,213.084,-40.443,2.395,5.695,-15.041,3.908,-101.878,-10.137,10.914,-0.642,-7.365,-14.153,0.794,-9.634,0,0
0,81.375,2.7,-3.513,-73.963,79.525,15,5,10,0,1,0.745,0.532,-15.86,-53.573,147.893,5.405,10.452,0.534,-11.431,21.893,206.58,-43.679,6.035,8.3,-21.804,-2.595,-487.084,5.863,8.416,-3.183,-10.059,-2.366,-5.069,-9.038,0,0
0,81.796,2.182,-3.964,-45.09,42.08,15,5,10,0,1,2.354,-0.838,-14.715,-43.802,177.985,0.397,9.041,-0.228,-13.886,14.702,194.397,-36,6.397,5.185,-14.782,6.153,-152.489,0.458,8.967,3.918,-6.028,17.695,-28.626,-5.435,0,0
0,81.851,1.625,-4.019,-5.482,5.516,15,5,10,0,1,3.602,1.056,-16.849,-29.802,212.565,0.214,7.568,-0.314,-14.016,19.802,179.42,-32.473,9.556,2.753,-11.812,123.221,265.771,183.695,6.234,3.866,-6.838,15.496,-46.305,-5.115,0,0
0,81.679,1.03,-3.719,30.064,-17.201,15,5,10,0,1,0.577,-1.624,-16.629,-32.168,220.26,-8.885,8.265,-1.564,-13.7,14.336,175.756,-21.725,4.704,8.85,-13.328,8.901,-154.824,-19.542,11.652,6.349,-2.409,-12.443,-41.328,-5.618,0,0
0,81.247,0.398,-3.389,32.925,-43.202,15,5,10,0,1,0.989,-3.341,-17.749,-7.603,239.557,-14.824,5.82,-1.686,-13.937,15.557,158.504,-12.519,3.822,9.396,-12.284,15.099,-60.168,-29.221,9.156,0.11,-4.924,-11.908,-50.076,-7.053,0,0
0,80.474,0,-3.118,27.134,-77.282,15,5,10,0,1,-2.939,-1.607,-19.656,18.885,257.954,-16.29,6.433,-0.635,-12.689,25.573,146.183,-16.504,2.812,15.353,-13.92,-12.595,-172.595,-120.183,7.149,1.015,-7.995,-8.718,-47.71,-4.443,0,0
0,79.331,0,-2.994,12.428,-114.258,15,5,10,0,1,-0.491,-0.352,-20.446,33.008,278.443,-27.237,7.393,-2.632,-12.952,36.198,131.908,-16.046,-1.212,11.703,-18.499,-29.389,-121.298,-47.084,9.396,0.129,-8.141,-4.611,-41.893,-2.412,0,0
0,77.83,0,-3.012,-1.831,-150.147,15,5,10,0,1,1.068,-2.714,-19.28,52.198,297.618,-38.519,5.959,-3.245,-14.59,53.664,112.84,-10.947,1.739,4.879,-11.269,-15.603,-51.939,-10.977,9.068,-0.953,-6.452,15.802,-56.565,-0.947,0,0
0,75.867,0,-3.009,0.309,-196.301,15,5,10,0,1,0.333,-2.263,-19.088,52.916,298.763,-38.992,5.389,-6.299,-14.933,85.16,90.641,-8.046,3.07,4.804,-12.344,1.344,-53.832,-10.779,10.143,1.677,-7.401,22.26,-58.031,2.076,0,0
0,73.611,0,-2.997,1.156,-225.609,15,5,10,0,1,-0.086,0.275,-20.192,50.977,324.626,-61.267,2.278,-6.73,-16.107,120.443,67.817,-7.557,3.755,4.782,-14.504,35.71,-119.221,-39.267,10.009,1.777,-7.7,18.458,-59.496,3.16,0,0
0,71.047,0,-2.895,10.265,-256.371,15,5,10,0,1,1.004,-2.666,-19.577,32.763,322.748,-71.038,2.11,-4.184,-15.029,157.496,45.893,-10.229,7.614,4.11,-10.869,32,-48.107,-12.031,4.735,0.163,-10.931,27.496,-74.473,1.084,0,0
0,68.348,0,-2.459,43.591,-269.898,15,5,10,0,1,3.034,3.408,-24.978,17.527,328.779,-72.824,-0.769,-3.224,-15.457,180.458,24.748,-19.695,6.258,4.601,-12.09,41.176,-69.481,-22.901,8.624,1.368,-10.038,23.527,-83.038,1.16,0,0
0,65.605,0,-1.815,64.419,-274.304,15,5,10,0,0,-0.105,-2.383,-25.778,14.015,313.878,-68.427,2.364,1.162,-13.086,190.534,15.954,-32.916,3.039,6.443,-15.39,47.237,-30.947,-15.206,11.522,3.525,-6.888,12.977,-83.74,-1.634,0,0
0,62.789,0,-1.28,53.49,-281.617,15,5,10,0,0,0.929,-3.063,-27.025,12.214,301.511,-64.855,2.771,2.103,-11.74,177.985,7.008,-40.244,0.86,7.204,-15.85,38.26,-58.58,-29.802,10.864,0.218,-9.712,12.092,-74.504,-2.366,0,0
0,60.032,0,-0.79,49.004,-275.7,15,5,10,0,0,-2.896,-5.427,-27.296,13.496,284.687,-59.389,3.504,5.446,-9.053,152.534,-2.504,-48.458,2.893,5.712,-12.174,32.122,-42.504,-16.168,9.005,-0.168,-8.974,22.427,-89.435,-0.504,0,0
0,57.23,0,-0.236,55.332,-280.152,15,5,10,0,0,0.893,-2.122,-28.953,13.863,271.542,-45.466,1.068,5.446,-8.945,115.481,-18.595,-53.969,3.015,6.789,-14.787,77.42,-83.16,-33.13,8.675,0.618,-7.856,29.16,-95.405,-2.305,0,0
0,54.553,0,0.244,48.02,-267.746,15,5,10,0,0,0.857,-5.231,-26.616,2.29,243.511,-34.214,1.923,6.747,-8.15,79.008,-32.824,-49.374,4.462,6.787,-12.703,40,-61.756,-54.779,8.27,0.184,-9.427,36.779,-92.321,-0.702,0,0
0,51.902,0,0.76,51.579,-265.126,15,5,10,0,0,0.604,-5.635,-26.597,-20.962,211.924,-20.656,5.145,7.231,-5.315,39.405,-47.069,-44.809,5.659,4.258,-12.502,45.405,-37.634,-25.405,9.865,0.678,-7.93,43.924,-101.252,3.374,0,0
0,49.448,0,1.394,63.412,-245.339,15,5,10,0,0,1.653,-5.655,-27.437,-37.786,188.321,-5.084,6.368,5.875,-4.366,9.13,-59.084,-40.214,4.967,13.658,-16.032,108.137,-50.183,-16.519,11.369,2.172,-6.874,43.832,-100.702,4.443,0,0
0,47.097,0,2.071,67.692,-235.108,15,5,10,0,0,3.281,-6.998,-26.058,-62.992,153.634,8.092,6.644,5.061,-4.234,-18.336,-64.763,-32.382,5.418,14.074,-15.96,115.588,-82.58,-14.962,10.883,0.132,-10.677,39.191,-100.702,6.794,0,0
0,44.995,0,2.84,76.95,-210.183,15,5,10,0,0,2.261,-6.162,-27.025,-82.107,122.84,23.084,6.071,3.334,-3.667,-31.328,-73.786,-29.954,3.427,7.504,-15.309,53.908,-17.74,-2.397,11.681,1.708,-10.38,37.099,-105.878,10.092,0,0
0,43.117,0,3.722,88.2,-187.878,15,5,10,0,0,1.099,-7.386,-26.973,-98.534,86.504,40.26,5.818,3.224,-2.958,-40.092,-84.931,-23.771,3.087,7.477,-14.789,46.397,-21.099,-1.496,11.228,1.688,-11.326,28.321,-111.802,8.504,0,0
0,41.446,0,4.649,92.64,-167.038,15,5,10,0,0,0.929,-8.45,-26.41,-104.885,50.794,57.145,7.106,4.608,-3.885,-57.802,-91.45,-14.061,3.834,6.095,-15.295,39.481,-28.244,-0.763,8.979,0.513,-13.328,21.527,-119.405,7.664,0,0
0,40.007,0,5.604,95.581,-143.898,15,5,10,0,0,10.679,-8.545,-21.217,-97.527,38.26,51.802,14.95,1.152,0.309,-92.626,-76.672,-6.092,3.31,6.409,-15.4,34.504,-44.779,-4.122,12.306,0.848,-10.378,10.137,-116.412,9.939,0,0
0,38.81,0,6.498,89.367,-119.728,15,5,10,0,0,6.299,-6.143,-27.303,-84.87,1.679,37.603,15.395,-3.327,-2.318,-91.527,-74.504,9.863,4.625,4.924,-14.435,33.511,-82.122,-8.153,13.151,-1.178,-9.618,12.901,-120.122,12.718,0,0
0,38.041,0,7.257,75.852,-76.882,15,5,10,0,0,-1.48,-3.262,-33.102,-51.618,-39.45,20.046,11.767,-6.076,-5.008,-84,-86.87,35.069,4.16,3.854,-13.599,37.344,-50.855,-0.29,13.822,-3.054,-9.185,18.855,-111.878,16.779,0,0
0,37.696,0,7.956,69.946,-34.47,15,5,10,0,0,4.57,-6.404,-18.291,6.916,-76.58,3.756,13.113,-4.067,-5.384,-45.603,-93.588,48.779,5.319,3.262,-12.555,45.725,-57.679,10.656,13.958,-2.86,-6.639,35.023,-116.779,22.931,0,0
0,37.623,0,8.607,65.128,-7.347,15,5,10,1,0,13.537,-6.593,-4.809,53.069,-59.618,-1.084,12.203,-6.182,-8.478,-26,-77.389,59.878,5.621,4.982,-12.32,53.634,-75.573,29.466,14.282,0.177,-4.21,38.519,-111.832,27.786,1,0
0,37.62,0,9.216,60.825,-0.309,5,5,10,1,0,13.165,-4.412,-3.133,65.664,-52.122,5.542,10.562,-4.761,-7.118,32.885,-62.87,74.275,9.69,6.299,-9.377,56.214,-18.779,46.534,13.506,-0.783,-7.87,51.985,-124.824,29.573,0,0
0.655,37.722,0,10.014,79.811,10.197,5,5,10,1,0,8.605,1.885,-10.61,38.061,-58.87,4.595,10.979,-0.651,-4.551,73.603,-49.603,81.252,9.757,8.407,-11.221,53.176,2.198,45.527,16.444,1.921,-4.194,47.756,-130.901,30.687,0,0
1.273,38.392,0,11.076,106.178,67.051,5,15,10,1,0,5.446,-1.059,-16.468,9.374,-90.916,-0.046,8.991,1.324,-1.626,89.954,-30.931,86.427,6.083,18.56,-12.377,133.557,101.496,94.168,14.03,3.015,-7.12,42.84,-145.908,27.573,0,0
1.852,39.572,0,12.544,146.897,117.954,5,15,10,1,0,1.494,-10.72,-20.147,45.344,-115.13,3.985,5.338,1.511,-3.736,65.389,-23.45,86.244,13.491,8.595,-10.988,3.695,96.641,37.74,14.715,5.353,-7.226,22.947,-161.115,21.985,0,0
2.394,40.806,0,14.544,199.986,123.368,5,15,10,1,0,4.388,-6.253,-22.341,81.908,-118.061,6.779,6.979,-2.625,-7.846,49.115,-32.58,81.71,12.991,8.828,-7.762,-26.962,68.443,10.641,14.511,4.723,-5.849,-13.084,-172.168,12.427,0,0
2.897,41.655,0,16.899,235.463,84.984,5,15,10,1,0,8.229,-2.45,-19.951,106.84,-92.473,0.885,10.641,-5.441,-8.622,47.649,-44.397,69.908,13.956,4.766,-5.973,-43.053,92.137,-2.565,16.351,4.934,-1.609,-48.275,-183.466,7.145,0,0
3.363,41.82,0,19.649,275.002,16.445,5,15,10,1,0,13.304,-0.783,-16.399,106.885,-52.427,2.779,8.747,-4.019,-12.909,53.038,-75.863,49.664,10.39,6.598,-5.571,-54.198,232.168,-20.275,17.558,3.545,-2.091,-50.565,-182.656,5.756,0,0
3.791,41.238,0,22.662,301.346,-58.205,5,15,10,1,0,11.091,0.733,-14.89,52.733,-42.748,11.42,11.07,0.587,-9.743,56.275,-104.153,33.588,9.683,4.962,-4.951,-39.237,280.076,-5.527,19.63,0.81,-2.462,-59.42,-170,6.015,0,0
4.181,39.989,0,25.878,321.568,-124.855,5,15,10,1,0,10.9,1.712,-17.793,4.305,-18.809,27.893,13.609,3.945,-7.156,26.611,-131.573,11.13,7.152,6.198,-4.723,-33.924,164.702,0.611,18.679,1.629,-2.134,-59.45,-162,8.076,0,0
4.534,38.22,0,29.174,329.579,-176.949,5,15,10,1,0,10.816,5.504,-18.578,-59.389,-5.282,37.023,13.388,0.766,-11.671,-13.435,-157.13,-2.076,7.793,7.662,-6.706,-28.824,363.481,30.901,16.365,0.4,-7.314,-54.718,-158.473,13.786,0,0
4.848,35.906,0,32.576,340.188,-231.377,5,15,10,1,0,4.733,4.385,-20.173,-87.023,29.679,42.901,9.539,0.599,-13.216,-27.16,-176.183,-8.092,6.517,10.109,-11.137,-37.771,377.16,15.756,13.927,0.73,-13.367,-52.809,-164.198,16.901,0,0
5.124,33.152,0,36.088,351.231,-275.448,5,15,10,1,0,8.191,-5.782,-11.834,-122.29,45.771,38.443,14.27,-2.536,-11.592,-46.031,-186.122,-15.237,6.277,3.177,-18.284,-122.137,383.038,-13.16,11.968,1.193,-20.791,-63.542,-183.221,13.267,0,0
5.363,29.889,0,39.886,379.796,-326.226,5,15,10,1,0,10.529,5.47,-13.623,-159.176,65.786,43.74,3.875,1.078,-13.23,-53.191,-212.885,-9.725,7.219,2.401,-19.505,-186.901,403.282,-45.008,14.219,3.698,-19.567,-99.542,-218.733,7.053,0,0
5.564,26.435,0,43.966,407.96,-345.395,5,15,10,1,0,9.575,4.68,-14.466,-181.725,48.962,50.733,6.517,4.57,-8.543,-53.282,-214.763,-6.031,8.814,6.931,-16.557,-113.573,211.191,-89.832,16.854,5.322,-15.17,-123.939,-211.679,10.977,0,0
5.727,23.055,0,48.327,436.101,-338.025,5,15,10,1,0,5.966,1.851,-16.48,-188.794,31.038,43.16,11.827,6.258,-6.098,-72.198,-201.344,-5.878,7.772,4.404,-19.213,-123.42,227.603,-50.168,18.621,1.138,-13.297,-128.015,-189.023,9.542,0,0
5.852,20.225,0,52.824,449.696,-283.024,5,15,10,1,0,-1.897,-5.98,-17.793,-155.359,2.962,38.733,11.606,4.658,-6.409,-90.748,-182.305,-3.542,1.442,3.22,-28.06,-243.053,25.374,-10.26,13.331,2.098,-16.53,-122.748,-171.603,7.71,0,0
5.939,18.097,0,57.46,463.635,-212.826,5,15,10,1,0,5.43,-11.36,-16.492,-98.076,4.748,37.435,11.065,2.5,-8.584,-108.26,-161.45,1.649,6.165,0.481,-19.845,-86.473,263.985,-87.023,12.212,8.076,-19.098,-109.771,-173.542,-0.504,0,0
5.988,16.456,0,62.042,458.177,-164.04,5,15,10,1,0,7.046,-7.599,-14.392,-58.061,-2.748,39.038,14.691,-1.221,-10.265,-126.244,-143.282,17.817,6.546,3.207,-19.361,-54.855,251.16,-159.176,9.197,6.488,-17.256,-153.221,-147.237,-19.695,0,0
5.999,14.984,0,66.349,430.688,-147.206,5,15,10,1,0,7.846,-6.634,-14.61,-16.718,4.519,41.191,7.688,-4.352,-13.156,-107.084,-149.313,30.473,7.01,3.255,-17.855,-29.74,-494.366,-378.321,17.553,2.658,-9.597,-150.046,-119.969,-18.229,0,0
5.973,13.515,0,70.018,366.91,-146.874,5,15,10,1,0,5.616,0.283,-15.594,-27.649,2.855,39.084,9.048,-5.724,-11.491,-94.153,-157.252,29.649,7.274,2.555,-16.341,-30.198,482.336,-155.359,13.043,-3.911,-11.927,-127.573,-80.901,-16.87,0,0
5.908,11.941,0,73.068,305.054,-157.482,5,15,10,1,0,6.464,-7.496,-11.467,-36.656,3.649,31.267,7.848,-4.859,-11.3,-80.855,-160.489,29.588,8.133,1.999,-18.173,-55.573,-108.229,-496.366,12.001,-6.253,-11,-72.626,-28.977,-8.489,0,0
5.806,10.187,0,75.416,234.742,-175.392,5,15,10,1,0,7.197,-4.757,-12.823,-41.42,15.481,34.107,9.597,-3.698,-10.385,-77.252,-164.809,27.557,7.247,1.178,-14.799,-16.275,414.58,-78.595,11.918,-6.227,-9.635,-15.206,17.435,-4.076,0,0
5.666,8.253,0,77.104,168.835,-193.314,5,15,10,1,0,4.836,-5.947,-11.69,-63.695,11.16,27.603,6.931,-5.046,-10.509,-76.275,-169.45,20.58,4.493,1.897,-15.527,-11.557,190.916,-12.962,12.09,-4.795,-10.148,29.084,68.244,-7.756,0,0
5.488,6.305,0,78.213,110.939,-194.825,5,15,10,1,0,5.715,-3.47,-15.345,-68.992,20,27.069,10.006,-2.361,-8.711,-76.076,-164.809,15.695,3.686,2.056,-19.965,-19.817,361.74,11.695,9.206,-3.446,-12.342,71.298,100.489,-16.198,0,0
5.272,4.382,0,78.851,63.755,-192.33,5,15,10,1,0,5.679,-5.058,-13.858,-67.969,19.847,22.779,8.284,-3.47,-10.936,-80.046,-163.115,15.13,3.07,1.631,-14.564,-3.313,170.779,24.977,4.539,-3.19,-16.14,95.282,126.107,-21.389,0,0
5.018,2.614,0,79.25,39.871,-176.8,5,15,10,0,0,4.215,-2.584,-16.667,-56.534,13.695,22.153,12.377,-4.062,-8.924,-77.252,-155.023,15.115,3.085,2.247,-14.174,10.84,166.992,1.374,5.518,-0.992,-15.74,107.237,143.725,-24,0,0
4.727,1.017,0,79.558,30.796,-159.703,5,15,10,0,0,9.003,-6.117,-13.791,-37.756,14.275,15.206,12.689,-0.721,-10.174,-73.328,-142.015,15.267,4.009,2.115,-13.034,19.359,-333.069,119.817,2.965,3.193,-13.209,97.038,155.191,-24.183,0,0
4.397,-0.382,0,79.572,1.431,-139.904,5,15,10,0,0,8.007,-5.109,-13.206,-17.038,9.664,16.137,6.867,-2.263,-11.925,-74.763,-141.679,12.534,2.946,2.544,-15.218,41.557,317.069,53.496,5.554,-1.004,-15.232,71.908,183.618,-22.916,0,0
4.03,-1.62,0,79.487,-8.457,-123.802,5,15,10,0,0,6.536,-4.347,-11.467,-12.061,1.221,14.794,10.129,-1.93,-11.082,-66.687,-131.802,13.557,2.397,3.595,-15.407,60.962,159.893,16.901,9.099,0.117,-13.106,75.908,193.786,-12.015,0,0
3.625,-2.737,0,79.305,-18.265,-111.683,5,15,10,0,0,5.647,-5.798,-12.176,2.443,1.939,14.29,9.058,-3.621,-11.606,-49.924,-128.656,11.252,0.376,4.412,-18.26,64.656,149.679,16.947,8.816,-2.426,-14.856,39.344,222.244,-13.679,0,0
3.181,-3.791,0,78.755,-54.955,-105.435,5,15,10,0,0,5.291,-4.036,-11.494,7.053,-5.649,11.038,11.178,-3.214,-9.276,-31.176,-120.29,11.191,1.253,6.77,-20.851,105.893,292.855,3.115,5.949,-0.177,-11.992,12.565,239.908,-8.046,0,0
2.7,-4.678,0,77.8,-95.547,-88.646,5,15,10,0,0,5.085,-4.879,-11.563,5.527,-12.107,7.328,11.954,-2.014,-9.647,-19.679,-109.603,7.267,1.866,6.423,-15.165,41.45,137.817,0.427,6.361,-4.182,-16.253,9.313,260.153,4.901,0,0
2.182,-5.318,0,76.613,-118.653,-64.041,5,15,10,0,0,1.533,-6.924,-10.768,6.931,-26.595,4.534,12.6,-1.574,-9.511,-11.359,-93.695,5.786,-0.139,9.689,-33.636,171.115,57.389,-61.069,8.44,-3.863,-16.849,7.985,275.221,19.863,0,0
1.625,-5.655,0,75.236,-137.718,-33.703,5,15,10,0,0,3.418,-5.338,-13.043,9.878,-31.313,2.351,15.455,-1.708,-8.239,-2.122,-71.664,2.534,-1.506,6.1,-17.199,8.779,119.389,-8.733,8.72,-1.42,-17.848,4.992,283.679,29.13,0,0
1.03,-5.714,0,73.65,-158.558,-5.917,5,15,10,0,0,4.869,-6.938,-11.293,23.573,-38.565,-1.42,14.526,-3.542,-8.845,2.626,-53.71,4.763,0.338,8.275,-15.072,-9.282,112.26,-9.496,7.966,1.6,-16.667,-16.168,295.038,35.084,0,0
0.398,-5.527,0,71.827,-182.351,18.7,5,15,10,0,0,2.879,-5.001,-13.391,28.58,-46.87,-2.702,14.775,-3.394,-7.755,12.626,-40.947,5.573,-1.449,7.343,-15.862,-22,102.641,-9.359,5.947,1.988,-17.601,-24.397,300.321,44.183,0,0
0,-4.931,0,69.714,-211.338,59.681,5,15,10,0,0,2.534,-6.481,-11.661,28.29,-69.802,-11.985,17.256,-2.144,-6.131,13.206,-14.427,11.618,-2.342,7.977,-23.955,-78.473,184.809,-27.481,8.806,0.034,-17.28,-49.756,315.786,54.29,0,0
0,-4.048,0,67.392,-232.155,88.303,5,15,10,0,0,8.081,-7.46,-9.063,38.672,-65.908,-11.847,10.821,-4.062,-5.98,15.16,-10.992,14.565,-0.45,8.454,-14.032,-60.733,167.435,-57.527,7.185,2.012,-14.555,-51.069,311.588,64.092,0,0
0,-3.279,0,64.876,-251.576,76.87,5,15,10,0,0,9.331,-6.129,-8.694,45.969,-63.908,-6.504,7.319,-3.487,-8.409,24.229,-25.496,15.679,-1.885,4.984,-18.087,-82.58,67.71,-13.328,3.719,-5.552,-20.03,-38.702,312.473,66.794,0,0
0,-2.766,0,62.323,-255.295,51.293,5,15,10,0,0,5.413,-5.291,-8.665,33.374,-71.435,-6.931,10.588,-2.378,-4.874,34.122,-35.13,9.817,-5.856,7.844,-17.065,-117.13,110.885,-24.977,9.908,-0.881,-18.164,-32.534,314.855,69.069,0,0
0,-2.572,0,59.727,-259.61,19.432,5,15,10,0,0,6.469,-1.449,-11.688,15.817,-58.443,-0.687,5.444,-0.867,-9.336,36.153,-59.771,7.954,-2.35,4.543,-13.989,-123.634,50.122,-8.794,10.957,2.91,-16.82,-23.573,305.023,67.893,0,0
0,-2.591,0,57.131,-259.644,-1.888,5,15,10,0,0,5.784,-0.402,-12.509,-7.267,-66.351,-4.794,10.229,2.378,-8.454,27.71,-64.687,6.885,-2.773,6.496,-15.29,-259.42,160.427,28.336,7.911,4.323,-19.857,-23.847,293.252,61.664,0,0
0,-2.591,0,54.487,-264.382,0,5,15,10,0,0,7.894,-3.497,-11.034,-23.328,-66.244,-4.443,11.029,2.342,-9.283,5.924,-58.702,5.008,-2.112,3.978,-11.776,-122.947,38.336,15.847,6.771,3.329,-22.144,-32.824,279.725,55.16,0,0
0,-2.591,0,51.843,-264.393,0,5,15,10,0,0,8.074,-4.019,-11.992,-21.359,-65.771,-1.74,11.477,1.631,-10.157,-13.893,-51.985,6.382,-1.274,1.705,-10.488,-104.519,58.29,32.916,6.026,2.12,-23.56,-46.107,259.649,53.221,0,0
0,-2.591,0,49.22,-262.253,0,5,15,10,0,0,8.071,-3.015,-13.015,-23.847,-65.893,-0.366,11.769,0.841,-10.852,-27.176,-49.527,8.916,-3.284,1.399,-7.29,-117.71,31.084,-19.786,7.722,0.213,-25.014,-39.435,243.099,49.496,0,0
0,-2.535,0,46.796,-242.421,5.505,5,15,10,0,0,7.686,-1.341,-14.349,-34.092,-68.794,-2.809,13.304,0.96,-11.348,-34.947,-48.534,10.931,-3.008,0.263,-1.284,-28.336,6.565,62.351,4.725,0.175,-24.858,-16.824,201.206,47.084,0,0
0,-2.231,0,44.548,-224.842,30.441,5,15,10,0,0,11.664,-3.772,-12.332,-35.618,-71.649,-7.847,10.373,-2.136,-13.894,-43.008,-40.855,15.359,-4.213,1.332,-5.956,13.237,-27.389,65.496,6.342,-0.012,-24.319,6.748,168.733,38.992,0,0
0,-1.832,0,42.676,-187.146,39.906,5,15,10,0,0,5.42,-5.068,-15.623,-24.214,-80.748,-8.885,12.643,-0.891,-11.391,-36.84,-36.183,19.344,-2.417,1.557,-5.13,34.244,-61.496,117.374,2.994,2.354,-24.676,38.336,119.496,34.427,0,0
0,-1.316,0,41.124,-155.274,51.624,5,15,10,0,0,10.299,-4.855,-13.316,-16.473,-79.939,-10.153,11.41,-1.466,-12.385,-32.763,-36.122,19.069,-2.213,3.537,-5.401,41.328,-47.695,22.168,3.3,2.555,-25.126,61.405,73.038,24.29,0,0
0,-0.767,0,39.948,-117.6,54.92,5,15,10,0,0,10.061,-4.706,-13.438,-10.061,-79.298,-10.641,10.131,-3.566,-12.595,-21.634,-37.359,15.954,-4.388,7.789,-5.13,72.84,-245.985,4.641,5.164,5.813,-25.84,70.031,33.573,12.794,0,0
0,-0.272,0,39.172,-77.591,49.439,5,15,10,0,0,9.235,-2.726,-14.868,-7.069,-78.458,-10.489,11.501,-2.649,-11.69,-15.389,-40.183,10.916,-2.735,4.098,-7.19,39.832,-138.489,-0.366,1.727,7.496,-26.518,69.176,-22.733,0.382,0,0
0,0.204,0,38.857,-31.506,47.642,5,15,10,0,0,9.477,-1.483,-14.495,-12.718,-79.649,-12.962,11.681,-1.971,-11.532,-18.244,-37.985,8.351,3.015,6.11,-5.748,33.237,-148.855,7.817,1.95,5.521,-26.642,59.405,-65.893,3.878,0,0
0,0.705,0,38.988,13.184,50.091,5,15,10,0,0,8.478,-1.914,-14.43,-16.977,-85.008,-16.29,12.995,-1.095,-10.411,-26.687,-37.893,7.603,-2.012,0.892,-14.174,27.038,-315.069,-67.176,8.847,8.603,-24.889,32.992,-90.458,-0.107,0,0
0,1.178,0,39.436,44.724,47.31,5,15,10,0,0,9.585,-1.993,-14.047,-20.718,-81.863,-18.122,12.392,-0.139,-10.706,-38.87,-40.809,7.191,0.948,22.251,-14.581,-30.092,-316.534,-114.931,4.946,5.379,-23.227,12.962,-144.397,4.656,0,0
0,1.614,0,40.3,86.38,43.556,5,15,10,0,0,9.764,-1.583,-14.176,-26.168,-83.771,-19.985,13.927,-0.532,-9.954,-51.069,-41.771,4.611,1.413,7.234,-26.364,-79.374,-371.069,-350.29,14.89,10.727,-5.966,-30.214,-139.908,15.298,0,0
0,1.972,0,41.178,87.868,35.866,5,15,10,0,0,11.429,-3.24,-11.446,-29.634,-78.397,-20.779,12.112,-0.225,-11.079,-61.023,-46.641,3.42,2.941,19.803,-34.416,-138.519,-181.878,-314.626,19.479,-9.355,-11.192,-63.344,-65.084,15.832,0,0
0,2.281,0,41.629,45.09,30.808,5,15,10,0,0,11.245,0.165,-12.109,-44.26,-71.939,-20.122,12.48,-0.898,-9.566,-67.832,-46.977,-4.595,3.858,2.746,-31.777,61.053,368.107,484.397,17.388,-2.51,5.621,-113.573,-28.687,18.885,0,0
0,2.548,0,41.497,-13.207,26.711,5,15,10,0,1,7.312,-0.845,-12.619,-61.313,-80.046,-24.26,15.589,0.532,-6.613,-72.748,-45.954,-11.084,9.69,8.46,-9.944,-285.878,-226.458,485.496,14.454,-6.579,-3.923,-90.931,-11.832,21.237,0,1
0,2.833,0,41.527,2.964,28.542,5,5,10,0,1,9.008,-3.027,-9.542,-74.672,-86.183,-26.947,16.138,0.275,-4.785,-79.313,-39.298,-12.962,4.014,0.034,-0.556,-300.015,-177.298,-271.145,16.377,-3.154,-11.822,-82.366,-33.008,7.344,0,0
0,3.214,0.655,41.541,1.431,38.132,5,5,10,0,1,13.996,-1.861,-7.92,-85.817,-85.115,-28.916,16.188,-0.51,-5.949,-85.389,-31.099,-16.519,2.66,-8.852,-13.814,-109.817,223.252,27.847,9.87,-3.846,-23.076,-61.313,-79.969,-12.595,0,0
0,3.774,1.273,41.592,5.15,56.007,5,5,10,0,1,8.924,-2.951,-8.407,-88.733,-92.458,-29.542,17.764,0.79,-5.259,-89.71,-16.427,-17.725,-1.993,-0.307,-2.558,-115.771,-138.885,-201.16,3.209,0.043,-24.046,-65.664,-99.557,-29.802,0,0
0,4.602,1.852,41.86,26.745,82.752,15,5,10,0,1,9.554,-5.121,-6.946,-84.809,-98.901,-33.221,15.333,-0.821,-5.662,-88.122,2.076,-16,0.319,-1.281,-6.713,-47.939,-80.809,-59.298,8.26,2.771,-13.917,-52.687,-111.725,-25.115,0,0
0,5.708,2.394,42.204,34.378,110.584,15,5,10,0,1,6.907,-5.877,-6.936,-77.42,-105.206,-32.779,16.878,-1.274,-4.373,-82.84,27.282,-20.565,1.935,2.848,-13.999,0.443,-372.107,-223.145,9.743,-0.927,-12.512,-43.038,-87.634,-21.038,0,0
0,7.169,2.897,42.372,16.823,146.118,15,5,10,0,1,7.595,-6.711,-7.71,-64.076,-117.756,-36.55,17.682,-1.43,-4.436,-78.992,54,-19.42,5.006,3.772,-16.154,39.435,-205.328,-237.557,13.565,0.184,-10.806,-48.992,-62.031,-12.992,0,0
0,9.07,3.363,42.116,-25.612,190.052,15,5,10,0,1,6.828,-7.959,-8.591,-42,-126.244,-37.786,15.786,0.742,-4.249,-61.496,78.321,-20.046,4.929,3.322,-17.656,17.573,-247.954,-203.725,16.823,-2.639,-11.197,-27.802,-42.275,-12.137,0,0
0,11.231,3.791,41.325,-79.09,216.099,15,5,10,0,1,7.992,-4.601,-13.278,-18.595,-132.153,-34.168,16.866,-0.012,-2.793,-53.74,98.046,-20.87,3.954,2.1,-18.197,0.947,-142.412,-33.252,11.58,-8.869,-18.87,8,-26.885,-24.443,0,0
0,13.849,4.181,40.065,-125.954,261.864,15,5,10,0,1,15.963,-4.4,-12.811,-18.748,-145.084,-35.664,16.983,1.09,-3.303,-49.481,123.069,-19.405,0.12,4.687,-19.237,-3.176,-159.954,-85.252,17.45,0.654,-12.246,17.084,3.664,-23.115,0,0
0,16.896,4.534,38.117,-194.87,304.665,15,5,10,0,1,9.499,-10.533,-10.227,-19.45,-174.718,-35.542,15.79,-0.491,-7.528,-41.405,153.588,-15.649,-1.844,6.301,-18.173,-3.435,-176.641,0.672,11.582,-6.035,-18.432,33.084,26.427,-23.374,0,0
0,20.451,4.848,35.466,-265.08,355.557,15,5,10,0,1,7.475,-9.094,-15.484,-10.443,-188.351,-27.023,16.614,-6.177,-6.938,-30,177.466,-10.565,0.031,0.644,-20.125,12.244,-198.443,12.626,15.587,-5.439,-15.132,53.206,51.344,-17.16,0,0
0,24.318,5.124,32.232,-323.399,386.708,15,5,10,0,1,7.724,-9.36,-18.245,0.916,-213.252,-25.954,18.008,-5.631,-9.3,-18.489,195.176,2.198,0.644,0.956,-18.602,13.237,-400.244,26.84,7.573,-12.272,-16.356,73.328,63.145,-22.336,0,0
0,28.691,5.363,28.61,-362.195,437.245,15,5,10,0,1,17.098,-9.762,-20.267,27.924,-216.901,-31.481,12.042,-2.745,-12.119,5.695,206.55,15.573,0.378,3.19,-12.425,40.092,-215.298,23.74,11.381,-4.486,-2.886,104.321,37.145,-28.947,0,0
0,33.284,5.564,24.728,-388.15,459.298,15,5,10,0,1,7.372,-3.233,-22.875,47.573,-232.947,-25.023,7.86,-6.481,-12.679,22.687,207.832,28.183,-2.357,3.825,-14.291,60.901,113.832,89.893,8.759,-8.239,-16.363,149.969,32.855,-27.634,0,0
0,38.048,5.727,21.11,-361.874,476.373,15,5,10,0,1,10.823,-5.166,-24.496,68.901,-246.229,-35.969,11.592,-4.931,-13.692,35.481,212.656,43.191,5.784,0.16,-11.453,78.107,-198.55,20.748,8.342,-3.066,-14.076,176.214,16.183,-15.435,0,0
0,42.959,5.852,18.268,-284.134,491.147,15,5,10,0,1,12.916,-12.765,-20.317,90.977,-245.832,-36.397,15.158,0.714,-12.593,52.351,221.664,63.359,5.293,4.897,-12.363,375.985,351.939,53.618,9.266,7.789,-13.853,146.748,9.252,-14.137,0,0
0,47.823,5.939,16.262,-200.673,486.341,15,5,10,0,1,13.405,-11.103,-18.621,131.954,-225.542,-26.992,14.911,-2.977,-15.357,41.313,224.076,78.412,11.269,4.006,-13.522,195.588,-270.656,5.252,8.093,10.928,-12.193,91.038,0.031,-15.16,0,0
0,52.43,5.988,14.925,-133.69,460.706,15,5,10,0,1,-14.454,10.6,-31.344,152.412,-207.954,-15.634,30.067,-7.362,-12.193,55.832,231.832,86.458,6.438,21.576,-19.309,199.74,-236.351,-53.557,11.304,9.206,-9.029,33.435,3.282,-20.29,0,0
0,56.403,5.999,13.84,-108.433,397.34,15,5,10,0,1,10.215,-8.478,-8.287,150.763,-169.252,-32.733,20.207,2.946,-9.264,81.298,205.527,115.893,4.85,3.359,-19.5,143.252,95.618,-315.603,8.349,4.186,-9.594,7.328,-1.313,-21.603,0,0
0,59.874,5.973,12.977,-86.38,347.111,15,5,10,0,1,12.818,-0.302,-12.526,127.511,-113.649,-23.16,17.05,-0.333,-11.563,71.969,207.573,101.359,2.036,23.578,-17.541,89.985,124.198,-382.779,10.263,4.222,-9.19,6.153,-0.824,-17.069,0,0
0,62.72,5.908,12.138,-83.908,284.546,15,5,10,0,1,9.384,5.571,-17.929,92.29,-75.603,-14.061,15.783,-2.191,-12.104,74.26,196.504,80.412,2.285,2.42,-17.9,45.359,-219.618,-106.137,9.738,5.037,-8.093,-7.206,2.733,-16.779,0,0
0,65.206,5.806,11.933,-20.439,248.646,15,5,10,0,1,6.498,3.24,-17.843,59.344,-47.924,-7.679,14.454,-0.16,-11.436,69.679,188.183,61.115,7.544,28.012,6.103,35.802,-147.557,-105.527,10.907,14.327,5.516,25.176,-50.443,-0.962,0,0
0,67.371,5.666,11.79,-14.351,216.465,15,5,10,0,1,6.989,-1.145,-15.232,39.084,-23.511,-0.748,13.436,0.901,-11.621,56.504,188.794,42.656,-0.496,5.649,-22.379,116.565,-436.534,-261.252,12.706,11.261,-8.768,-63.145,18.107,-21.359,0,0
0,69.278,5.488,10.431,-135.83,190.75,15,5,10,0,1,5.413,-0.12,-16.14,29.176,7.496,3.939,12.883,0.575,-12.504,48.473,190.748,27.588,-2.361,7.833,-12.2,-16.962,-491.252,-236.458,9.848,-13.118,-8.897,-15.405,12.58,-18.443,0,0
0,70.842,5.272,8.922,-150.891,156.372,15,5,10,0,1,4.735,-1.461,-17.184,22.412,34.458,4.198,11.36,-0.426,-12.102,49.42,190.275,20.519,2.891,1.912,-11.429,-16.87,-241.695,-20.153,7.791,-5.046,-9.966,64.565,4.076,0.183,0,0
0,72.223,5.018,7.616,-130.68,138.108,15,5,10,0,1,3.317,-1.001,-18.492,11.618,50.855,4.534,10.926,-0.275,-11.031,51.099,188.26,15.588,7.635,0.271,-8.842,9.511,-202.366,-4.947,6.95,3.276,-9.386,87.42,-6.382,2.107,0,0
0,73.369,4.727,6.689,-92.652,114.601,15,5,10,0,1,3.26,-1.569,-17.946,7.298,69.16,7.511,10.327,0.539,-11.043,51.847,186.412,10.84,7.142,2.896,-11.302,63.053,-91.573,-4.092,9.511,5.113,-9.206,70.855,-3.924,-0.626,0,0
0,74.34,4.397,6.103,-58.594,97.092,15,5,10,0,1,3.221,-1.265,-16.837,6.321,88.061,11.496,9.743,0.659,-10.703,52,180.351,5.16,7.195,5.906,-10.634,76.366,-69.237,-4.031,10.73,5.427,-5.973,44.748,-14.122,-0.87,0,0
0,75.083,4.03,5.81,-29.285,74.341,15,5,10,0,1,3.219,0.06,-16.09,3.786,110.718,14.214,10.188,-1.154,-10.296,48.489,172.809,0.702,4.39,10.452,-12.119,71.359,-61.771,-9.344,13.92,4.136,-5.441,17.099,-10.595,-1.038,0,0
0,75.614,3.625,5.66,-15.015,53.101,15,5,10,0,1,4.359,-0.158,-15.589,-9.191,130.779,8.748,11.539,-1.085,-9.939,38.534,170.702,-1.756,3.825,8.474,-12.627,60.824,-51.267,-4.931,8.962,0.924,-8.605,14.107,-16.809,-3.084,0,0
0,75.815,3.181,5.656,-0.446,20.073,15,5,10,0,1,1.923,-0.347,-16.186,-8.641,154.244,5.038,12.231,-1.504,-9.135,36.382,168.611,-5.496,3.145,8.302,-16.425,95.771,-202.947,-18.321,9.247,2.987,-8.771,5.221,-18.656,-3.237,0,0
0,75.749,2.7,5.653,-0.309,-6.592,15,5,10,0,1,1.909,2.603,-19.572,-8.962,177.374,-1.725,11.851,-0.692,-9.932,37.176,161.71,-6.534,3.164,7.841,-12.006,30.489,-94.397,-8.519,9.75,2.021,-8.236,3.924,-22.748,-4.137,0,0
0,75.508,2.182,5.653,-0,-24.159,15,5,10,0,1,5.504,-4.172,-16.37,15.42,200.672,-5.618,6.299,-1.032,-13.118,45.374,150.061,0.214,2.852,7.29,-12.442,10.153,-94.366,-14.534,9.154,0.429,-8.402,10.718,-25.603,-3.191,0,0
0,74.977,1.625,5.667,1.465,-53.101,15,5,10,0,1,1.336,-4.658,-18.444,29.634,210.183,-9.344,5.966,-0.659,-11.003,55.893,143.71,2.702,2.924,6.239,-11.278,14.947,-44.275,-0.626,8.555,0.558,-8.244,15.16,-30.595,-0.504,0,0
0,74.156,1.03,5.751,8.423,-82.043,15,5,10,0,1,1.111,-3.228,-18.252,44.641,224.351,-14.565,6.359,-2.323,-11.776,61.145,132.87,5.038,3.693,15.004,-16.023,26.947,-213.634,-38.351,10.392,1.605,-6.922,18.626,-30.779,1.16,0,0
0,73.083,0.398,5.912,16.056,-107.3,15,5,10,0,1,2.666,-2.484,-17.237,49.542,237.679,-22.718,5.657,-2.503,-12.006,72.504,117.557,10.214,9.793,4.507,-7.449,5.176,-131.969,0.977,5.602,1.976,-10.924,28.504,-40.26,1.954,0,0
0,71.864,0,6.374,46.2,-121.868,15,5,10,0,1,3.511,-0.738,-17.987,44.351,246.763,-30.565,6.462,-2.934,-10.919,84.351,105.985,9.985,3.164,9.597,-12.61,24.382,-26.092,-7.802,13.185,6.582,-4.318,9.771,-37.389,4.763,0,0
0,70.476,0,6.777,40.272,-138.817,15,5,10,0,1,2.805,-1.633,-18.961,43.16,253.954,-36.626,5.856,-2.929,-10.809,91.588,91.832,11.313,3.686,8.725,-12.504,16.366,-36.198,-9.878,14.969,4.998,-8.1,-10.366,-32.55,2.779,0,0
0,68.986,0,6.836,5.882,-149.06,15,5,10,0,1,2.967,-1.954,-19.828,42.031,259.634,-39.313,4.96,-1.528,-10.914,99.313,80.031,8.092,1.375,6.373,-13.077,13.206,-84.748,-22.382,8.545,-0.616,-10.914,-0.489,-33.374,-0.122,0,0
0,67.36,0,6.897,6.157,-162.575,15,5,10,0,1,3.918,-1.787,-19.079,37.618,264.214,-43.282,5.41,-1.717,-10.512,106.412,73.557,1.802,-0.366,5.748,-13.549,8.809,-188.901,-43.053,7.243,-1.779,-11.501,15.221,-45.725,1.023,0,0
0,65.613,0,6.905,0.755,-174.672,15,5,10,0,1,4.026,-2.68,-19.115,37.099,267.573,-45.649,5.336,-0.187,-12.231,110.565,63.298,-2.977,0.153,8.547,-17.321,64.718,-218.397,-31.634,9.554,-1.71,-9.733,25.16,-49.45,3.878,0,0
0,63.734,0,6.905,-0,-187.935,15,5,10,0,1,3.822,-1.962,-19.795,33.099,268.153,-47.206,7.001,0.431,-10.442,112.061,57.786,-8.443,2.381,3.71,-13.288,24.504,-111.74,-1.679,10.22,-0.307,-8.557,36.351,-49.588,6.473,0,0
0,61.775,0,6.905,-0,-195.877,15,5,10,0,1,5.475,-1.289,-20.758,31.267,269.649,-45.023,4.886,0.534,-10.299,108.473,45.252,-19.023,3.736,10.075,-17.91,76.87,-113.527,-105.527,10.576,2.069,-9.554,32.626,-48.229,5.573,0,0
0,59.695,0,6.905,-0,-208.02,15,5,10,0,1,2.864,-0.829,-22.82,26.382,263.817,-42.29,4.105,2.182,-10.833,96.076,36.229,-28.534,3.717,11.78,-19.361,81.969,-197.008,8.733,10.651,2.364,-10.311,22.015,-47.924,3.603,0,0
0,57.622,0,6.905,-0,-207.287,15,5,10,0,1,2.979,0.515,-25.699,25.893,258.504,-39.176,4.11,3.2,-9.453,80.412,26.779,-34.885,3.123,6.208,-14.698,38.046,-50.595,0.473,10.107,1.758,-10.521,15.084,-48.611,1.359,0,0
0,55.468,0,6.905,-0,-215.355,15,5,10,0,1,3.319,-3.044,-22.971,23.924,245.42,-37.588,5.458,2.785,-7.528,61.878,20.427,-35.206,2.9,6.45,-14.672,31.802,-54.443,-1.832,10.141,0.994,-10.916,10.748,-51.13,1.206,0,0
0,53.389,0,6.905,-0,-207.94,15,5,10,0,1,0.886,-1.866,-24.106,13.191,228.244,-35.802,6.596,1.195,-5.717,51.267,12.656,-33.496,3.255,6.754,-14.863,20.992,-118.611,-10.992,10.449,1.969,-10.988,8.26,-52.779,1.405,0,0
0,51.312,0,6.905,-0,-207.722,15,5,10,0,1,3.444,-3.329,-23.107,4.504,212.015,-31.939,4.716,1.688,-6.687,46.427,0.809,-31.237,2.532,7.034,-15.187,20.763,-64.534,-6.107,9.788,2.843,-11.23,1.481,-56.656,-1.634,0,0
0,49.408,0,6.905,-0,-190.396,15,5,10,0,1,3.49,-3.59,-24.573,-4.321,191.328,-25.847,3.559,1.265,-5.125,49.13,-10.718,-31.145,2.821,6.673,-14.765,2.733,-275.008,-38.901,9.817,2.215,-10.507,-1.786,-59.374,-3.496,0,0
0,47.613,0,6.905,-0,-179.444,15,5,10,0,1,1.976,-4.081,-24.206,-18.687,161.634,-17.542,4.16,2.625,-4.153,47.954,-17.282,-33.542,3.322,6.167,-14.418,16.397,-72.168,-11.771,10.387,1.55,-10.933,-0.626,-61.756,-3.511,0,0
0,46.024,0,6.905,-0,-158.947,15,5,10,0,0,1.085,-3.935,-25.342,-32.718,131.038,-8.137,4.309,4.464,-3.935,37.405,-25.695,-33.924,2.163,4.172,-14.447,27.527,-74.87,-21.542,9.757,0.714,-9.429,7.298,-66.336,-5.756,0,0
0,44.611,0,6.905,-0,-141.323,15,5,10,0,0,0.335,-5.214,-24.729,-48.458,95.481,1.679,5.264,4.639,-2.4,20.29,-34.351,-32.718,3.537,5.219,-14.071,34.916,-76.809,-18.26,10.921,0.441,-8.26,22.595,-69.649,-0.504,0,0
0,43.388,0,6.905,-0,-122.292,15,5,10,0,0,0.388,-5.156,-24.75,-56.107,65.389,13.969,5.322,4.56,-2.728,-0.366,-42.794,-30.443,3.868,4.474,-12.765,40.046,-70.504,-12.107,11.367,0.242,-8.742,34.977,-69.481,1.038,0,0
0,42.336,0,6.905,-0,-105.171,15,5,10,0,0,0.841,-5.197,-24.947,-64.153,34.168,24.916,5.853,3.684,-3.164,-21.969,-52.122,-23.435,4.177,4.129,-13.007,47.634,-66.137,-6.672,11.429,0.122,-7.468,40.748,-70.885,0.901,0,0
0,41.501,0,6.905,-0,-83.462,15,5,10,0,0,7.243,-5.403,-21.96,-66.229,14.519,22.489,10.871,3.533,-2.045,-43.45,-50.321,-15.939,4.285,3.937,-13.115,48.534,-65.496,-6.107,11.913,-0.783,-7.525,49.237,-72.977,2.931,0,0
0,40.853,0,6.905,-0,-64.842,15,5,10,0,0,2.886,-4.414,-27.713,-72.779,-21.008,18.931,10.152,1.37,-2.86,-43.481,-50.168,-5.893,5.609,4.577,-11.891,73.42,-175.389,4.489,12.636,-1.178,-7.985,61.191,-71.145,9.557,0,0
0,40.458,0,6.905,-0,-39.494,15,5,10,0,0,-2.661,-5.825,-34.251,-50.275,-46.672,19.618,8.059,-5.748,-5.274,-42.275,-59.45,-1.679,7.901,5.456,-8.775,88.55,-53.969,8.885,9.827,2.275,-6.447,69.771,-83.725,16.901,0,0
0,40.443,0,6.946,4.086,-1.522,15,5,10,1,0,-0.113,-7.712,-28.484,-34.458,-105.16,3.634,7.302,-6.577,-6.759,-33.267,-76.809,34.031,6.174,3.625,-12.818,-159.282,113.099,82.809,13.474,-0.038,-7.767,76.672,-73.603,21.267,1,0
0,40.685,0,6.967,2.117,24.181,5,5,10,1,0,-1.279,-0.862,-20.87,-18.031,-117.069,-9.695,12.198,-6.85,-7.693,-13.435,-85.847,45.16,6.275,6.114,-10.979,109.237,-117.374,17.679,11.542,0.187,-9.63,81.939,-81.115,24.977,0,0
0.655,41.187,0,7.062,9.544,50.182,5,5,10,1,0,10.325,-3.6,-7.353,-3.679,-100.794,-24.702,14.65,-8.392,-11.166,7.71,-73.405,56.031,0.608,10.511,-10.945,215.313,-204.947,73.16,8.998,-2.649,-12.581,101.466,-100.458,27.084,0,0
1.273,41.787,0,7.571,50.926,60.013,5,5,10,1,0,12.629,-11.206,-3.585,21.282,-77.878,-25.405,13.398,-3.906,-10.191,44.076,-47.954,72.076,7.635,14.926,-0.766,-146.458,-391.573,347.603,12.212,1.181,-6.222,105.588,-123.511,31.71,0,0
1.852,42.491,0,8.523,95.192,70.393,5,15,10,1,0,8.435,-8.294,-11.563,46.015,-81.985,-10.198,13.961,-2.254,-6.27,69.954,-22.809,80.595,1.662,21.619,-10.308,195.71,-4.397,29.16,16.413,4.543,-3.382,83.435,-130.779,30.763,0,0
2.394,43.204,0,9.647,112.393,71.354,5,15,10,1,0,8.67,-5.48,-18.913,67.221,-84.641,-0.504,9.065,-1.586,-5.097,90.168,-26.015,84.794,12.033,1.529,-10.327,146.382,37.496,58.015,15.407,3.949,-6.601,54.427,-141.74,25.924,0,0
2.897,43.868,0,11.003,135.578,66.342,5,15,10,1,0,2.948,-0.448,-22.743,53.649,-95.954,-1.908,4.27,-1.921,-5.14,106.107,-52.321,74.718,13.623,10.222,-8.627,38.947,15.145,33.191,14.648,1.174,-7.595,28.214,-151.374,22.748,0,0
3.363,44.317,0,12.691,168.812,44.964,5,15,10,1,0,7.204,-1.595,-21.34,61.649,-91.16,-2.824,5.434,-0.287,-5.612,99.71,-75.344,59.328,13.913,9.836,-7.537,0.977,90.809,6.84,15.357,1.171,-6.893,9.008,-167.847,21.679,0,0
3.791,44.278,0,14.774,208.329,-3.948,5,15,10,1,0,8.644,-1.238,-20.207,72.382,-72.611,-3.176,11.235,-0.46,-9.623,76.214,-89.771,38.794,11.319,8.062,-7.506,-36.55,124.977,28.885,16.77,2.278,-5.152,-14.534,-166.473,19.145,0,0
4.181,43.625,0,17.111,233.666,-65.231,5,15,10,1,0,7.535,2.16,-17.819,66.366,-49.435,1.71,14.655,1.48,-11.834,52.183,-111.527,35.847,12.186,8.169,-5.803,-43.359,87.45,1.344,18.607,-1.566,-5.863,-31.847,-185.527,16.427,0,0
4.534,42.402,0,19.832,272.118,-122.338,5,15,10,1,0,9.824,1.614,-17.759,36.748,-23.511,13.145,15.75,5.247,-12.255,28.702,-128.779,31.145,10.275,8.895,-5.528,-55.756,112.107,10.809,15.474,5.192,-3.25,-58.519,-195.542,23.221,0,0
4.848,40.838,0,22.85,301.736,-156.384,5,15,10,1,0,10.466,1.595,-17.764,-0.29,-10.076,27.725,16.945,5.19,-9.875,8.244,-142.26,23.71,5.513,14.035,2.922,-446.534,248.672,168.794,21.028,3.597,-2.103,-82.275,-189.664,20.092,0,0
5.124,38.883,0,26.113,326.306,-195.534,5,15,10,1,0,10.845,4.931,-17.879,-46.733,9.298,39.71,13.937,5.729,-12.998,-24.55,-156.305,11.725,10.378,0.757,-3.751,-149.863,322.443,11.359,21.723,3.518,-1.152,-106.351,-177.496,24.26,0,0
5.363,36.777,0,29.533,342.019,-210.537,5,15,10,1,0,9.274,0.12,-15.623,-93.008,19.664,42.84,13.573,4.402,-12.588,-43.542,-167.191,3.313,10.136,4.33,-7.104,-192.366,383.42,13.374,16.511,4.361,-7.58,-113.344,-175.618,31.725,0,0
5.564,34.338,0,33.261,372.826,-243.931,5,15,10,1,0,9.216,6.972,-19.378,-126.55,35.527,48.382,12.718,2.187,-10.996,-84.992,-175.893,-4.153,5.607,13.201,-13.01,-120.137,194.366,-24.214,15.874,5.111,-14.849,-118.519,-186.29,31.863,0,0
5.727,31.585,0,37.286,402.467,-275.345,5,15,10,1,0,7.757,3.36,-16.411,-133.725,46.168,52.916,9.781,1.839,-11.427,-88.504,-190.198,-10.977,4.474,1.472,-26.92,-303.359,428.718,-62.534,15.867,5.425,-16.985,-136.061,-201.527,25.74,0,0
5.852,28.493,0,41.732,444.581,-309.128,5,15,10,1,0,1.15,-1.444,-16.375,-154.58,48.198,57.634,5.173,0.752,-10.095,-84.473,-203.649,-3.878,6.51,10.588,-18.863,-188.122,228.519,-48.947,15.163,7.631,-14.131,-174.565,-215.786,30.229,0,0
5.939,25.271,0,46.419,468.762,-322.278,5,15,10,1,0,9.743,-3.525,-15.398,-159.466,56.718,52.122,9.221,3.772,-9.947,-92.519,-198.382,-1.542,0.522,10.484,-41.386,199.099,2.733,-279.023,14.988,2.263,-14.095,-195.985,-207.573,39.313,0,0
5.988,22.147,0,51.253,483.399,-312.333,5,15,10,1,0,7.906,-5.468,-15.014,-152.153,37.695,44.733,11.202,-0.716,-8.823,-98.901,-190.733,1.878,8.835,2.738,-18.034,-196.55,-464.687,-185.13,19.685,3.365,-11.309,-203.557,-183.832,44.351,0,0
5.999,19.511,0,56.094,484.075,-263.661,5,15,10,1,0,2.953,-2.936,-17.963,-133.695,26.351,40.29,11.261,0.462,-8.795,-110.458,-183.435,4.626,7.377,1.72,-18.576,-172.519,285.176,-100.595,14.84,0.424,-18.149,-195.481,-159.511,44.58,0,0
5.973,17.339,0,60.943,484.899,-217.141,5,15,10,1,0,7.779,-11.556,-14.332,-81.435,18.931,33.45,13.728,-1.396,-9.372,-110.321,-161.359,12.305,-2.476,4.745,-17.936,-147.267,-445.756,-222.412,8.864,5.885,-23.773,-178.641,-162.947,30.229,0,0
5.908,15.647,0,65.681,473.832,-169.258,5,15,10,1,0,2.869,-7.058,-16.195,-51.969,12.763,32.672,9.183,-6.395,-9.968,-99.191,-151.298,23.954,3.341,0.18,-18.145,-101.679,-447.252,-186.748,16.013,-6.625,-28.012,-181.099,-143.725,17.176,0,0
5.806,14.135,0,70.007,432.542,-151.177,5,15,10,1,0,6.637,-6.028,-14.04,-22.504,14.718,26.473,11.084,-5.892,-9.338,-82.87,-144.321,37.206,3.698,0.613,-17.476,-77.389,257.176,-114.901,16.681,-2.886,-12.15,-160.504,-112.855,13.145,0,0
5.666,12.783,0,73.53,352.307,-135.144,5,15,10,1,0,6.452,-6.541,-13.12,-23.267,13.42,21.878,9.714,-7.544,-9.659,-68.565,-147.13,41.115,9.491,1.861,-12.598,-49.588,239.832,-61.939,9.456,-1.02,-9.434,-110.443,-61.16,13.588,0,0
5.488,11.348,0,76.221,269.097,-143.555,5,15,10,1,0,8.464,-8.383,-13.192,-8.092,22.748,22.641,6.819,-4.941,-9.662,-47.16,-148.702,37.053,9.403,8.293,-16.78,-61.405,425.328,-131.42,16.183,-6.85,-8.675,-49.649,8.336,21.069,0,0
5.272,9.883,0,77.976,175.473,-146.485,5,15,10,1,0,4.021,-0.378,-14.897,-23.267,16.397,21.557,7.889,-2.508,-8.543,-42,-145.191,26.565,6.656,2.773,-13.716,-40.824,389.298,-9.74,10.596,-6.977,-9.245,13.176,61.374,22.275,0,0
5.018,8.469,0,78.964,98.877,-141.392,5,15,10,1,0,4.325,-5.097,-11.963,-32.595,8.153,16.397,8.706,-1.894,-7.968,-43.634,-135.939,17.466,3.157,2.596,-14.854,-40.092,354.443,74.26,7.209,-9.12,-14.25,72.687,107.191,15.924,0,0
4.727,7.015,0,79.543,57.861,-145.386,5,15,10,1,0,4.723,-3.351,-13.403,-27.511,13.618,17.374,9.626,-0.606,-7.827,-47.328,-134.336,11.496,1.648,3.56,-18.825,-65.832,329.16,144,5.659,-0.903,-12.006,113.206,127.481,11.45,0,0
4.397,5.59,0,79.868,32.547,-142.491,5,15,10,1,0,8.224,-3.396,-12.004,-33.115,13.191,16.061,8.402,-0.568,-9.326,-55.527,-132.244,8.687,0.417,2.249,-15.302,-17.634,162.046,85.649,8.809,-1.605,-14.998,129.405,147.466,2.183,0,0
4.03,4.162,0,79.806,-6.191,-142.823,5,15,10,1,0,5.604,-4.021,-14.262,-28.824,12.29,16.779,10.37,0.831,-9.496,-54.321,-132.366,6,-0.369,-1.25,-17.436,1.16,355.481,137.893,5.437,-2.091,-16.442,114.763,178.611,-6.244,0,0
3.625,2.833,0,79.781,-2.563,-132.912,5,15,10,1,0,5.396,-1.863,-14.514,-30.183,5.13,15.664,10.696,-0.393,-9.884,-64.672,-126.824,3.237,1.978,2.042,-19.97,37.099,321.618,78.473,6.502,1.765,-14.686,110.29,183.618,-1.405,0,0
3.181,1.701,0,79.763,-1.808,-113.159,5,15,10,1,0,6.447,-6.699,-12.751,-10.824,3.16,15.13,10.243,-1.025,-12.066,-67.282,-119.618,7.527,4.606,2.4,-12.229,34.962,162.046,69.13,3.782,-0.34,-13.755,96.351,185.374,6.29,0,0
2.7,0.651,0,79.685,-7.725,-105.068,5,15,10,1,0,5.554,-5.192,-13.661,4.947,3.115,15.45,11.355,-1.978,-10.121,-60.763,-115.817,11.695,1.825,4.483,-15.431,50.061,163.893,15.084,9.563,4.565,-10.79,56.26,206.183,8.748,0,0
2.182,-0.239,0,79.364,-32.181,-89.001,5,15,10,1,0,6.416,-3.638,-12.454,3.679,-3.328,12.611,10.881,-2.646,-10.495,-51.756,-112.748,14.519,2.397,4.821,-15.714,45.313,320.489,14.473,7.884,1.88,-12.037,3.954,232.305,9.298,0,0
1.625,-0.961,0,78.671,-69.237,-72.178,5,15,10,1,0,7.686,-3.585,-14.174,5.557,-9.557,11.878,12.284,-2.261,-10.979,-43.481,-103.069,12.718,0.292,7.01,-16.971,35.695,307.191,-6.504,9.875,0.52,-12.902,-24.809,260.29,15.939,0,0
1.03,-1.455,0,77.595,-107.678,-49.393,5,15,10,1,0,5.125,-5.295,-12.363,11.115,-20.366,10.489,13.307,-1.262,-10.538,-35.176,-90.336,12.824,0.316,6.744,-15.776,8.733,285.176,-23.328,6.304,-3.729,-16.43,-24.137,272.473,30.565,0,0
0.398,-1.726,0,76.291,-130.383,-27.088,5,15,10,1,0,8.327,-4.369,-11.781,12.672,-23.954,9.588,11.613,-2.635,-11.137,-29.954,-77.786,12.595,-0.719,13.006,-21.867,-4.519,258.336,-10.137,4.898,-3.372,-20.03,-18.29,282.382,42.198,0,0
0,-1.704,0,74.771,-151.955,2.14,5,15,10,0,0,7.319,-7.02,-8.917,18.901,-35.237,7.893,13.922,-2.16,-8.51,-24.458,-66.58,14.748,-2.17,5.501,-16.368,-15.847,115.802,-6.015,6.237,-0.697,-20.042,-27.069,289.16,46.656,0,0
0,-1.752,0,72.987,-178.402,-4.761,5,15,10,0,0,7.954,-2.733,-13.312,21.603,-28,12.916,8.452,-3.535,-10.323,-11.725,-76.855,14.687,-1.696,5.735,-22.877,-66.779,188.565,-3.664,6.479,-0.69,-17.876,-46.626,301.099,50.29,0,0
0,-1.858,0,70.922,-206.52,-10.62,5,15,10,0,0,7.532,-5.073,-8.835,13.038,-38.824,9.634,9.178,-3.19,-6.452,-0.473,-79.221,16.611,-2.359,7.477,-17.254,-41.771,350.397,-37.618,7.813,0.098,-15.517,-44.962,309.969,60.031,0,0
0,-2.33,0,68.52,-240.189,-47.218,5,15,10,0,0,9.899,-6.143,-8.129,6.794,-28.565,9.466,6.582,-2.419,-7.731,5.42,-92.168,18.779,-3.013,7.84,-40.888,-494.656,278.458,-359.573,3.461,-4.076,-18.851,-29.542,315.969,70.458,0,0
0,-3.052,0,65.898,-262.208,-72.167,5,15,10,0,0,5.655,-1.471,-9.865,-23.435,-30.397,8.824,9.412,0.192,-5.808,-3.74,-96.824,12.153,-4.694,12.85,-42.162,325.496,444.076,-35.786,6.229,-3.384,-20.427,-23.038,324.061,75.344,0,0
0,-3.807,0,63.18,-271.763,-75.451,5,15,10,0,0,6.301,-4.651,-9.841,-45.496,-33.466,5.115,11.858,0.821,-6.318,-23.954,-90.015,11.374,-3.334,6.403,-36.098,186.748,378.489,-56.672,11.041,3.506,-18.36,-7.985,316.702,74.26,0,0
0,-4.436,0,60.434,-274.647,-62.954,5,15,10,0,0,6.467,-4.701,-11.501,-57.664,-40.977,3.45,14.681,1.008,-6.826,-49.084,-74.931,13.756,-2.589,6.185,-18.514,-242.626,125.191,107.481,5.482,3.71,-20.549,3.45,297.863,65.893,0,0
0,-4.792,0,57.735,-269.875,-35.545,5,15,10,0,0,6.649,-6.661,-11.489,-56.763,-52.962,1.313,14.511,-0.795,-8.363,-66.382,-54.534,22.672,-4.467,1.382,-15.455,-110.351,59.847,10.87,2.491,1.576,-23.864,6.458,289.74,54.443,0,0
0,-4.879,0,55.062,-267.357,-8.755,5,15,10,0,0,8.268,-8.057,-11.012,-38.84,-57.939,1.221,11.441,-4.57,-10.361,-69.573,-43.847,26.412,-1.899,1.643,-12.545,-96,111.634,107.115,4.996,2.608,-24.12,-1.374,272.718,51.725,0,0
0,-4.784,0,52.406,-265.515,9.544,5,15,10,0,0,7.734,-4.675,-13.4,-30.29,-65.527,-2.351,12.033,-4.464,-10.545,-54.29,-46.458,24.718,-2.615,2.419,-11.015,-57.863,31.267,61.802,5.93,3.475,-25.045,-6.962,260.107,44.87,0,0
0,-4.784,0,49.795,-261.12,0,5,15,10,0,0,6.088,-5.156,-12.761,-23.221,-72.84,-6.397,11.906,-3.372,-9.92,-37.878,-55.832,20.153,-3.65,2.079,-5.796,-30.412,5.405,53.557,6.91,2.189,-25.696,-3.099,232.55,37.725,0,0
0,-4.74,0,47.361,-243.462,4.372,5,15,10,0,0,9.525,-2.239,-12.399,-28.779,-67.649,-9.756,11.92,-2.946,-10.684,-27.023,-60.504,15.466,-2.955,0.335,-5.35,7.832,-62.412,228.031,4.22,2.673,-25.399,20.458,191.924,27.878,0,0
0,-4.521,0,45.145,-221.604,21.938,5,15,10,0,0,4.155,-3.049,-13.982,-38.26,-83.511,-17.084,17.749,-0.853,-6.804,-24.275,-48.611,11.435,-4.426,3.679,3.957,354.55,490.504,490.015,2.953,3.894,-26.173,41.542,156.916,16.26,0,0
0,-4.118,0,43.284,-186.013,40.306,5,15,10,0,0,10.78,-7.446,-10.469,-22.534,-82.779,-20.031,12.828,-0.944,-11.271,-31.053,-46.244,16.336,-3.525,2.876,-6.443,57.481,-189.802,-124.092,3.217,4.857,-25.217,65.405,115.145,0.977,0,0
0,-3.634,0,41.683,-160.092,48.386,5,15,10,0,0,10.612,-4.285,-13.503,-7.893,-85.359,-16.626,10.574,-0.146,-10.694,-34.58,-43.542,14.656,2.706,6.153,-4.148,59.038,-54.29,21.908,8.608,1.466,-23.337,90.229,74.962,9.252,0,0
0,-3.026,0,40.435,-124.844,60.745,5,15,10,0,0,7.408,-1.83,-13.762,-10.122,-92.321,-17.435,12.61,0.041,-10.854,-40.336,-37.13,8.641,4.028,7.53,11.927,376.656,1.954,200.061,9.223,9.24,-25.217,99.863,32.702,8.275,0,0
0,-2.338,0,39.618,-81.677,68.825,5,15,10,0,0,8.704,-3.267,-13.067,-10.718,-97.45,-22.672,12.239,-0.994,-9.992,-44.733,-34.626,8.443,2.462,5.619,-2.824,37.298,-65.328,7.893,3.813,3.827,-36.73,88.534,-27.389,1.985,0,0
0,-1.723,0,39.431,-18.677,61.524,5,15,10,0,0,9.479,-1.415,-12.94,-15.008,-93.206,-25.359,11.515,-1.269,-9.798,-50.275,-41.145,6.763,-1.051,2.644,-3.267,95.74,-312.565,-221.802,0.141,14.023,-31.327,34.183,-108.87,1.237,0,0
0,-1.202,0,39.812,38.075,52.048,5,15,10,0,0,11.645,-0.247,-11.599,-32.382,-89.466,-26.916,14.207,-0.714,-10.004,-56.885,-41.145,0.885,-1.03,21.905,-7.204,43.282,-147.282,-32.977,6.732,7.216,-18.387,-25.878,-145.756,0.427,0,0
0,-0.697,0,40.464,65.22,50.491,5,15,10,0,0,11.685,-3.454,-9.999,-49.588,-93.924,-29.679,12.856,0.18,-9,-61.527,-37.847,-2.137,4.297,28.593,-27.801,-97.969,-377.176,-253.435,13.848,5.293,2.208,-92.366,-104.473,12.809,0,0
0,-0.236,0,41.039,57.449,46.166,5,15,10,0,1,9.017,-0.824,-11.202,-65.588,-90.076,-28.748,14.674,-1.607,-8.035,-70.718,-33.527,-10.321,5.121,25.144,-25.076,-187.405,-319.771,-259.542,14.305,1.492,10.742,-111.084,-72.351,11.573,0,1
0,0.263,0,41.289,24.971,49.828,5,5,10,0,1,12.821,-1.806,-9.853,-74.321,-92.321,-31.618,13.908,-2.579,-8.9,-70.977,-27.985,-13.206,9.015,6.452,-10.461,-123.13,-59.74,-312,12.564,-5.166,-1.006,-128.061,-28.26,9.13,0,0
0,0.834,0.659,41.336,4.726,57.14,5,5,10,0,1,11.01,-6.72,-9.57,-73.679,-100.305,-33.557,15.405,-1.981,-8.256,-61.145,-19.328,-15.939,1.705,-5.191,-16.468,-315.435,-74.55,-232.427,24.175,-14.988,-17.817,-82.565,-36.626,-10.779,0,0
0,1.563,1.279,41.852,51.613,72.853,5,5,10,0,1,9.899,-3.092,-10.634,-70.168,-104.244,-32.855,17.723,-1.607,-7.434,-50.489,-4.061,-19.634,0.307,-5.374,-3.121,-187.221,-152.931,-329.16,11.671,-4.654,-26.089,-39.847,-124.427,-16.656,0,0
0,2.485,1.862,43.072,121.994,92.285,5,5,10,0,1,10.636,-5.02,-9.194,-55.725,-108.26,-34.26,16.554,-0.438,-8.735,-42.26,10.473,-18.015,-0.307,-5.034,3.037,-234.641,-381.221,-140.702,5.624,6.1,-20.662,-39.511,-157.084,-28.351,0,0
0,3.734,2.405,44.497,142.456,124.844,15,5,10,0,1,8.533,-6.191,-7.674,-44.611,-122.397,-35.725,18.219,0.769,-4.996,-34.916,32.626,-16.275,-0.656,0.266,-10.564,-18.855,-132.534,-289.344,12.514,8.217,-13.019,-92.397,-122.626,-28.779,0,0
0,5.349,2.911,45.536,103.947,161.534,15,5,10,0,1,10.188,-5.614,-7.41,-43.649,-122.137,-36.26,19.701,-1.959,-3.597,-34.687,53.74,-17.099,0.46,3.755,-3.545,250.595,-175.649,21.496,11.113,-2.455,-9.604,-74.641,-91.42,-16.901,0,0
0,7.415,3.378,45.76,22.35,206.566,15,5,10,0,1,8.905,-3.463,-8.974,-31.359,-132.29,-39.817,19.208,0.616,-3.77,-37.13,78.183,-14.427,7.712,4.375,-17.297,97.511,-404.351,-174.473,14.406,-9.499,-15.623,-42.611,-52.84,-10.458,0,0
0,9.861,3.807,44.932,-82.707,244.595,15,5,10,0,1,14.346,-9.729,-3.873,-15.298,-142.947,-41.115,15.424,1.734,-3.858,-39.405,103.267,-6.534,6.826,-1.344,-16.327,4.412,438.214,-69.618,3.24,-12.876,-19.728,0.443,-28.122,-23.42,0,0
0,12.527,4.198,43.526,-140.682,266.591,15,5,10,0,1,9.784,-3.135,-13.347,-18.58,-143.145,-35.084,15.963,-1.645,-3.875,-40.763,127.878,-19.206,1.011,2.635,-19.761,13.344,-163.206,-5.191,16.305,-7.676,-14.938,52.855,14.992,-28.58,0,0
0,15.519,4.55,41.399,-212.712,299.183,15,5,10,0,1,10.21,-7.178,-10.792,-12.427,-165.282,-39.603,15.115,-0.122,-5.173,-41.969,146.962,-16.168,0.738,4.086,-18.803,32.046,-183.695,11.45,13.812,-3.097,-16.427,82.885,37.298,-27.878,0,0
0,18.742,4.865,38.593,-280.564,322.312,15,5,10,0,1,8.737,-8.66,-15.936,-8.931,-171.618,-29.725,13.659,-3.621,-8.009,-29.359,161.069,-23.802,2.476,7.938,-29.363,104.901,208.244,191.756,13.862,-2.984,-12.749,98.489,63.664,-13.237,0,0
0,22.316,5.14,35.099,-349.354,357.388,15,5,10,0,1,10.437,-3.111,-22.252,7.588,-188.901,-25.893,16.485,-6.153,-7.061,-3.221,180.366,-21.679,-1.047,1.842,-16.336,86.504,-213.084,30.748,2.97,-8.023,-17.235,127.725,88.824,-9.13,0,0
0,26.311,5.378,31.218,-388.173,399.56,15,5,10,0,1,8.569,-5.288,-20.018,29.893,-213.481,-32.947,15.704,-6.656,-9.068,14.443,197.542,-7.679,-0.196,4.945,-17.757,147.71,117.374,124.275,7.851,-3.827,-4.543,144.015,64.672,-13.74,0,0
0,30.739,5.577,27.072,-414.586,442.761,15,5,10,0,1,12.725,-8.847,-18.657,58.534,-216.153,-43.389,13.446,-7.623,-11.989,35.985,206.748,13.221,-3.03,6.215,-14.315,54.26,-232.809,25.191,3.81,-0.798,-16.911,174.305,40.122,-20.58,0,0
0,35.349,5.738,23.296,-377.553,461.026,15,5,10,0,1,12.454,-11.254,-13.676,92.595,-216.076,-46.473,14.322,-3.102,-12.813,66.427,217.359,30.794,3.813,2.326,-11.463,50.015,-216.061,26.58,6.864,-1.209,-16.365,186.718,11.832,-8.015,0,0
0,40.022,5.86,20.491,-280.472,467.263,15,5,10,0,1,9.599,-10.742,-21.194,130.061,-215.313,-44.55,9.963,-8.545,-15.393,89.023,232.962,80.473,1.49,6.343,-12.382,118.397,-361.527,78.168,8.833,9.094,-13.462,150.962,-0.214,-6.718,0,0
0,44.768,5.945,18.587,-190.43,474.599,15,5,10,0,1,11.144,-1.415,-23.677,127.298,-206.382,-45.45,13.431,-0.223,-12.028,94.885,223.313,81.313,0.675,9.169,-13.613,136.198,402.687,23.084,10.375,13.949,-10.426,61.023,-3.679,-16.092,0,0
0,49.525,5.991,17.229,-135.853,475.709,15,5,10,0,1,12.847,-11.597,-18.444,175.588,-187.008,-41.618,14.495,-1.966,-15.944,76.229,233.863,91.603,6.371,9.501,-13.544,63.618,-259.863,-30.931,10.521,7.077,-8.133,-10.321,-1.466,-22.733,0,0
0,53.978,5.998,16.141,-108.788,445.313,15,5,10,0,1,-3.511,1.324,-24.908,186.137,-172.672,-35.985,23.914,-6.613,-11.455,90.748,234.397,94.489,3.985,2.554,-15.611,65.206,-493.328,-180.519,8.72,1.904,-8.236,-27.618,-3.969,-22.153,0,0
0,57.761,5.968,15.13,-101.12,378.354,15,5,10,0,1,12.768,-2.419,-19.318,206.137,-123.344,-40.076,21.399,-5.535,-14.437,88.656,230.107,110.855,1.025,9.767,-13.374,2.977,494.214,-99.359,11.281,1.31,-6.476,-19.924,3.649,-18.168,0,0
0,60.962,5.899,13.918,-121.205,320.023,15,5,10,0,1,7.719,-2.096,-16.435,191.053,-94.901,-44.672,17.026,-3.13,-10.186,112.702,228.183,109.252,0.939,8.277,-12.603,4.58,-133.542,-17.405,10.866,-1.926,-8.339,3.954,9.176,-14.168,0,0
0,63.759,5.791,12.618,-129.982,279.786,15,5,10,0,1,8.553,4.369,-18.981,173.664,-59.176,-45.878,13.776,-3.351,-10.766,114.29,216.947,97.771,2.577,5.695,-11.154,3.252,484.443,-50.992,9.695,1.751,-6.639,34.198,10.305,-8.076,0,0
0,66.198,5.646,11.185,-143.223,243.897,15,5,10,0,1,7.089,2.453,-17.069,148.687,-37.389,-43.969,11.87,-1.085,-9.774,120.397,207.405,83.679,3.008,6.217,-11.316,0.351,470.397,-32.489,9.029,1.595,-8.771,40.168,12.214,-5.557,0,0
0,68.436,5.462,9.703,-148.247,223.778,15,5,10,0,1,6.802,0.999,-14.825,112.382,-18.855,-37.634,12.605,-0.002,-10.928,115.511,205.511,62.427,5.329,5.37,-11.4,26.489,485.298,-29.13,6.287,-2.429,-12.437,66.718,4.977,-0.336,0,0
0,70.461,5.24,8.561,-114.247,202.481,15,5,10,0,1,6.62,1.758,-15.307,78.534,13.542,-27.954,13.041,1.31,-12.143,108.122,206.427,39.069,3.252,4.626,-38.263,285.893,103.557,-187.115,10.22,5.695,-8.409,54.931,4.26,5.725,0,0
0,72.373,4.979,7.633,-92.72,191.197,15,5,10,0,1,4.093,3.209,-16.583,21.771,33.344,-28.153,13.45,1.542,-12.459,95.527,209.985,22.55,5.504,6.998,-11.273,43.771,-115.496,-53.557,10.849,3.868,-9.702,31.649,-2.519,0.718,0,0
0,74.076,4.681,6.908,-72.498,170.334,15,5,10,0,1,4.349,0.381,-17.163,-13.328,57.74,-26.595,13.036,-0.129,-10.394,83.969,211.893,7.588,4.907,7.063,-12.124,49.588,-107.527,-28.794,9.776,-0.345,-10.837,15.695,-3.969,-2.153,0,0
0,75.577,4.344,6.341,-56.728,150.101,15,5,10,0,1,3.432,0.57,-17.908,-36,79.42,-21.359,11.587,-0.184,-10.969,76.763,209.328,-4.58,4.771,6.392,-11.518,44.443,-91.802,-19.786,9.779,2.196,-6.792,5.481,-12.107,-1.511,0,0
0,76.837,3.968,5.88,-46.143,126.011,15,5,10,0,1,3.432,0.105,-18.2,-48.443,100.687,-16.916,11.297,0.496,-10.643,69.023,203.557,-17.344,2.694,6.304,-10.792,42.244,-85.557,-5.191,8.478,2.706,-6.589,-0.351,-15.115,-4.076,0,0
0,77.885,3.555,5.443,-43.625,104.737,15,5,10,0,1,-3.312,6.126,-21.064,-65.374,116.29,-12.962,14.749,0.896,-10.749,57.496,199.359,-34.794,3.485,6.677,-11.666,37.206,-324.351,-0.366,7.686,-1.157,-9.12,6.061,-18.809,-6.397,0,0
0,78.507,3.103,5.121,-32.227,62.222,15,5,10,0,1,3.413,-0.026,-17.86,-58.58,150.702,-13.786,12.936,-1.844,-11.664,43.435,187.802,-34.473,4.73,5.044,-10.349,22.763,-136.87,-0.397,9.602,2.215,-6.227,10.794,-25.71,-2.901,0,0
0,78.734,2.612,4.913,-20.805,22.694,15,5,10,0,1,2.316,-4.366,-15.189,-45.221,174.534,-12.977,9.717,-0.733,-11.927,42.168,175.511,-29.771,6.294,5.512,-14.82,245.237,-490.382,14.779,8.498,2.098,-8.617,14.748,-32.26,-5.756,0,0
0,78.617,2.084,4.854,-5.939,-11.662,15,5,10,0,1,0.639,2.623,-20.362,-43.527,196.397,-16.092,11.635,0.649,-10.873,37.634,168.916,-32.321,6.833,5.441,-10.33,14.794,-206.672,-5.435,8.989,6.476,-7.037,1.863,-35.847,-4.137,0,0
0,78.295,1.517,4.927,7.347,-32.227,15,5,10,0,1,2.79,0.237,-19.948,-12.015,224.336,-14.656,10.349,-1.813,-11.748,41.282,158.168,-29.908,5.477,7.741,-11.64,21.939,-205.145,-4.153,7.717,1.083,-8.617,-2.275,-42,-4.977,0,0
0,77.665,0.912,5.059,13.195,-63.023,15,5,10,0,1,-0.419,-4.093,-17.548,13.954,232.779,-16.947,8.399,-1.557,-12.274,44.748,148.58,-15.527,0.235,9.642,-15.692,20.046,-115.74,-46.534,13.585,4.17,-5.362,-10.473,-34.656,-3.74,0,0
0,76.724,0.268,5.063,0.366,-94.094,15,5,10,0,1,1.236,-1.801,-19.349,32.87,251.969,-23.618,5.53,-0.747,-13.134,52.076,137.16,-8.748,-0.213,9.681,-16.382,8.412,-110.366,-46.229,9.391,0.199,-8.653,-0.611,-42.214,-4.947,0,0
0,75.614,0,5.067,0.378,-110.962,15,5,10,0,1,1.159,-3.046,-19.024,40.687,259.298,-30.977,5.635,-0.905,-12.169,60.198,127.786,-4.122,2.948,6.538,-12.583,-3.511,-58.809,-8.366,9.575,1.205,-8.598,5.511,-45.649,-2.366,0,0
0,74.321,0,5.063,-0.378,-129.318,15,5,10,0,1,2.038,-1.997,-19.522,45.252,269.176,-34.137,4.735,-1.102,-12.114,67.115,116.183,-2.58,2.587,5.798,-13.067,-2.397,-60.824,-8.55,10.095,1.698,-8.84,5.573,-46.718,-2.489,0,0
0,72.882,0,5.041,-2.163,-143.898,15,5,10,0,1,1.705,-1.964,-19.771,41.496,273.74,-36.397,4.225,0.184,-12.267,74.321,103.084,-1.053,3.214,4.965,-12.964,3.74,-61.16,-8.87,9.336,1.236,-9.379,5.985,-50.427,-1.878,0,0
0,71.267,0,5.037,-0.401,-161.499,15,5,10,0,1,1.305,-1.679,-19.16,25.725,275.649,-36.885,3.878,0.726,-12.94,81.328,89.847,-3.45,2.967,4.924,-13.52,11.389,-61.786,-9.328,10.299,1.31,-8.759,2.931,-50.092,-2.901,0,0
0,69.532,0,5.026,-1.099,-173.55,15,5,10,0,1,1.305,-1.439,-19.294,13.786,278.458,-35.023,4.318,-2.184,-11.149,90.412,74.229,-8.87,3.092,4.579,-13.68,18.153,-124.198,-16.366,10.05,0.496,-9.927,4.947,-51.466,-4.366,0,0
0,67.601,0,5.023,-0.332,-193.039,15,5,10,0,1,2.409,-2.242,-19.831,-1.863,278.611,-32.214,4.807,-0.944,-10.723,95.13,61.985,-14.305,1.775,4.974,-14.957,24.916,-65.374,-8.84,10.833,0.73,-9.839,7.603,-50.55,-5.374,0,0
0,65.533,0,5.023,-0,-206.864,15,5,10,0,1,2.802,-2.529,-20.315,-10.061,279.206,-25.588,3.983,0.74,-11.235,99.496,48.229,-26.733,2.582,4.1,-13.587,29.603,-133.725,-18.534,9.992,-0.177,-9.525,15.496,-53.985,-4.794,0,0
0,63.321,0,5.008,-1.476,-221.192,15,5,10,0,1,3.624,-1.679,-22.132,-18.733,277.405,-20.611,2.79,1.993,-10.452,91.679,35.206,-36.26,2.359,4.402,-14.483,42.305,-136.534,-22.473,11.875,-0.457,-8.572,28.321,-55.679,-4.061,0,0
0,61.061,0,4.986,-2.254,-225.998,15,5,10,0,1,2.014,2.072,-27.104,-24.641,275.221,-14.718,2.076,2.874,-10.5,77.267,21.313,-51.985,3.262,11.972,-17.79,94.336,-278.061,-40.855,9.022,1.284,-8.737,30.397,-60.26,-2.885,0,0
0,58.652,0,4.978,-0.71,-240.921,15,5,10,0,1,-0.105,-3.48,-23.725,-23.939,257.145,-11.13,3.923,3.803,-8.035,51.649,11.664,-52.153,3.291,7.419,-26.47,382.504,-133.389,-203.237,10.097,1.753,-9.262,30.656,-61.725,-2.473,0,0
0,56.245,0,4.975,-0.332,-240.658,15,5,10,0,1,1.854,-3.6,-23.366,-28.595,242.931,-6.061,3.214,3.137,-7.616,27.42,1.405,-47.481,4.057,6.385,-13.723,47.267,-69.053,-28.061,10.861,2.266,-8.893,27.466,-63.359,-2.641,0,0
0,53.843,0,4.975,-0,-240.212,15,5,10,0,0,1.039,-1.468,-26.017,-32.504,229.328,-1.588,3.025,2.28,-6.641,14.702,-15.786,-49.221,3.849,6.607,-16.665,86.275,-269.939,-61.008,10.126,2.012,-8.241,25.542,-65.145,-3.084,0,0
0,51.539,0,4.975,-0,-230.347,15,5,10,0,0,1.114,-2.754,-26.405,-41.328,200.748,1.13,2.227,1.576,-6.469,3.176,-28.412,-42.473,3.415,4.774,-20.789,343.908,-69.389,-262.351,10.148,1.48,-8.133,28.046,-66.672,-2.656,0,0
0,49.372,0,4.975,-0,-216.774,15,5,10,0,0,0.532,-4.117,-27.207,-44.748,169.756,5.267,3.118,1.492,-4.649,-5.389,-41.634,-37.267,2.081,5.315,-13.199,49.145,-67.237,-21.679,9.491,2.285,-8.751,29.756,-71.053,-7.466,0,0
0,47.401,0,4.975,-0,-197.068,15,5,10,0,0,1.253,-6.265,-26.245,-46.992,135.481,9.893,3.995,1.152,-3.851,-11.832,-50.687,-32.122,4.397,4.551,-12.303,53.954,-65.878,-33.527,10.279,-0.795,-8.993,42.015,-77.237,-4.397,0,0
0,45.636,0,5.016,4.051,-176.503,15,5,10,0,0,0.786,-5.568,-26.372,-48.305,102.748,17.634,4.371,2.587,-5.518,-15.878,-59.649,-27.802,5.691,4.828,-11.379,64.565,-250.885,-48.122,10.488,-2.57,-9.159,62.656,-82.229,2.504,0,0
0,44.068,0,5.03,1.431,-156.75,15,5,10,0,0,0.141,-5.159,-26.225,-60.794,67.771,22.931,5.418,1.147,-3.937,-19.374,-69.511,-21.557,6.486,4.57,-10.624,75.359,-63.298,-6.763,9.245,-0.445,-9.556,65.389,-80.672,10.229,0,0
0,42.739,0,5.056,2.563,-132.889,15,5,10,0,0,0.429,-5.932,-26.558,-67.481,34.214,25.221,6.304,-0.422,-4.103,-24.534,-80.489,-18.031,5.018,4.572,-12.021,70.763,-121.908,-4.885,13.07,-0.714,-9.285,66.626,-73.817,13.313,0,0
0,41.707,0,5.11,5.482,-103.283,15,5,10,0,0,8.11,-6.308,-23.349,-66.824,13.16,9.817,13.374,-2.654,-1.035,-39.221,-78.443,-11.603,6.055,4.524,-13.067,87.557,-250.015,41.038,9.688,-1.109,-11.934,79.313,-86.672,15.603,0,0
0,40.941,0,5.509,39.906,-76.595,15,5,10,0,0,2.278,-5.338,-31.983,-76.809,-27.176,3.099,10.751,-2.893,-2.467,-11.939,-79.786,0.351,6.208,6.138,-13.038,95.771,-155.969,13.069,9.633,2.96,-7.98,75.634,-107.466,18.397,0,0
0,40.465,0,6.228,71.812,-47.608,15,5,10,0,0,-5.518,-3.128,-38.531,-49.771,-83.008,1.359,8.938,-1.487,-4.452,-10.565,-87.954,14.55,7.54,10.111,-21.028,-187.252,-469.985,225.71,10.459,2.917,-9.798,64.519,-117.13,19.359,0,0
0,40.458,0,7.117,88.989,-0.652,15,5,10,1,0,5.434,-5.861,-17.687,-27.557,-112.992,-8.473,13.264,-2.91,-4.754,0.366,-85.771,30.733,5.08,0.485,-18.121,185.786,-130.076,14.29,13.853,3.049,-8.059,41.817,-114.244,20.947,1,0
0,40.637,0,8.084,96.668,17.933,5,5,10,1,0,14.14,-7.3,-5.128,-8.351,-83.252,-13.939,20.904,-4.17,-3.784,13.985,-61.206,39.527,7.939,2.197,-21.383,-426.031,-425.771,105.038,13.585,2.213,-8.682,36.473,-129.588,24.687,0,0
0.662,40.938,0,9.058,97.367,30.041,5,5,10,1,0,8.541,-6.605,-7.585,14.763,-66.107,-0.672,17.196,-3.171,-3.717,40.687,-33.069,51.969,10.071,9.8,-12.435,48.901,-24.092,28.244,14.715,1.059,-8.189,27.527,-131.374,26.504,0,0
1.286,41.527,0,10.088,102.974,58.903,5,5,10,1,0,6.845,-4.175,-8.95,30.84,-77.71,5.603,11.422,-2.041,-4.232,48.29,-15.511,81.008,10.22,8.979,-13.18,30.061,-12.885,65.649,19.986,1.214,-2.419,24.687,-134.595,27.45,0,0
1.871,42.471,0,11.16,107.254,94.46,5,15,10,1,0,2.936,-4.639,-16.411,35.71,-96.336,3.496,6.768,-0.426,-3.061,52.321,-17.481,101.176,13.453,8.684,-9.82,12.504,13.603,24.168,15.213,-0.326,-5.59,29.908,-146.366,25.313,0,0
2.417,43.53,0,12.519,135.876,105.869,5,15,10,1,0,0.855,-3.724,-25.691,68.87,-105.206,0.763,4.098,-2.254,-5.719,39.145,-43.298,96.092,8.023,9.465,-4.033,-81.588,283.481,167.084,14.119,1.945,-5.992,20.412,-154.84,22.626,0,0
2.925,44.395,0,14.221,170.254,86.437,5,15,10,1,0,4.745,0.443,-27.409,75.344,-106.84,-5.298,7.053,-2.809,-8.533,39.099,-64.275,78.504,9.132,6.265,-10.289,-31.267,103.084,25.13,16.868,2.838,-4.472,-3.435,-155.542,16.87,0,0
3.394,44.852,0,16.18,195.912,45.742,5,15,10,1,0,10.035,-0.917,-20.734,89.145,-88.824,-7.023,11.309,-2.278,-11.36,37.985,-78.092,52.336,10.301,5.552,-7.106,-48.947,63.893,14.473,9.582,1.954,-6.924,-27.221,-174.092,15.069,0,0
3.824,44.654,0,18.466,228.562,-19.764,5,15,10,1,0,10.648,0.462,-17.1,82.519,-59.45,4.779,14.023,-0.73,-11.829,36.275,-98.458,36.55,14.246,5.681,-2.218,-50.87,88.382,11.252,11.163,3.856,-2.668,-39.664,-196.076,17.939,0,0
4.215,43.647,0,21.205,273.892,-100.685,5,15,10,1,0,11.757,1.332,-14.562,42.198,-21.878,19.786,15.386,2.596,-12.27,32.473,-122.748,14.58,6.385,13.364,13.527,-395.237,-8.794,89.649,22.334,-0.012,3.106,-48.702,-190.214,16.901,0,0
4.567,41.974,0,24.216,301.095,-167.324,5,15,10,1,0,10.605,5.815,-18.664,-14.275,0.992,32.015,14.71,-1.023,-12.418,18.198,-146.916,4.763,11.867,5.643,-5.482,-52.733,153.221,23.756,20.724,3.2,3.499,-67.481,-174.947,18.58,0,0
4.881,39.755,0,27.42,320.424,-221.959,5,15,10,1,0,7.662,3.688,-20.77,-62.275,26.885,39.252,13.673,6.68,-11.175,20.947,-159.206,3.649,0.747,15.874,-3.482,-120.672,361.649,20.58,17.352,3.408,-3.118,-72.687,-161.863,22.534,0,0
5.156,37.228,0,30.844,342.385,-252.709,5,15,10,1,0,6.479,1.348,-17.927,-118.382,34.901,41.344,11.4,3.645,-13.027,-31.924,-181.695,-6.214,7.745,10.366,-10.555,-74.489,199.084,2.977,15.18,3.978,-11.997,-78.046,-165.985,24.107,0,0
5.393,34.251,0,34.663,381.936,-297.673,5,15,10,1,0,12.198,2.247,-14.138,-132.458,52.244,46.901,10.866,3.552,-11.616,-66.244,-192.076,-10.382,8.426,3.014,-15.86,-196.855,423.618,-14.015,12.835,7.422,-15.048,-95.282,-191.191,18.901,0,0
5.59,31.046,0,38.849,418.591,-320.447,5,15,10,1,0,0.556,7.611,-13.285,-161.649,56.656,58.885,7.944,3.473,-9.786,-82.534,-204.733,-14.351,1.049,16.498,-21.641,-235.053,453.053,-46.015,14.155,14.847,-15.678,-123.679,-218.992,18.718,0,0
5.749,27.585,0,43.457,460.729,-346.127,5,15,10,1,0,5.324,6.991,-18.698,-186.504,54.107,64.427,7.077,2.182,-5.185,-90.687,-213.74,-16.824,9.194,6.487,-24.817,-271.969,486.489,-120.427,15.611,6.737,-18.937,-154.748,-218.702,21.252,0,0
5.869,24.22,0,48.265,480.836,-336.491,5,15,10,1,0,5.81,-0.187,-18.228,-187.206,42.855,56.229,8.093,1.492,-5.07,-115.405,-201.786,-21.053,6.433,6.961,-27.342,-289.771,-495.588,-135.664,17.074,-1.638,-18.379,-162.595,-211.206,13.374,0,0
5.95,21.071,0,53.248,498.345,-314.919,5,15,10,1,0,2.524,-7.458,-16.15,-171.664,21.344,47.237,4.321,1.547,-9.192,-130.763,-191.557,-10.641,8.5,0.865,-18.104,-138.519,260.534,-156.641,11.589,6.129,-16.806,-162.534,-208.901,20.229,0,0
5.993,18.61,0,58.244,499.558,-246.117,5,15,10,1,0,8.296,-9.444,-13.836,-152.153,16.29,40.718,14.432,2.749,-7.868,-135.924,-166.214,-8.855,7.745,0.653,-28.927,-249.282,199.802,354.565,12.483,5.712,-22.192,-158.244,-200.168,6.198,0,0
5.997,16.676,0,63.188,494.397,-193.406,5,15,10,1,0,4.026,-7.154,-15.98,-110.84,2.443,39.496,13.599,-1.344,-9.381,-150.031,-147.603,2.198,7.216,2.009,-20.607,-68.229,271.038,-113.435,13.125,6.481,-15.807,-193.557,-169.954,-0.824,0,0
5.962,15.101,0,67.659,447.099,-157.471,5,15,10,1,0,8.895,-12.672,-12.804,-60.489,14.214,37.191,11.12,-6.33,-11.132,-138.107,-139.771,23.099,6.313,7.329,-22.983,-48.412,229.298,-160.427,11.745,-3.195,-14.059,-170.519,-124.947,-3.115,0,0
5.888,13.6,0,71.332,367.322,-150.147,5,15,10,1,0,4.766,-3.427,-16.554,-45.405,9.588,36.351,9.592,-9.815,-11.269,-119.725,-144.87,29.069,5.978,9.49,-20.008,-77.802,469.176,-138.901,9.113,-4.522,-10.124,-121.817,-84,-1.588,0,0
5.776,12.223,0,74.229,289.673,-137.661,5,15,10,1,0,8.177,-8.555,-14.928,-34.901,10.107,26.58,8.416,-8.555,-10.229,-89.542,-145.038,35.939,7.08,2.129,-15.352,-21.985,431.679,-178.137,13.261,-12.785,-13.611,-55.832,-24.641,4.779,0,0
5.625,10.765,0,76.411,218.239,-145.787,5,15,10,1,0,6.718,-7.056,-15.63,-21.496,9.985,25.786,10.5,-7.319,-8.665,-69.16,-146.366,31.481,5.362,4.373,-16.138,-30.351,386.702,-39.084,8.05,-7.336,-11.69,11.71,18.473,11.786,0,0
5.435,9.348,0,77.971,155.995,-141.735,5,15,10,1,0,6.804,-3.957,-14.329,-34.809,8.443,19.496,9.7,-4.848,-9.053,-57.282,-143.389,25.725,5.216,3.403,-13.376,-43.115,357.527,3.908,7.494,-3.379,-13.549,58.397,50.366,12.153,0,0
5.207,7.964,0,79.07,109.886,-138.405,5,15,10,1,0,6.665,-7.36,-12.488,-30.489,10.504,17.282,9.211,-3.846,-8.304,-47.13,-134.901,20.489,2.742,3.329,-14.784,-36.031,322.198,72.672,6.512,-1.497,-15.752,81.786,82.412,3.969,0,0
4.939,6.638,0,79.894,82.386,-132.534,5,15,10,1,0,4.337,-1.971,-13.309,-34.122,6.519,14.183,10.385,-2.251,-7.808,-48.26,-130.763,14.458,2.225,2.455,-14.528,-26.809,317.588,-452.519,5.827,2.414,-14.943,86.87,100.504,-1.313,0,0
4.633,5.426,0,80.403,50.915,-121.25,5,15,10,1,0,6.162,-6.287,-11.783,-33.588,5.466,9.038,9.082,-1.308,-9.329,-54.351,-125.359,12.122,2.05,8.638,-18.552,-25.496,326.87,64.305,3.909,2.115,-15.987,80.183,114.931,-4.351,0,0
4.288,4.32,0,80.744,34.046,-110.539,5,15,10,1,0,6.867,-6.076,-12.401,-32.687,7.237,9.847,10.375,-0.036,-8.541,-49.237,-115.618,13.389,2.074,4.207,-19.098,2.809,320.763,57.71,0.357,0.16,-18.557,67.695,130.916,-4.427,0,0
3.905,3.39,0,81.03,28.633,-93.041,5,15,10,1,0,6.294,-4.201,-12.298,-12.58,-2.443,8.153,11.618,-0.146,-8.756,-55.679,-103.374,11.863,1.289,8.719,-21.886,35.389,314.779,13.496,3.899,2.587,-14.516,49.725,144.229,-0.107,0,0
3.483,2.642,0,81.169,13.859,-74.764,5,15,10,1,0,6.867,-5.41,-12.203,-3.099,-8.458,6.824,11.374,-0.879,-7.724,-55.74,-97.221,10.504,1.878,1.254,26.498,200.824,472.672,162.198,5.271,1.044,-14.217,27.664,164.641,3.969,0,0
3.022,2.064,0,81.198,2.975,-57.804,5,15,10,1,0,3.334,-5.013,-11.302,3.969,-19.45,8.733,12.001,-1.327,-7.923,-53.695,-88.55,10.916,2.654,7.725,-31.116,257.344,383.023,31.756,6.725,-1.703,-15.493,17.328,180.107,12.137,0,0
2.522,1.617,0,81.066,-13.229,-44.701,5,15,10,1,0,4.979,-5.631,-11.896,15.863,-21.389,7.008,12.43,-0.742,-7.865,-50.336,-82.031,11.42,1.097,10.101,-35.14,232.305,346.366,-159.511,10.253,4.4,-9.638,-2.046,194.672,19.695,0,0
1.983,1.284,0,80.678,-38.807,-33.337,5,15,10,1,0,5.382,-1.674,-14.248,14.229,-23.985,6.519,11.106,-2.426,-9.853,-46.29,-81.023,8.55,0.548,6.079,-16.459,8.244,277.542,-54.473,7.41,-2.793,-15.134,-10.672,210.427,23.481,0,0
1.406,1.127,0,80.027,-65.14,-15.701,5,15,10,1,0,6.752,-5.772,-11.424,24.794,-29.939,3.053,8.565,-2.589,-10.636,-34.947,-76.489,10.122,0.798,7.277,-21.244,2.229,264.931,-27.481,8.263,1.049,-13.788,-28.824,231.588,32.718,0,0
0.79,1.097,0,79.041,-98.534,-2.987,5,15,10,1,0,6.359,-6.78,-11.467,26.473,-39.282,0.916,11.249,-2.79,-8.926,-20.076,-62.962,11.542,0.493,9.229,-33.262,-76.458,-16.015,-286.534,7.441,-1.844,-16.296,-21.511,243.511,44.519,0,0
0.136,1.134,0,77.795,-124.569,3.662,5,15,10,0,0,6.088,-4.792,-12.538,31.221,-40.382,1.145,10.399,-3.751,-10.157,-11.954,-63.771,6.611,-0.608,6.601,-15.683,-28.519,220.809,-28.977,6.203,-0.96,-17.031,-32.962,258.412,54.137,0,0
0,1.2,0,76.305,-149.037,6.592,5,15,10,0,0,7.896,-5.47,-11.333,34.397,-40.733,0.656,8.385,-4.443,-10.785,4.29,-64.763,6.855,-0.963,4.968,-20.746,-90.473,193.634,-57.099,5.247,-1.554,-17.649,-34.122,267.023,58.366,0,0
0,1.16,0,74.591,-171.376,-4.005,5,15,10,0,0,6.974,-4.397,-13.005,34.824,-42.626,1.664,8.759,-3.827,-10.184,17.389,-73.038,6.885,-1.217,7.489,-14.049,-53.802,183.802,-64.366,5.923,-0.323,-16.562,-32.687,274.87,62.153,0,0
0,1.105,0,72.658,-193.314,-5.459,5,15,10,0,0,8.735,-1.978,-14.243,22.55,-41.603,-1.191,8.236,-1.08,-10.981,21.664,-81.847,8.214,-2.163,5.489,-14.681,-69.405,66,-54.595,6.529,-1.406,-16.823,-28.794,284.885,65.786,0,0
0,1.068,0,70.538,-212.059,-3.719,5,15,10,0,0,4.256,-5.427,-12.253,23.878,-51.939,-2.473,10.078,-0.333,-9.712,19.389,-80.656,9.313,-3.442,6.027,-20.118,-155.084,137.664,-30.534,8.402,1.059,-15.548,-22.672,292.26,69.679,0,0
0,0.915,0,68.253,-228.505,-15.324,5,15,10,0,0,10.004,-6.289,-9.999,31.817,-40.901,-0.443,8.167,-1.765,-10.852,14.305,-83.191,12.779,-4.591,2.784,-20.995,-185.282,187.832,-114.076,4.191,-1.231,-18.408,-7.13,286.885,69.053,0,0
0,0.523,0,65.821,-243.187,-39.173,5,15,10,0,0,11.76,-0.814,-12.239,13.42,-31.176,1.344,7.156,-1.732,-11.118,7.282,-94.26,8.977,-5.226,4.424,-15.481,-98.992,72.962,-28.397,5.532,-1.526,-19.455,-14.137,294.87,67.16,0,0
0,0.05,0,63.276,-254.46,-47.241,5,15,10,0,0,7.923,-4.333,-10.04,-8.153,-38.504,-0.076,8.711,1.82,-9.309,-3.542,-92.748,7.969,-2.666,5.07,-13.211,-99.053,63.74,-16.641,11.487,4.596,-15.716,-15.618,292.214,67.603,0,0
0,-0.485,0,60.632,-264.405,-53.524,5,15,10,0,0,5.53,-1.413,-13.027,-23.145,-39.344,2.595,10.437,1.138,-8.205,-19.435,-85.42,4.305,-2.46,5.088,-15.007,-190.229,77.802,21.924,7.786,1.878,-19.507,-14.794,285.053,62.84,0,0
0,-1.034,0,57.896,-273.56,-54.886,5,15,10,0,0,5.858,-3.073,-12.088,-29.908,-40.198,0.947,11.467,1.856,-8.318,-37.282,-80.275,4.397,-3.25,3.527,-14.423,-172.916,14.168,71.206,5.046,-1.715,-21.946,-21.618,279.45,56.321,0,0
0,-1.496,0,55.091,-280.552,-46.211,5,15,10,0,0,5.08,-4.658,-11.666,-38.977,-46.275,-0.748,13.728,1.344,-7.829,-51.252,-69.42,5.664,-1.763,1.768,-11.875,-72.977,11.237,30.107,7.71,-0.081,-20.686,-28.595,275.252,55.206,0,0
0,-1.825,0,52.245,-284.558,-32.948,5,15,10,0,0,8.933,-3.305,-13.671,-42.473,-43.069,0.031,13.501,-2.654,-9.046,-61.16,-62.672,3.13,-2.829,2.611,-10.691,-51.786,-5.618,22.046,7.762,1.849,-20.267,-27.802,264.611,50.214,0,0
0,-1.997,0,49.451,-279.431,-17.212,5,15,10,0,0,5.08,-4.809,-13.467,-38.015,-55.099,-5.908,14.502,-1.26,-8.89,-57.374,-59.008,7.496,-3.19,1.332,-9.307,-29.695,-28.183,28.153,9.547,0.24,-20.547,-15.389,242.824,40.687,0,0
0,-1.986,0,46.833,-261.853,1.156,5,15,10,0,0,9.216,-6.878,-10.121,-33.527,-59.16,-8.702,10.428,-4.493,-11.142,-46.458,-55.221,13.008,-1.806,-0.283,-4.426,-8.443,-80.916,99.359,7.458,1.765,-20.444,11.725,210.687,33.053,0,0
0,-1.972,0,44.423,-240.956,1.431,5,15,10,0,0,7.865,-4.797,-12.116,-26.229,-61.008,-8.748,11.733,-3.482,-10.833,-29.74,-54.092,12.244,-0.872,0.939,4.876,146.55,-407.939,-122.137,6.874,2.402,-21.244,35.282,184.198,22,0,0
0,-1.949,0,42.208,-221.524,2.209,5,15,10,0,0,9.618,-6.481,-10.55,-21.664,-64.305,-11.16,10.938,-2.302,-11.213,-19.939,-48.977,10.748,-0.896,1.629,-5.695,36.595,-64.702,40.244,5.669,5.909,-21.867,54.733,153.542,8.076,0,0
0,-1.902,0,40.343,-186.448,4.749,5,15,10,0,0,8.11,-2.898,-13.668,-20.275,-62.076,-11.389,10.351,-2.457,-11.103,-11.878,-50.87,5.267,-0.46,7.046,0.196,100.443,-72.885,0.611,6.205,6.323,-21.368,75.924,111.649,-8.183,0,0
0,-1.792,0,38.82,-152.287,10.986,5,15,10,0,0,6.033,-0.625,-15.517,-28.672,-70,-15.985,13.113,0.364,-10.095,-16.305,-49.42,0.031,0.299,2.742,-4.369,62.061,-183.695,0.244,5.111,5.901,-20.803,88.916,73.695,-22.168,0,0
0,-1.393,0,37.604,-121.639,39.883,5,15,10,0,0,7.07,-4.613,-13.228,-29.282,-78.046,-19.267,12.361,-0.915,-11.36,-25.603,-36.183,0.84,3.815,5.207,-2.975,68.534,-89.282,4.366,9.278,2.096,-21.083,102.046,40.183,-19.267,0,0
0,-0.869,0,36.814,-79.044,52.403,5,15,10,0,0,8.72,-4.469,-14.531,-17.115,-83.71,-19.435,12.272,0.038,-11.58,-34.137,-31.496,3.863,2.951,9.963,4.848,-444.351,-381.573,-10.504,8.565,5.518,-23.347,104.489,9.771,-14.305,0,0
0,-0.327,0,36.436,-37.743,54.234,5,15,10,0,0,10.145,-3.379,-14.092,-8.229,-79.847,-19.176,10.145,-1.14,-12.447,-35.359,-40.137,2.885,6.179,9.618,15.117,383.252,-385.725,-26.382,1.799,4.673,-31.897,104.412,-52.672,-5.496,0,0
0,0.2,0,36.7,26.367,52.666,5,15,10,0,0,11.19,-2.412,-13.113,-15.786,-81.313,-21.435,11.86,-2.304,-11.683,-34.244,-39.954,3.557,-1.962,5.036,-12.152,126.763,490.489,-150.84,0.244,9.436,-32.12,45.985,-100.855,-0.779,0,0
0,0.658,0,37.271,57.163,45.857,5,15,10,0,0,10.375,-1.705,-12.334,-27.985,-81.649,-23.985,13.597,-1.085,-10.517,-38.29,-41.817,1.618,-1.653,6.93,-22.82,93.527,-331.74,240.611,5.686,6.85,-19.237,-36.809,-138.885,0.046,0,0
0,0.984,0,37.996,72.487,32.559,5,15,10,0,0,10.375,-1.705,-12.334,-29.939,-81.328,-24.26,13.364,0.57,-9.374,-49.344,-42.473,2.244,-2.376,9.871,-43.934,-157.344,356.366,-111.634,12.878,3.188,-0.335,-98.427,-117.756,5.603,0,0
0,1.197,0,38.56,56.339,21.263,5,15,10,0,0,13.977,-4.431,-7.111,-58.275,-76.489,-24.992,14.461,0.338,-7.611,-62.275,-36.916,-2.183,-0.757,11.77,-33.003,379.817,362.718,-373.74,23.069,1.178,9.367,-124.153,-61.206,14.947,0,0
0,1.423,0,38.63,7.038,22.659,5,15,10,0,1,10.734,-2.187,-9.022,-87.939,-82.092,-27.786,19.038,0.156,-3.731,-82.534,-26.748,-9.695,7.657,3.402,-19.61,-277.786,-347.618,450.076,13.779,-5.626,0.335,-108.137,-40.595,15.359,0,1
0,1.76,0,38.626,-0.423,33.669,15,5,10,0,1,14.018,-5.051,-6.802,-97.359,-82.565,-31.832,15.829,-0.608,-5.521,-97.847,-21.237,-13.618,5.54,1.547,-4.871,452.626,-485.038,-19.786,10.428,-8.591,-13.465,-74.733,-64.809,7.908,0,0
0,2.207,0.659,38.677,5.161,44.724,15,5,10,0,1,8.936,-5.164,-8.349,-101.008,-91.115,-31.099,15.05,0.505,-4.742,-96.046,-19.16,-16.137,0.867,0.469,-1.672,-395.191,-226.458,-376.55,7.69,3.839,-18.834,-82.641,-79.069,-7.863,0,0
0,2.855,1.279,38.926,24.857,64.797,15,5,10,0,1,10.004,-4.534,-7.851,-98.87,-97.71,-34.595,16.468,-0.865,-4.785,-96.137,-7.466,-17.878,5.725,-17.436,-24.985,-285.328,104.046,274.076,8.826,0.283,-17.97,-64.947,-115.237,-20.702,0,0
0,3.749,1.862,39.546,61.958,89.379,15,5,10,0,1,11.542,-3.978,-6.464,-92.137,-105.985,-37.557,16.437,-1.842,-4.069,-87.511,5.863,-16.137,3.991,-12.789,10.758,228.87,-486.122,-482.687,10.002,4.34,-12.035,-63.359,-116.412,-20.748,0,0
0,4.968,2.405,40.204,65.872,121.926,15,5,10,0,1,11.041,-5.152,-5.758,-84.58,-114.519,-39.74,17.723,-1.305,-4.22,-73.328,26.427,-20.031,1.782,0.747,-11.807,-19.603,-78.947,-71.664,10.816,0.22,-11.527,-80.58,-89.191,-24.611,0,0
0,6.506,2.911,40.464,26.012,153.809,15,5,10,0,1,11.503,-4.337,-6.452,-70.076,-117.573,-39.435,16.847,-0.927,-5.336,-63.786,47.893,-21.221,3.499,1.863,-13.668,14.214,-189.756,-253.985,10.203,-8.066,-11.254,-49.939,-69.969,-17.145,0,0
0,8.568,3.378,40.117,-34.779,206.189,15,5,10,0,1,11.046,-7.393,-8.627,-56.672,-132.748,-39.435,14.787,-1.394,-5.477,-50.626,80.641,-20.55,4.373,-0.467,-15.405,2.366,-240.687,-104.183,11.503,-6.608,-13.252,-23.786,-49.008,-15.145,0,0
0,11.029,3.807,39.304,-81.276,246.083,15,5,10,0,1,5.645,-7.674,-13.565,-32.214,-145.786,-37.954,16.231,-0.965,-3.269,-43.298,109.252,-27.237,2.682,0.783,-13.836,13.924,-136.763,-35.191,16.442,-5.214,-11.539,15.313,-23.435,-17.588,0,0
0,13.959,4.198,38.058,-124.569,292.969,15,5,10,0,1,16.926,-6.658,-11.879,-18.443,-158.183,-41.603,14.037,-1.327,-6.479,-36.733,140,-14.855,1.772,0.91,-14.708,18.977,-305.176,-56.733,17.548,-1.329,-13.35,36.672,-2.733,-20.275,0,0
0,17.254,4.55,36.29,-176.823,329.59,15,5,10,0,1,12.445,-11.568,-12.926,3.282,-180.427,-41.786,13.757,-1.868,-7.805,-28.107,165.481,-13.557,-0.793,6.103,-15.613,32.885,-170.641,-6.29,11.003,-3.509,-13.819,34.779,19.176,-22.58,0,0
0,21.041,4.865,33.938,-235.177,378.663,15,5,10,0,1,13.618,-13.637,-14.955,31.618,-196.397,-37.282,15.208,-3.367,-8.739,2.015,186.672,-7.344,0.139,3.839,-17.551,31.069,-354.947,-12.947,13.228,-2.263,-9.906,52.779,41.893,-17.863,0,0
0,25.131,5.14,31.13,-280.827,409.036,15,5,10,0,1,13.379,-8.972,-17.52,52.947,-212.779,-38.519,12.861,-4.002,-10.426,28.351,200.122,3.038,2.026,1.193,-13.367,32.046,-185.267,5.435,11.204,-7.278,-10.49,87.481,34.656,-17.695,0,0
0,29.761,5.378,28.105,-302.491,462.914,15,5,10,0,1,11.851,-2.711,-22.963,74.015,-228.931,-41.771,13.86,-6.079,-11.671,47.786,212.076,16.916,0.738,-1.336,-15.026,35.954,-187.069,4.137,10.545,-8.466,-14.317,131.435,19.664,-28.611,0,0
0,34.543,5.577,25.128,-297.753,478.272,15,5,10,0,1,9.254,-2.939,-24.559,99.954,-236.321,-48.855,11.599,-8.155,-13.886,78.473,214.031,34.153,0.632,4.182,-15.613,45.389,-200.58,15.42,6.495,0.134,-13.302,120.214,6.58,-25.42,0,0
0,39.476,5.738,22.227,-290.074,493.253,15,5,10,0,1,13.113,-18.085,-14.964,122.687,-234.748,-42.29,14.863,1.574,-13.965,95.664,221.45,52.229,4.004,4.816,-12.514,50.229,-191.817,14.29,7.734,2.067,-13.355,115.466,-2,-22.687,0,0
0,44.406,5.86,19.748,-247.891,492.967,15,5,10,0,1,9.539,-1.93,-25.284,149.954,-243.924,-50.504,2.74,-2.194,-19.596,120.687,212.794,88.794,8.157,4.258,-12.227,57.466,-171.084,9.863,9.115,4.972,-13.079,108.26,-3.679,-18.29,0,0
0,49.474,5.945,17.807,-194.115,506.86,15,5,10,0,1,11.304,-14.543,-16.164,179.298,-228.061,-44.595,13.733,1.863,-13.017,97.328,225.023,96.885,7.537,6.864,-12.064,62.397,-296.153,1.557,9.872,8.124,-9.987,73.481,-11.252,-19.115,0,0
0,54.242,5.991,16.262,-154.507,476.773,15,5,10,0,1,-0.865,6.993,-25.804,183.664,-199.588,-37.313,24.887,-5.468,-11.187,84.977,228.931,93.084,7.329,6.239,-13.613,64.122,-139.084,-7.053,9.154,5.669,-10.526,45.023,-8.763,-21.954,0,0
0,58.362,5.998,14.94,-132.191,411.988,15,5,10,0,1,12.464,-2.048,-17.67,196.153,-150.214,-41.298,25.04,-1.93,-14.495,79.466,231.405,105.42,3.839,9.52,-14.777,59.435,-266.641,-71.084,11.647,3.406,-9.444,28.122,1.038,-22.626,0,0
0,61.767,5.968,13.632,-130.738,340.565,15,5,10,0,1,11.501,-0.769,-15.745,168.137,-111.481,-39.817,17.639,0.417,-12.37,87.099,224.55,104.779,3.219,8.912,-14.569,50.427,-271.74,-38.931,9.697,1.471,-9.879,25.786,1.588,-20.473,0,0
0,64.686,5.899,12.358,-127.453,291.859,15,5,10,0,1,10.131,1.739,-14.777,137.649,-73.832,-32.885,13.824,-0.565,-11.997,78.473,210.855,92.702,3.152,7.298,-13.192,40.901,-261.817,-91.725,10.308,3.492,-8.641,31.298,0.641,-16.824,0,0
0,67.148,5.791,11.04,-131.813,246.163,15,5,10,0,1,7.008,5.271,-18.528,99.893,-43.878,-25.542,14.121,0.122,-10.67,75.603,196.107,66.855,4.079,5.796,-13.266,42.763,468.382,-250.137,9.329,1.037,-9.856,35.847,0.565,-15.16,0,0
0,69.286,5.646,9.666,-137.387,213.81,15,5,10,0,1,5.53,2.139,-17.599,76.153,-14.718,-13.389,13.802,1.571,-11.424,70.779,188.718,44.947,6.007,4.757,-12.246,48.656,-130.458,-9.924,7.132,-1.406,-11.498,58.015,2.534,-11.221,0,0
0,71.117,5.462,8.439,-122.669,183.152,15,5,10,0,1,5.758,0.038,-16.226,36.183,6.336,-4.198,13.977,1.241,-11.419,61.374,190.305,25.191,-0.012,6.932,-21.857,121.786,496.656,-68.763,12.995,3.054,-7.947,59.511,13.176,-4.702,0,0
0,72.703,5.24,7.198,-124.146,158.547,15,5,10,0,1,4.639,1.291,-17.285,7.542,37.481,3.603,13.462,0.125,-10.15,51.008,188.656,7.954,5.259,2.542,-20.856,-453.145,100.504,-176.122,10.282,1.051,-9.183,69.679,10.595,-2.595,0,0
0,74.032,4.979,6.19,-100.731,132.889,15,5,10,0,1,4.107,1.109,-18.243,-22.015,59.359,7.649,12.715,0.201,-11.067,46.611,187.542,-5.298,5.427,10.685,-17.512,-382.794,159.863,-147.786,8.612,4.222,-9.075,69.206,7.328,-0.55,0,0
0,75.153,4.681,5.297,-89.344,112.107,15,5,10,0,1,2.735,0.297,-18.264,-44.321,75.679,11.191,11.065,-0.079,-10.49,46.198,181.496,-13.176,1.897,10.733,-22.379,325.664,-416.992,-131.908,8.9,5.834,-9.068,44.885,2.046,-5.557,0,0
0,76.06,4.344,4.481,-81.608,90.775,15,5,10,0,1,2.505,0.127,-17.005,-57.511,96.29,17.496,10.715,-0.342,-9.408,40.153,173.725,-22.992,5.058,12.707,-16.229,-352.519,-453.389,-262.595,7.353,0.841,-8.881,41.573,-9.618,-6.29,0,0
0,76.778,3.968,3.917,-56.431,71.789,15,5,10,0,1,2.259,0.948,-17.002,-67.969,118.748,20.397,8.9,1.985,-11.34,26.916,165.725,-29.786,5.142,5.398,-12.239,65.908,-334.733,-40.244,10.89,2.594,-7.561,37.985,-9.466,-1.847,0,0
0,77.189,3.555,3.477,-43.923,41.027,15,5,10,0,1,3.085,2.584,-18.202,-72.443,122.351,19.481,8.27,1.272,-12.296,15.405,162.458,-33.359,5.039,6.282,-11.851,78.137,-81.679,-2.061,8.354,1.435,-9.278,29.45,-8.962,-3.405,0,0
0,77.284,3.103,3.14,-33.737,9.522,15,5,10,0,1,5.588,-2.251,-15.886,-53.145,168.931,22.275,8.663,-0.778,-12.488,14.779,158.076,-36.366,3.173,7.219,-13.994,64.748,-276.351,-31.878,10.502,1.7,-7.774,26.153,-14.947,-1.145,0,0
0,77.193,2.612,2.942,-19.775,-9.098,15,5,10,0,1,0.498,-0.992,-19.632,-50.29,172.702,11.679,11.137,1.157,-10.744,4.55,163.618,-26.855,1.111,16.249,-20.621,132.931,-247.221,-16.122,9.903,1.7,-9.089,25.008,-18.779,0.092,0,0
0,76.977,2.084,2.891,-5.104,-21.618,15,5,10,0,1,5.07,-6.593,-15.414,-1.252,200.534,11.481,6.663,-0.137,-13.826,7.237,155.695,-13.985,1.595,9.29,-13.664,55.435,-48.565,-3.847,9.803,4.498,-7.322,15.344,-28.015,2.198,0,0
0,76.5,1.517,2.935,4.372,-47.619,15,5,10,0,1,2.266,-3.312,-17.783,24.443,216.137,8.916,7.875,-0.208,-12.674,19.42,153.908,-10.427,3.856,9.578,-13.52,46.107,-49.832,-1.344,9.915,3.787,-8.253,5.099,-28.626,1.45,0,0
0,75.757,0.912,3.037,10.254,-74.375,15,5,10,0,1,2.385,-2.728,-18.42,48.809,230.947,-1.145,6.84,-2.184,-13.316,27.786,143.878,5.344,7.231,7.995,-11.692,31.466,-88.427,0.397,6.617,1.545,-11.091,8.031,-46.672,0.153,0,0
0,74.83,0.268,3.423,38.521,-92.663,15,5,10,0,1,1.439,-2.278,-17.967,55.389,241.008,-10.885,5.959,-2.512,-12.303,42.992,133.771,13.511,5.6,7.592,-12.636,22,-67.221,-15.847,10.802,5.238,-7.537,-5.588,-53.237,1.344,0,0
0,73.71,0,3.851,42.801,-112.004,15,5,10,0,1,3.181,-1.763,-18.93,58.901,251.466,-19.511,5.753,-3.245,-11.724,61.878,121.466,17.176,2.46,8.548,-14.356,5.099,-40.626,-13.847,11.202,4.222,-7.944,-33.939,-47.939,-4.672,0,0
0,72.461,0,4.121,27.065,-124.867,15,5,10,0,1,1.763,-0.829,-19.996,55.298,257.511,-25.069,6.634,-2.361,-10.933,76.947,110.855,15.496,0.163,17.039,-21.162,-19.496,-102.214,-26.962,9.688,-0.419,-9.657,-36.137,-49.756,-6.275,0,0
0,71.044,0,4.121,-0,-141.724,15,5,10,0,1,3.667,-2.364,-18.66,50.214,264.229,-32.183,5.291,-3.19,-11.422,90.275,97.359,17.313,0.795,5.64,-15.778,-24.198,-65.725,-7.481,6.867,-0.527,-11.999,-21.191,-50.397,-4.992,0,0
0,69.491,0,4.107,-1.442,-155.331,15,5,10,0,1,2.354,-2.623,-18.616,44.198,268.611,-36.046,6.431,-3.449,-10.521,103.542,85.832,12.504,1.073,9.394,-20.233,-46.061,-126.977,-11.725,10.418,-0.462,-9.405,-5.71,-58.153,-3.252,0,0
0,67.74,0,4.107,-0,-175.038,15,5,10,0,1,3.741,-3.782,-18.389,35.13,273.527,-41.206,6.335,-2.34,-11.578,112.58,75.817,8.382,3.288,3.789,-14.758,-14.092,-245.756,-24.061,10.157,0.86,-9.348,1.496,-58.702,-3.389,0,0
0,65.807,0,4.104,-0.332,-193.314,15,5,10,0,0,3.719,-2.838,-20.36,31.313,281.496,-41.71,6.411,-3.276,-10.327,124.84,67.328,-3.069,3.403,3.947,-14.878,0.885,-58.443,-8.321,10.337,1.238,-9.669,6.611,-55.344,-2.122,0,0
0,63.716,0,4.104,-0,-209.118,15,5,10,0,0,4.922,-4.359,-20.389,28.061,281.893,-42.901,7.175,-0.22,-10.974,138.458,56.214,-10.305,3.334,4.548,-15.189,13.969,-58.763,-11.817,10.191,1.233,-10.291,9.908,-53.695,-2.992,0,0
0,61.493,0,4.104,-0,-222.313,15,5,10,0,0,7.899,-3.657,-20.937,33.282,288.412,-37.527,3.882,0.745,-11.769,134.137,44.641,-20.336,3.308,4.694,-15.041,13.481,-220.595,-114.931,10.174,0.125,-9.683,18.122,-54.672,-3.649,0,0
0,59.16,0,4.104,-0,-233.254,15,5,10,0,0,6.205,-3.696,-22.848,35.435,284.305,-35.053,4.412,2.946,-9.882,117.954,38.809,-31.863,3.221,4.618,-14.816,25.725,-113.511,-31.603,10.021,-0.625,-9.338,30.87,-55.573,-1.878,0,0
0,56.82,0,4.104,-0,-234.009,15,5,10,0,0,-0.321,-3.092,-24.918,35.16,266.656,-32.901,7.525,4.39,-6.086,92.382,29.542,-35.679,3.087,4.316,-14.26,35.176,-56.198,-16.504,10.002,0.026,-9.42,41.695,-57.206,-2.504,0,0
0,54.425,0,4.104,-0,-239.56,15,5,10,0,0,4.622,-5.226,-23.155,34.947,261.45,-26.687,4.757,3.933,-7.168,58.443,17.725,-32.031,4.452,3.025,-12.873,47.74,-52.87,-20.046,10.033,0.019,-8.16,51.847,-58.855,-3.145,0,0
0,52.151,0,4.104,-0,-227.383,15,5,10,0,0,3.753,-3.844,-24.688,17.802,239.527,-21.176,4.979,3.331,-6.378,33.679,8.947,-28.061,4.318,3.713,-14.346,139.954,-117.817,-119.206,10.411,-0.376,-7.686,58.656,-59.008,-0.687,0,0
0,49.946,0,4.104,-0,-220.482,15,5,10,0,0,1.387,-4.682,-25.339,7.481,217.206,-13.756,4.855,2.912,-6.122,18.794,-1.389,-26.504,4.943,4.934,-10.95,74,-105.053,-54.107,10.198,0.79,-8.474,66.611,-61.832,4.198,0,0
0,47.962,0,4.173,6.901,-198.441,15,5,10,0,0,1.909,-4.347,-25.15,-15.176,187.847,-7.695,5.688,1.418,-4.433,6.87,-14.534,-18.794,5.377,4.843,-12.09,93.359,-179.191,-41.038,8.816,-0.496,-12.792,81.298,-65.466,6.687,0,0
0,46.13,0,4.521,34.859,-183.152,15,5,10,0,0,2.024,-3.985,-25.107,-35.053,162.366,1.771,5.061,2.014,-5.6,2.855,-26.855,-19.298,4.859,7.511,-12.435,95.664,-35.725,2.992,6.661,5.116,-9.932,78.931,-81.466,10.046,0,0
0,44.504,0,5.089,56.763,-162.587,15,5,10,0,0,3.003,-5.942,-23.421,-57.466,130.824,9.466,6.208,2.352,-4.012,2.244,-34.672,-16.55,2.869,7.813,-15.58,93.084,-51.985,-33.221,13.549,4.919,-7.379,53.466,-81.038,7.634,0,0
0,42.988,0,5.612,52.322,-151.646,15,5,10,0,0,2.716,-5.109,-25.433,-67.282,104.519,21.389,5.707,2.261,-3.995,-6.321,-45.42,-21.878,3.358,8.375,-16.796,64.931,-68.229,-17.924,12.203,0.596,-11.767,40.275,-78.489,6.137,0,0
0,41.645,0,6.172,56.019,-134.32,15,5,10,0,0,0.642,-5.317,-24.99,-79.435,71.878,28.336,7.633,3.164,-2.524,-19.344,-49.618,-22.718,6.191,7.556,-14.84,65.908,-267.496,-7.756,9.954,-0.97,-11.568,41.878,-92.427,6.443,0,0
0,40.377,0,6.861,68.905,-126.766,15,5,10,0,0,1.583,-5.693,-25.2,-78.29,47.13,36.351,5.837,2.721,-4.733,-39.405,-60.076,-17.328,4.091,8.131,-14.564,56.412,-32.992,-3.618,13.994,-0.625,-7.765,36.565,-89.069,9.786,0,0
0,39.253,0,7.454,59.269,-112.393,15,5,10,0,0,-0.026,-5.755,-25.593,-73.664,20.55,40.412,5.602,1.32,-5.451,-52.992,-73.71,-4.321,5.822,4.777,-16.372,107.771,-137.344,12.336,9.997,-2.218,-10.339,39.344,-95.603,15.893,0,0
0,38.246,0,8.12,66.651,-100.697,15,5,10,0,0,6.232,-6.297,-21.773,-68.84,-9.023,30.611,12.092,0.453,-2.522,-56.26,-81.466,1.511,4.831,6.426,-12.334,50.916,-57.374,19.817,12.904,-0.216,-7.765,36.107,-93.237,21.511,0,0
0,37.414,0,8.689,56.831,-83.187,15,5,10,0,0,7.118,-5.317,-23.469,-43.328,-10.412,19.145,12.617,-4.687,-4.218,-61.282,-83.618,16.947,3.128,11.775,-17.033,93.115,-63.389,31.42,13.606,-1.202,-10.227,20.061,-87.115,25.405,0,0
0,36.722,0,9.209,51.979,-69.225,15,5,10,0,0,0.901,-3.145,-28.858,-24.031,-45.374,0.534,8.011,-8.296,-6.766,-23.176,-93.664,33.298,5.394,6.007,-10.895,30.702,-24.702,22.031,15.036,-0.939,-8.656,21.328,-102.916,29.74,0,0
0,36.297,0,9.878,66.982,-42.446,15,5,10,0,0,3.971,-2.761,-22.892,15.969,-63.466,-18,4.57,-8.699,-11.896,8.458,-110.733,41.756,5.573,6.593,-12.583,22.275,-17.954,24.183,13.328,2.469,-6.615,16.397,-108,32.031,0,0
0,36.114,0,10.589,71.057,-18.333,15,5,10,1,0,9.69,-6.083,-5.001,42.489,-59.42,-30.26,7.813,-7.123,-12.672,43.374,-111.16,47.374,8.574,6.62,-11.748,11.771,-13.725,26.824,11.676,1.195,-9.978,10.733,-114.687,30.595,1,0
0,36.111,0,11.526,93.716,-0.309,5,15,10,1,0,16.806,-11.211,1.483,58.412,-44.031,-31.634,16.748,-3.219,-6.929,79.008,-75.878,59.847,8.581,8.545,-11.518,-3.435,-0.779,26.351,13.563,3.43,-6.833,1.466,-127.191,30.412,0,0
0.655,36.111,0,12.746,121.971,0,5,15,10,1,0,13.201,-2.541,-9.551,67.985,-32.473,-12.55,15.347,-3.719,-5.207,115.496,-44.748,54.977,2.323,17.608,-9.456,-138.26,118.229,159.511,12.502,3.027,-9.005,-7.069,-138.229,28.947,0,0
1.273,36.191,0,14.159,141.369,7.999,5,15,10,1,0,19.745,0.951,-13.058,60.229,-39.099,-6.046,9.856,1.447,-2.591,144.321,-29.496,71.359,9.362,9.202,-10.792,-29.649,9.435,4.763,17.747,3.272,-4.63,-39.435,-138.809,24.122,0,0
1.852,36.55,0,15.654,149.437,35.935,5,15,10,1,0,2.637,-1.339,-21.464,34.382,-94.855,2.046,4.584,4.268,0.381,158.076,-40.504,68.504,9.348,6.498,-10.184,-58.229,69.13,74.382,15.196,0.98,-4.462,-49.435,-144.137,23.099,0,0
2.394,37.114,0,17.338,168.389,56.362,5,15,10,1,0,2.338,-1.351,-22.041,41.053,-108.534,-2.595,2.56,4.704,-0.376,119.542,-63.634,63.252,8.392,5.688,-9.154,-55.893,56.473,16.947,16.938,-1.15,-4.634,-48.015,-147.802,21.603,0,0
2.897,37.47,0,19.407,206.91,35.568,5,15,10,1,0,10.246,-5.336,-18.363,84.076,-84.809,-4.29,6.864,-0.342,-8.921,51.45,-82.092,55.42,8.253,4.917,-6.919,-64.336,62.779,35.908,12.95,-0.345,-4.349,-48.382,-157.145,20.214,0,0
3.363,37.389,0,21.732,232.567,-8.057,5,15,10,1,0,9.585,-2.4,-15.79,96.382,-62.275,-7.832,13.985,0.869,-11.07,27.313,-84.351,55.527,0.513,7.535,0.163,-119.206,204.336,25.221,18.094,1.375,-0.91,-54.58,-154.595,16.244,0,0
3.791,36.824,0,24.263,253.064,-56.465,5,15,10,1,0,9.017,2.721,-15.709,78.229,-32.977,3.435,15.091,2.738,-13.364,3.435,-99.084,43.863,9.103,5.295,-5.669,-50.015,253.466,24.153,18.525,0.709,-1.796,-42.198,-148.244,14.519,0,0
4.181,35.855,0,26.922,265.915,-96.989,5,15,10,1,0,11.973,4.836,-14.729,22.183,-20.702,17.313,10.775,7.269,-14.071,-7.542,-120.962,37.802,9.592,9.496,-5.729,-48.931,145.557,17.237,17.163,5.635,-3.552,-42.626,-152.901,21.74,0,0
4.534,34.547,0,29.753,283.047,-130.749,5,15,10,1,0,14.157,3.933,-14.966,-50.595,-5.618,32.977,10.943,4.421,-9.738,-6.809,-137.618,22.015,8.83,0.896,-8.857,-100.214,323.878,25.374,18.882,1.471,-13.489,-36.748,-145.771,23.634,0,0
4.848,32.731,0,32.858,310.547,-181.63,5,15,10,1,0,10.521,3.64,-18.616,-83.939,17.588,42.168,9.039,4.687,-12.066,-28.534,-160.84,0.443,9.063,9.547,-9.935,-73.573,176.992,5.924,12.207,6.981,-15.204,-63.924,-178.626,24.58,0,0
5.124,30.405,0,36.348,348.954,-232.533,5,15,10,1,0,9.741,4.175,-17.572,-137.756,31.756,46.137,10.073,4.031,-15.165,-72.748,-176.046,-8.672,9.532,1.841,-15.28,-193.771,385.115,-4.183,12.964,7.741,-16.411,-94.305,-192.092,22.183,0,0
5.363,27.604,0,40.278,392.991,-280.175,5,15,10,1,0,5.276,2.151,-16.063,-140.183,41.481,48.458,7.904,4.172,-10.84,-98.305,-191.084,-13.435,7.911,8.917,-15.189,-117.481,210.794,-22.947,16.154,6.452,-14.701,-127.954,-203.588,22.687,0,0
5.564,24.384,0,44.518,424.05,-321.934,5,15,10,1,0,6.687,4.919,-16.298,-157.389,49.649,55.176,4.565,2.84,-12.48,-122.031,-210.076,-15.45,7.631,7.099,-17.936,-121.954,224.885,-44.595,15.211,5.48,-12.737,-151.649,-188.687,17.969,0,0
5.727,20.796,0,48.916,439.797,-358.853,5,15,10,1,0,5.602,0.853,-14.784,-191.206,42.84,56.046,3.971,3.799,-12.49,-139.328,-223.649,-15.084,5.947,4.815,-31.241,-248.656,-85.893,-75.725,15.077,4.965,-12.5,-165.695,-171.618,19.679,0,0
5.852,17.357,0,53.3,438.39,-343.884,5,15,10,1,0,-0.867,-3.468,-16.332,-211.847,30.977,48.855,4.778,2.381,-10.469,-156.427,-217.267,-16.611,7.039,2.941,-18.899,-113.099,-499.16,-156.061,8.306,-0.105,-17.584,-162.763,-164.412,18.351,0,0
5.939,14.329,0,57.669,436.913,-302.846,5,15,10,1,0,-0.671,-8.548,-18.631,-205.069,30.153,42.031,8.442,-0.635,-9.937,-165.13,-197.603,-7.16,3.554,4.825,-29.315,-218.412,499.099,-348.336,9.788,-0.175,-21.177,-138.122,-153.603,12.748,0,0
5.988,11.824,0,62.023,435.391,-250.466,5,15,10,1,0,3.432,-12.689,-14.65,-172.168,10.977,37.145,12.263,-6.308,-11.218,-179.878,-185.145,0.672,6.45,-1.198,-16.279,-87.328,251.298,-83.878,9.391,4.385,-18.514,-141.359,-147.267,-0.214,0,0
5.999,9.568,0,66.183,416.028,-225.563,5,15,10,1,0,4.244,-12.504,-16.435,-98.626,19.985,34.153,10.071,-10.243,-12.176,-154.779,-177.053,19.588,2.922,9.44,-15.338,-463.969,4.504,47.389,11.616,-0.23,-11.194,-117.298,-131.985,-6.382,0,0
5.973,7.499,0,69.75,356.679,-206.944,5,15,10,1,0,4.819,-13.129,-15.489,-55.267,21.45,31.817,10.248,-12.365,-12.564,-108.076,-176.336,29.145,8.624,3.605,-15.577,-41.649,439.863,-234.26,15.999,-3.142,-10.545,-93.344,-72.916,-3.74,0,0
5.908,5.554,0,72.544,279.431,-194.447,5,15,10,1,0,6.907,-7.156,-13.561,-30.29,16.641,25.618,9.841,-9.899,-10.919,-64.641,-178.702,34.351,8.548,3.378,-18.073,-61.557,-167.954,404.763,14.059,-2.383,-7.829,-57.908,-13.863,3.817,0,0
5.806,3.668,0,74.522,197.731,-188.645,5,15,10,1,0,3.128,-9.448,-14.88,-7.786,19.679,24.015,7.456,-7.053,-8.656,-27.74,-174.885,24.641,6.663,6.54,-23.366,-51.237,-241.115,-148.641,12.756,-5.264,-9.506,-22.153,30.901,7.16,0,0
5.666,1.929,0,75.804,128.174,-173.905,5,15,10,1,0,6.658,-6.567,-10.665,-5.878,12.702,17.237,11.237,-4.088,-8.325,-15.008,-157.573,16.519,4.924,7.378,-22.135,-57.71,359.099,-6.382,9.005,-6.644,-13.953,49.573,87.13,15.573,0,0
5.488,0.263,0,76.683,87.948,-166.626,5,15,10,1,0,5.327,-8.301,-12.049,7.313,21.71,17.725,8.387,-2.627,-9.8,-1.74,-152.427,7.924,3.011,4.004,-14.758,-28.168,169.924,9.008,8.258,-1.82,-14.689,90.229,104.275,12.947,0,0
5.272,-1.367,0,77.229,54.566,-162.964,5,15,10,1,0,5.47,-2.441,-12.018,-3.328,15.771,14.702,10.723,-1.447,-10.236,1.16,-151.893,0.824,2.735,0.568,-15.266,-20.733,164.58,17.588,5.703,2.555,-14.684,94.321,118.794,4.641,0,0
5.018,-2.963,0,77.543,31.46,-159.645,5,15,10,1,0,7.947,-8.028,-11.022,2.656,19.71,12.458,10.861,-0.192,-10.414,-3.863,-143.038,-0.046,2.735,0.869,-14.619,-5.496,161.221,38.046,5.494,-0.565,-17.448,89.847,133.237,-1.115,0,0
4.727,-4.586,0,77.84,29.64,-162.3,5,15,10,1,0,4.486,-1.277,-13.858,8.748,17.496,14.626,7.255,-1.205,-11.688,-13.832,-150.58,1.405,3.018,2.742,-13.996,6.779,321.588,34.87,5.406,1.871,-14.622,74.748,152.962,-1.42,0,0
4.397,-6.113,0,78.07,23.071,-152.687,5,15,10,1,0,6.165,-2.601,-12.322,-3.985,12.763,11.481,10.905,1.181,-11.621,-17.023,-144.061,4.992,1.109,1.414,-19.97,49.649,-371.298,80.855,-5.209,-2.105,-15.371,68.672,157.649,3.237,0,0
4.03,-7.527,0,78.1,2.987,-141.392,5,15,10,1,0,6.613,-5.149,-11.144,8.641,11.176,10.153,9.051,0.211,-11.647,-22.137,-138.931,7.405,1.356,4.297,-15.024,26.901,309.221,0.366,5.073,-2.987,-14.624,35.954,186.763,17.344,0,0
3.625,-8.859,0,78.004,-9.579,-133.221,5,15,10,1,0,5.118,-1.439,-12.377,0.275,6.519,10.733,11.216,-0.292,-11.3,-20.656,-136.855,5.878,1.154,6.445,-15.484,27.664,-370.214,-196.641,9.999,2.457,-8.023,19.023,207.053,21.542,0,0
3.181,-10.031,0,77.616,-38.807,-117.199,5,15,10,1,0,5.609,-4.927,-9.858,-1.359,2.595,7.389,11.175,-1.061,-10.241,-16.168,-129.603,6.015,2.474,4.634,-15.575,19.053,309.176,-12.55,8.311,-3.245,-13.92,2.244,231.771,23.344,0,0
2.7,-11.116,0,76.891,-72.533,-108.467,5,15,10,1,0,6.215,-3.442,-9.822,-4.427,-2.137,5.893,14.135,-0.68,-9.103,-13.71,-114.565,7.756,-0.618,6.517,-15.675,5.542,131.679,-11.176,7.123,-2.565,-16.049,-11.099,250.718,31.786,0,0
2.182,-11.987,0,75.88,-101.086,-87.09,5,15,10,1,0,5.832,-3.815,-10.636,-10.87,-7.634,2.916,14.969,-1.186,-7.973,-17.832,-99.389,4.168,0.23,6.462,-14.818,-6.412,136.672,-5.16,6.716,-1.873,-16.775,-0.031,254.046,45.786,0,0
1.625,-12.518,0,74.702,-117.84,-53.112,5,15,10,1,0,7.717,-7.355,-8.196,-12.687,-19.084,-3.435,15.601,1.188,-8.28,-29.206,-73.16,6.718,0.232,5.236,-15.132,-16.275,250.916,-17.954,7.41,-1.193,-18.109,-1.618,261.588,50.824,0,0
1.03,-12.555,0,73.328,-137.409,-3.662,5,15,10,1,0,5.358,-7.125,-7.449,-14.718,-35.115,-7.282,17.251,-1.102,-6.79,-39.313,-38.87,6.672,-1.099,5.482,-15.819,-32.183,437.847,-47.389,8.632,1.803,-16.387,-23.649,276.427,56.305,0,0
0.398,-12.303,0,71.695,-163.308,25.223,5,15,10,1,0,6.366,-7.029,-8.957,1.084,-34.26,-8.107,13.589,-2.972,-6.819,-39.115,-26.443,7.817,-1.253,7.293,-14.485,-44.947,206.336,-13.496,7.355,0.656,-17.242,-27.008,283.649,65.008,0,0
0,-11.702,0,69.78,-191.483,60.047,5,15,10,1,0,1.392,-4.768,-10.212,-12.824,-59.725,-13.893,17.436,-1.535,-2.843,-33.924,-7.985,8.641,-1.15,7.745,-15.97,-54.107,97.298,-13.221,8.387,0.51,-16.459,-42.794,298.901,75.74,0,0
0,-10.735,0,67.644,-213.547,96.691,5,15,10,1,0,7.439,-9.949,-7.829,0.748,-64.87,-17.145,11.752,-3.317,-4.831,-33.664,-4.168,15.557,-0.575,16.735,25.866,423.328,-326.244,-71.328,6.134,2.227,-17.235,-40.427,297.313,83.847,0,0
0,-9.863,0,65.337,-230.713,87.216,5,15,10,1,0,8.009,-6.308,-9.853,27.664,-62.168,-13.16,6.256,-5.018,-7.853,-13.069,-22.763,18.366,-1.95,10.934,-34.45,197.374,231.557,-232.55,8.402,1.341,-19.848,-47.893,300.87,84.656,0,0
0,-9.23,0,62.95,-238.747,63.32,5,15,10,1,0,5.334,-3.585,-9.439,17.832,-71.206,-11.588,5.001,-3.47,-8.993,8.595,-39.756,15.679,-2.994,10.752,-38.684,39.45,459.71,-185.405,9.453,3.355,-18.248,-54,301.679,82.137,0,0
0,-8.852,0,60.467,-248.28,37.743,5,15,10,1,0,8.351,-2.326,-11.999,12,-66.595,-10.824,5.865,-1.875,-10.428,27.802,-54.122,5.313,-3.284,5.647,-14.6,-130.931,81.527,1.099,6.435,-0.01,-21.074,-46.687,293.069,80.656,0,0
0,-8.713,0,57.943,-252.366,13.916,5,15,10,1,0,7.393,-2.601,-12.576,3.817,-69.145,-10.687,8.493,-0.867,-11.575,29.557,-58.748,0.687,-2.912,2.927,-16.159,-131.053,33.237,4.214,6.593,-2.019,-23.78,-29.679,286.656,78.198,0,0
0,-8.604,0,55.369,-257.424,10.941,5,15,10,1,0,8.191,-7.566,-10.282,6.916,-69.71,-12.046,7.777,-0.865,-12.478,27.069,-61.008,3.282,-3.372,2.1,-12.646,-112.824,17.344,46.779,6.996,2.678,-21.898,-28.641,273.588,76.26,0,0
0,-8.607,0,52.754,-261.498,-0.332,5,15,10,1,0,7.108,-2.932,-14.272,3.008,-66.641,-8.824,10.447,-0.527,-11.781,21.023,-64.366,3.771,-4.469,1.401,-11.901,-77.069,8.214,19.832,9.52,2.002,-23.806,-19.374,262.977,68.153,0,0
0,-8.585,0,50.155,-259.953,2.186,5,15,10,1,0,6.68,-3.327,-13.85,-3.557,-68.611,-8.763,11.204,0.378,-11.518,9.206,-64.244,7.298,-3.348,0.929,-6.409,-79.71,-13.771,39.573,7.003,4.143,-23.059,-12.702,229.374,59.878,0,0
0,-8.391,0,47.653,-250.168,19.444,5,15,10,0,0,3.657,-2.333,-14.162,-16.611,-81.038,-11.176,15.678,0.805,-8.536,-6.977,-51.359,13.649,-2.5,0.247,-5.791,-7.74,-92.336,-244.763,5.434,1.775,-25.203,8.611,199.237,49.374,0,0
0,-8.112,0,45.331,-232.19,27.844,5,15,10,0,0,4.91,-5.104,-14.353,-8.58,-79.45,-10.168,13.932,1.435,-8.038,-20.076,-46.855,21.557,-3.363,0.635,-6.289,0.046,-151.45,-242.076,4.874,3.791,-24.036,24.168,160.656,36.275,0,0
0,-7.75,0,43.186,-214.52,36.209,5,15,10,0,0,8.792,-5.76,-10.107,-11.679,-84.992,-10.336,11.185,0.386,-10.397,-34.779,-41.145,27.481,-3.506,1.667,-1.753,55.74,-197.191,114.687,3.71,4.699,-23.414,44.534,121.878,17.908,0,0
0,-7.256,0,41.277,-190.865,49.427,5,15,10,0,0,7.051,-5.549,-11.985,-18.198,-88.672,-8.107,10.739,0,-9.084,-42.489,-33.313,26.076,0.58,2.254,-4.04,36.336,-64.947,59.176,3.401,3.312,-25.215,63.099,75.756,5.069,0,0
0,-6.67,0,39.794,-148.293,58.571,5,15,10,0,0,8.771,-3.707,-12.83,-21.771,-92.198,-10.748,13.345,-1.703,-9.266,-51.954,-29.802,22.779,-0.627,3.044,-6.011,42.672,-68.947,22.29,8.426,-0.441,-24.901,93.527,48.824,-5.176,0,0
0,-6.022,0,38.82,-97.378,64.819,5,15,10,0,0,9.954,-3.422,-12.215,-25.145,-91.115,-15.954,11.793,-1.523,-10.9,-57.435,-31.313,21.435,1.087,7.904,-0.829,69.42,-243.542,65.649,4.512,9.051,-24.171,101.145,-10.947,-11.802,0,0
0,-5.425,0,38.303,-51.705,59.761,5,15,10,0,0,10.895,-4.287,-12.282,-23.176,-90.015,-18.519,10.641,-0.292,-11.412,-62.107,-37.389,22.489,3.221,5.932,-4.8,34.122,-57.618,9.832,2.761,7.403,-30.23,79.328,-71.069,-14.885,0,0
0,-4.886,0,38.3,-0.286,53.833,5,15,10,0,0,10.531,-1.928,-13.601,-26.84,-87.664,-20.244,9.374,-0.666,-11.709,-70.26,-45.115,19.038,0.254,7.755,-10.105,32.855,-66.427,-9.435,5.046,5.956,-30.235,44.947,-112.626,-14.611,0,0
0,-4.29,0,38.744,44.312,59.624,5,15,10,0,0,8.589,-1.801,-14.571,-34.229,-93.023,-24.702,12.816,-0.244,-10.675,-78.519,-44.672,15.42,2.711,1.242,-16.995,35.954,-293.023,-385.954,8.768,7.559,-13.961,-16.87,-135.45,-6.885,0,0
0,-3.718,0,39.443,69.946,57.186,5,15,10,0,0,10.72,-3.77,-12.531,-35.511,-90.519,-23.496,10.878,0.319,-11.7,-86.458,-44.641,12.29,6.05,28.483,-21.426,-19.74,-142.214,-124.58,15.436,4.172,0.328,-58.595,-110.198,4.321,0,0
0,-3.253,0,40.175,73.208,46.486,5,15,10,0,1,11.97,-2.242,-12.21,-42.794,-88.473,-25.176,10.883,0.568,-11.594,-89.802,-46.275,7.038,4.848,6.52,-24.712,-119.344,465.573,127.023,13.381,3.973,7.911,-96.26,-76.473,8.656,0,1
0,-2.85,0,40.461,28.553,40.329,5,5,10,0,1,9.048,0.896,-12.071,-63.405,-87.878,-27.649,14.959,-0.048,-9.166,-93.939,-43.71,-5.008,5.259,20.215,-25.186,-177.176,-113.908,-148.824,12.217,-2.953,-0.781,-114.565,-28.977,2.595,0,0
0,-2.495,0.659,40.541,8.057,35.511,5,5,10,0,1,14.89,-2.364,-8.33,-78.046,-87.16,-34.519,14.789,-1.035,-10.416,-96.672,-42.214,-7.328,6.32,3.061,-7.551,-138.977,-141.389,-370.809,9.365,-9.853,-10.574,-88.366,-44.733,5.695,0,0
0,-2.169,1.279,40.897,35.545,32.604,5,5,10,0,1,9.808,-1.083,-10.152,-87.527,-83.969,-33.053,14.626,-1.19,-9.568,-89.695,-37.237,-15.389,4.148,-3.068,-2.232,-152.718,-57.389,-137.618,7.827,-2.783,-21.292,-54.55,-94.504,-8.275,0,0
0,-1.8,1.862,41.834,93.762,36.919,5,5,10,0,1,10.938,-4.076,-8.627,-91.191,-97.053,-38.366,17.905,-0.184,-7.858,-82.244,-26.901,-13.557,1.157,-1.55,-4.203,-132.137,-117.16,-77.191,8.675,3.446,-18.868,-44.168,-126.931,-25.893,0,0
0,-1.29,2.405,43.112,127.739,50.949,5,5,10,0,1,14.226,-3.372,-8.433,-87.542,-95.542,-40.748,15.139,-0.704,-7.877,-71.206,-18.153,-14.015,0.8,1.399,1.499,-155.069,-146.336,-281.405,8.555,5.695,-14.274,-54.824,-133.557,-31.496,0,0
0,-0.518,2.911,44.298,118.664,77.213,15,5,10,0,1,8.172,-2.606,-9.92,-84.656,-105.237,-43.405,18.202,-2.991,-6.701,-56.214,-0.824,-16.702,0.939,5.38,-10.399,-19.588,-218.397,-296.977,11.692,2.419,-13.513,-81.832,-99.924,-24.55,0,0
0,0.658,3.378,45.002,70.336,117.634,15,5,10,0,1,12.212,-7.872,-6.342,-59.71,-119.756,-49.405,18.918,-2.328,-6.519,-44.321,24.55,-13.511,2.338,2.236,-33.712,157.16,-183.237,-122.626,18.997,-1.559,-10.696,-79.221,-62.229,-18.076,0,0
0,2.218,3.807,44.987,-1.431,155.972,15,5,10,0,1,11.999,-10.313,-4.428,-24.046,-128.885,-48.855,16.698,-4.608,-6.371,-24.901,47.053,-13.206,5.35,4.183,-22.35,32.382,-405.756,-234.26,16.669,-6.764,-15.491,-46.855,-39.832,-10.885,0,0
0,4.067,4.198,44.43,-55.733,184.914,15,5,10,0,1,11.321,-5.183,-7.494,0.473,-131.863,-49.267,16.902,-2.508,-5.645,-2.931,62.702,-13.924,1.993,1.475,-19.227,-0.55,-121.481,-48.336,17.62,-4.565,-12.351,5.053,-25.695,-15.206,0,0
0,6.298,4.55,43.438,-99.186,223.046,15,5,10,0,1,7.434,-7.391,-4.421,11.374,-145.389,-52.901,16.966,-2.091,-4.661,16.443,84.885,-15.191,6.399,6.737,-10.66,-10.489,443.832,-84.763,13.328,3.552,-8.768,20.26,-12.687,-23.344,0,0
0,8.986,4.865,41.651,-178.688,268.799,15,5,10,0,1,8.136,-4.97,-5.133,8.351,-152.885,-55.725,15.129,-1.878,-5.492,22,113.145,-15.298,4.91,4.794,-20.913,55.176,-321.725,-111.145,10.265,-4.198,-15.659,43.649,25.924,-17.13,0,0
0,12.065,5.14,39.264,-238.77,307.95,15,5,10,0,1,6.483,-9.458,-8.517,30.702,-169.603,-55.115,17.182,3.233,-2.11,25.191,140.107,-21.405,1.557,2.978,19.198,133.588,-487.328,26.26,16.13,-3.959,-12.351,62.641,51.878,-8.534,0,0
0,15.373,5.378,36.33,-293.358,330.758,15,5,10,0,1,10.143,-8.519,-12.799,42.015,-176.595,-44.275,17.596,2.4,-3.93,22.763,168.198,-29.145,-1.415,2.536,-16.746,35.71,-395.908,21.74,12.358,-5.3,-14.674,77.878,66.321,-10.321,0,0
0,19.034,5.577,32.994,-333.63,366.166,15,5,10,0,1,9.563,-9.645,-16.114,54.489,-187.74,-36.947,14.586,-1.66,-4.567,31.145,189.603,-28.076,-5.311,-1.213,-41.836,373.71,371.298,83.176,17.088,-4.883,-8.677,90.55,70.504,-8.534,0,0
0,23.067,5.738,29.566,-342.786,403.222,15,5,10,0,1,8.749,-6.603,-20.568,72.641,-214.962,-40.656,15.089,-2.766,-7.657,37.802,212.901,-19.191,0.163,2.029,-14.231,43.603,-196.382,13.649,10.267,-4.426,-6.445,125.374,52.031,-25.481,0,0
0,27.768,5.86,26.024,-354.15,470.147,15,5,10,0,1,8.21,-8.002,-17.141,92.718,-237.527,-46.916,16.844,-5.47,-10.461,52.885,234.855,-0.122,0.471,-9.744,-38.052,394.687,-304.855,291.664,4.306,-6.414,-15.175,141.328,31.771,-27.145,0,0
0,32.756,5.945,22.857,-316.716,498.837,15,5,10,0,1,13.877,-9.302,-16.214,133.695,-233.634,-60.473,12.713,-5.221,-12.84,70.656,250.29,31.878,4.563,-1.825,-12.157,64.153,-192.107,25.084,7.999,-3.336,-13.664,163.344,20.992,-24.137,0,0
0,38.052,5.991,20.356,-250.111,529.542,15,5,10,0,1,15.75,-8.462,-17.661,150.565,-234.748,-53.679,11.285,-3.286,-15.292,106.87,253.771,48.656,7.961,-0.908,-11.683,81.939,350.29,92.031,8.917,4.462,-12.73,134.779,4.504,-24.214,0,0
0,43.453,5.998,18.396,-195.969,540.151,15,5,10,0,1,10.21,-10.72,-21.972,162.947,-230.641,-55.069,15.374,0.759,-11.867,104.397,270.183,77.237,7.185,3.023,-13.256,111.893,428.977,-389.74,8.926,6.823,-11.704,83.13,-1.725,-29.542,0,0
0,48.767,5.968,16.749,-164.784,531.35,15,5,10,0,1,-5.082,7.995,-35.274,186.87,-227.206,-42.382,14.49,-2.139,-16.566,79.053,274.626,114.748,5.988,7.037,-15.735,122.855,-137.863,-1.145,7.619,4.218,-12.876,62.84,3.344,-27.466,0,0
0,53.942,5.899,15.379,-136.986,517.491,15,5,10,0,1,13.807,-10.907,-12.085,221.908,-196.214,-47.969,14.717,3.413,-14.792,90.382,250.336,121.832,4.182,23.003,-20.65,228.29,472.29,-120.183,9.903,6.174,-9.24,47.878,8.122,-23.542,0,0
0,58.486,5.791,13.983,-139.538,454.434,15,5,10,0,1,17.57,-3.945,-12.354,212.275,-157.191,-40.046,15.898,-0.977,-19.275,66.107,264.473,124.702,2.213,23.82,-37.698,-173.115,-223.771,344.916,9.832,3.355,-10.385,43.221,10.153,-19.74,0,0
0,62.306,5.646,12.647,-133.633,381.982,15,5,10,0,1,11.384,-1.37,-14.313,180.962,-108,-27.832,15.311,0.618,-13.867,64.534,257.252,106.672,4.469,21.432,-18.269,166.305,453.481,-381.313,9.932,3.861,-10.162,63.802,7.282,-11.863,0,0
0,65.521,5.462,11.402,-124.489,321.545,15,5,10,0,1,11.031,0.989,-13.585,140.977,-70.855,-14.198,12.308,-0.433,-12.938,50.656,237.847,80.672,3.221,3.052,-18.015,139.527,453.481,-352.977,9.343,6.546,-9.63,55.176,6.992,-9.893,0,0
0,68.29,5.24,10.156,-124.581,276.833,15,5,10,0,1,6.859,3.164,-14.018,77.115,-44.382,-5.221,12.9,0.426,-10.497,45.008,222.183,55.908,2.697,0.157,-28.472,-489.573,-212.046,279.45,9.848,2.567,-8.919,53.588,9.099,-6.962,0,0
0,70.622,4.979,9.032,-112.416,233.254,15,5,10,0,1,6.792,3.212,-15.098,24.595,-8.489,4.824,12.689,1.092,-10.22,36.763,208.321,23.679,2.797,19.856,-15.821,106.794,-242.397,-39.267,9.456,3.947,-8.265,50.183,6.687,-3.664,0,0
0,72.475,4.681,7.941,-109.131,185.315,15,5,10,0,1,5.061,0.692,-15.57,-8.977,33.069,21.511,13.534,0.328,-9.532,25.008,201.344,-7.206,5.058,5.646,-19.658,363.328,138.244,-362.992,7.664,1.66,-10.514,37.405,4.702,-6.092,0,0
0,73.878,4.344,7.066,-87.467,140.236,15,5,10,0,1,4.498,0.156,-16.988,-45.099,62.58,30.992,12.811,-0.992,-11.115,21.802,197.985,-27.649,5.487,6.952,-12.507,173.298,212.26,-95.023,6.778,2.548,-8.05,32.809,-4.29,-1.664,0,0
0,74.951,3.968,6.429,-63.767,107.311,15,5,10,0,1,5.082,0.57,-17.34,-76.107,89.542,35.74,12.253,-1.815,-11.894,24.046,190.656,-42.962,4.009,6.742,-12.44,47.466,-347.618,-26.015,8.756,4.39,-7.817,17.557,-3.542,-3.084,0,0
0,75.717,3.555,5.912,-51.647,76.595,15,5,10,0,1,2.127,0.089,-17.891,-96.779,111.527,39.053,11.827,0.814,-10.962,20.305,182.473,-51.008,2.565,9.366,-14.298,166.458,390.351,9.771,9.19,4.452,-6.155,-9.832,-8.168,-6.321,0,0
0,76.167,3.103,5.374,-53.822,44.998,15,5,10,0,1,1.806,-4.208,-16.26,-95.649,136.305,42.885,9.491,0.575,-11.51,11.756,174.763,-53.588,4.004,6.869,-11.728,29.969,-140.519,9.252,11.309,0.479,-8.44,-12.443,-11.527,-5.267,0,0
0,76.332,2.612,4.939,-43.511,16.502,15,5,10,0,1,1.76,-3.353,-15.79,-93.924,152.305,45.405,8.265,-1.265,-11.786,1.45,162.748,-48.473,5.547,6.388,-10.335,9.756,-120.916,20.397,6.625,0.393,-9.764,4.824,-20.779,-5.023,0,0
0,76.255,2.084,4.788,-15.095,-7.69,15,5,10,0,1,1.882,7.187,-23.124,-98.26,177.695,45.084,11.099,-0.18,-10.691,-9.237,151.771,-49.802,5.346,6.613,-10.361,3.466,-94.107,18.26,10.416,1.396,-7.971,5.206,-33.573,-2.595,0,0
0,76.186,1.517,4.847,5.882,-6.924,15,5,10,0,1,3.365,-3.93,-15.431,-80.885,189.786,33.832,12.382,-0.857,-11.163,-31.588,158.84,-37.817,3.705,8.598,-13.726,13.893,-60.305,4.519,10.382,4.107,-7.547,-10.092,-25.634,-4.107,0,0
0,75.735,0.912,4.964,11.776,-45.067,15,5,10,0,1,2.108,-4.251,-16.339,-38.641,218.275,33.634,9.865,-1.42,-11.633,-22.672,156.168,-25.802,7.168,7.475,-11.024,3.588,-47.206,1.557,5.741,1.514,-9.745,-9.725,-45.176,-6.763,0,0
0,74.907,0.268,5.235,27.065,-82.787,15,5,10,0,1,3.032,-4.273,-16.545,-7.115,244.397,24.183,8.869,-4.51,-11.875,-3.344,148.931,-13.099,6.912,7.599,-10.758,-7.679,483.618,-3.756,6.553,3.707,-7.868,-22.015,-50.473,-4.382,0,0
0,73.757,0,5.542,30.739,-114.979,15,5,10,0,1,3.557,-3.2,-18.298,21.573,263.496,11.435,7.76,-4.258,-12.576,18.351,136.092,2.687,3.135,8.682,-12.883,-15.954,-50.611,-24.061,12.667,4.44,-4.141,-36.779,-47.893,-5.13,0,0
0,72.355,0,5.601,5.836,-140.259,15,5,10,0,1,3.142,-2.594,-20.528,43.847,278.794,1.206,7.324,-4.064,-11.997,41.557,125.053,8.366,3.921,6.273,-12.548,-30.84,-56.992,-10.229,9.384,-1.408,-10.952,-31.16,-40.626,-4.901,0,0
0,70.787,0,5.583,-1.808,-156.739,15,5,10,0,0,2.658,-4.215,-20.125,67.298,289.13,-8.153,5.295,-3.2,-13.125,59.008,112.168,16.305,1.993,5.216,-12.629,-37.267,-60.412,-9.985,9.357,-0.45,-9.077,-13.374,-48.565,-1.45,0,0
0,69.022,0,5.583,-0,-176.525,15,5,10,0,0,4.577,-2.546,-19.009,77.313,299.252,-15.481,4.16,-4.033,-12.567,76.473,96.809,21.359,2.651,4.634,-12.83,-28.29,-61.603,-8.779,9.506,0.335,-8.905,-5.603,-49.878,0.702,0,0
0,67.074,0,5.565,-1.797,-194.859,15,5,10,0,0,3.535,-1.09,-18.48,67.16,305.649,-25.588,3.19,-3.001,-13.141,98.687,83.832,22.397,2.462,4.318,-13.498,-14.55,-123.435,-17.435,9.901,1.133,-9.247,-0.473,-47.725,1.74,0,0
0,64.95,0,5.539,-2.563,-212.391,15,5,10,0,0,4.031,1.533,-20.499,44.779,308.137,-34.107,2.876,-3.913,-14.078,123.053,67.084,17.023,3.305,3.909,-13.122,-0.305,-58.794,-16.061,9.652,0.357,-9.841,4.229,-50.702,2.092,0,0
0,62.786,0,5.539,-0,-216.362,15,5,10,0,0,1.873,0.443,-22.238,25.725,301.191,-39.924,3.341,-1.962,-12.955,142.748,58,7.496,2.735,3.901,-14.004,12.504,-58.427,-5.893,9.791,0.172,-10.059,6.977,-49.786,2,0,0
0,60.559,0,5.535,-0.423,-222.714,15,5,10,0,0,-0.548,-0.96,-23.641,15.908,291.16,-39.389,7.219,-0.539,-8.969,149.847,53.573,-7.542,2.259,3.866,-14.267,10.366,-116.26,-9.099,9.527,-0.608,-10.282,10.748,-51.084,1.435,0,0
0,58.292,0,5.535,-0,-226.662,15,5,10,0,0,4.472,-3.818,-21.663,20.947,290.336,-36.855,5.465,1.066,-9.7,136.779,46.092,-17.969,2.52,4.237,-14.349,26.84,-58.198,-2.794,9.8,-0.668,-10.093,15.328,-52.275,2.351,0,0
0,56.011,0,5.535,-0,-228.15,15,5,10,0,0,5.391,-0.994,-22.822,15.084,282.779,-35.573,2.227,2.005,-9.623,112.916,38.733,-31.053,2.723,5.006,-14.792,30,-120.595,-4.397,10.121,0.357,-10.454,17.939,-53.725,1.603,0,0
0,53.711,0,5.535,-0,-229.981,15,5,10,0,0,2.493,1.466,-27.828,11.664,270.198,-34.809,2.383,3.643,-8.052,85.725,26.26,-47.542,3.324,5.453,-14.849,24.29,-248.198,-14.29,10.437,1.073,-10.306,16.595,-56.977,-1.664,0,0
0,53.711,0,5.535,-0,-229.981,15,5,10,0,0,2.493,1.466,-27.828,11.664,270.198,-34.809,2.383,3.643,-8.052,85.725,26.26,-47.542,3.324,5.453,-14.849,24.29,-248.198,-14.29,10.437,1.073,-10.306,16.595,-56.977,-1.664,0,0
0,49.225,0,5.524,-0.813,-217.953,15,5,10,0,0,1.164,-1.938,-27.33,2.321,219.313,-28.687,3.672,4.395,-5.556,33.664,1.771,-48.809,4.266,6.416,-13.69,4.26,-262.061,-47.511,10.608,1.363,-8.545,10.977,-58.305,-0.229,0,0
0,47.248,0,5.521,-0.309,-197.686,15,5,10,0,0,0.613,-5.022,-26.396,-0.733,187.008,-25.466,3.621,3.681,-6.028,14.748,-9.084,-41.679,3.83,7.068,-13.4,6.962,-68.214,-15.221,10.536,1.262,-8.083,10.229,-59.191,-0.382,0,0
0,45.457,0,5.521,-0,-179.1,15,5,10,0,0,0.175,-4.328,-27.167,-3.191,154.458,-20.901,4.917,1.607,-5.195,4.321,-20.489,-32.366,3.291,1.01,-22.906,9.618,-72.809,-297.527,9.978,1.238,-8.098,10.015,-61.374,-2.244,0,0
0,43.868,0,5.521,-0,-158.913,15,5,10,0,0,0.481,-4.912,-26.17,-9.969,119.725,-17.908,4.677,-0.211,-4.088,6.809,-33.023,-25.542,3.255,6.014,-12.902,0.855,-64.412,-26.504,10.857,0.268,-9.264,13.603,-63.893,-1.481,0,0
0,42.512,0,5.521,-0,-135.578,15,5,10,0,0,3.279,-7.104,-25.675,-8.962,90.107,-9.481,2.579,0.699,-6.222,15.45,-45.053,-20.366,5.013,5.107,-17,5.298,-115.74,-23.573,11.848,0.913,-9.654,14.84,-65.023,0.87,0,0
0,41.458,0,5.524,0.309,-105.4,15,5,10,0,0,0.584,-5.001,-26.57,-20.641,49.802,-4.351,4.134,1.305,-6.093,25.679,-54.672,-14.901,4.378,4.791,-16.995,32.351,-211.496,-210.565,11.534,0.994,-9.745,17.328,-68.687,1.557,0,0
0,40.612,0,5.549,2.563,-84.618,15,5,10,0,0,0.62,-7.336,-25.277,-21.511,18.595,2.443,6.311,1.952,-5.7,23.008,-64.611,-9.847,4.555,4.661,-14.516,18.992,-52.229,-1.71,11.491,-0.96,-10.574,24.107,-70.916,3.053,0,0
0,39.964,0,5.645,9.544,-64.797,15,5,10,0,0,6.555,-8.924,-22.829,-10.992,2.504,2.336,10.179,-0.517,-6.222,7.634,-66.656,-4,8.569,3.353,-12.993,23.985,-188.229,-375.206,6.371,-2.793,-15.429,44.076,-85.053,5.298,0,0
0,39.451,0,6.085,43.968,-51.281,15,5,10,0,0,1.499,-8.426,-24.621,-21.45,-39.038,1.618,9.803,1.221,-5.257,26.992,-68.641,15.817,8.1,3.838,-15.208,62.702,-146.641,-10.687,11.403,1.791,-10.608,39.344,-95.023,7.664,0,0
0,39.048,0,6.769,68.47,-40.295,15,5,10,0,0,-0.977,-3.918,-33.094,-19.038,-75.603,5.115,11.082,-0.901,-1.77,20.885,-71.664,18.824,4.838,5.77,-15.156,48.611,-64.443,-19.542,14.808,4.186,-7.468,18.977,-95.176,5.313,0,0
0,39.007,0,7.443,67.417,-4.063,15,5,10,0,0,7.19,-6.452,-20.681,-15.511,-109.878,-4.107,13.235,-2.852,-3.427,12.473,-86.275,36.046,7.084,9.208,-17.168,111.008,-134.672,-21.924,11.46,-0.572,-11.293,15.481,-99.771,5.374,0,0
0,39.018,0,8.223,77.946,1.122,15,5,10,0,0,13.479,-3.806,-6.261,-2.305,-80.84,-7.847,13.886,-2.79,-5.03,17.74,-93.786,33.74,6.627,5.604,-12.021,64.504,-28.046,-1.832,13.688,0.012,-7.645,20.718,-104.214,11.038,0,0
0,39.004,0,8.974,75.073,-1.431,15,5,10,1,0,17.702,-4.483,-2.738,-6.885,-60.412,-12.992,17.702,-4.689,-5.858,31.313,-69.344,40.061,8.996,5.385,-11.012,144.168,-124.947,0,13.604,-1.777,-9.264,34.763,-103.695,14.595,1,0
0,39.004,0,9.75,77.648,0,5,15,10,1,0,11.745,-7.003,-7.403,9.053,-47.802,-1.374,16.154,-2.618,-6.366,39.206,-46.702,45.298,9.69,6.867,-9.8,69.298,-31.145,15.115,16.494,-0.18,-4.175,50.718,-111.664,17.679,0,0
0.662,39.041,0,10.516,76.538,3.662,5,15,10,1,0,8.886,-4.531,-11.477,21.634,-46.809,7.832,13.297,0.158,-4.718,41.679,-36.031,62.916,4.579,9.614,-8.608,182.336,-24.183,45.679,15.256,-1.265,-4.464,68.748,-111.466,18.153,0,0
1.286,39.348,0,11.332,81.665,30.773,5,15,10,1,0,-0.163,0.781,-21.919,12.137,-72.763,2.168,12.296,2.385,-0.786,37.969,-34.458,77.359,11.257,5.183,-7.841,92.122,3.176,-272.977,15.932,-0.419,-2.958,76.443,-116.29,17.069,0,0
1.871,40.12,0,12.277,94.471,77.191,5,15,10,1,0,1.044,-6.311,-20.228,28.672,-85.176,-3.878,6.61,0.515,-2.843,20.611,-42.275,81.084,6.888,10.351,-2.424,166.962,54.046,22.84,12.818,-0.608,-5.978,88.168,-133.008,15.588,0,0
2.417,40.871,0,13.68,140.271,75.096,5,15,10,1,0,5.815,-6.263,-21.014,69.053,-87.328,-5.863,4.757,-4.658,-6.141,9.206,-58.672,76.534,10.21,6.74,-6.16,63.053,48.366,6.611,15.115,2.385,-2.429,72.718,-141.939,12.031,0,0
2.925,41.201,0,15.445,176.503,33.005,5,15,10,1,0,10.277,-1.813,-18.868,96.947,-60.351,-6,6.45,-7.796,-13.985,23.038,-80.763,56.809,9.518,6.011,-7.195,38.458,67.359,3.939,15.678,2.936,-2.491,41.496,-149.847,7.466,0,0
3.394,40.966,0,17.51,206.555,-23.506,5,15,10,1,0,6.079,4.045,-20.231,71.939,-50.55,-8.336,10.684,-4.107,-11.487,52.931,-98.641,39.023,9.194,6.984,-7.003,20.55,93.344,0.153,11.894,1.674,-3.166,21.969,-159.389,6.947,0,0
3.824,40.249,0,20.136,262.539,-71.697,5,15,10,1,0,11.362,-1.317,-17.309,52.427,-34.458,-0.443,12.318,1.236,-11.46,60.473,-110.931,28.855,11.048,8.304,-5.094,-2.412,125.771,2.092,12.995,5.868,-2.208,-3.084,-175.954,5.344,0,0
4.215,39.037,0,23.142,300.683,-121.228,5,15,10,1,0,12.579,1.198,-17.694,29.511,-15.008,14.046,11.903,1.363,-11.697,57.954,-132.26,19.496,10.639,8.545,-6.514,-10.962,311.985,-24.244,18.506,3.791,-2.599,-32,-170.458,-0.565,0,0
4.567,37.253,0,26.456,331.399,-178.414,5,15,10,1,0,8.986,4.527,-18.602,-4.244,7.16,23.13,11.043,-0.611,-12.607,53.45,-156.748,11.847,9.321,8.464,-7.899,-30.626,180.351,-3.878,17.738,0.75,-5.238,-48.076,-163.969,-2.427,0,0
4.881,34.958,0,30.002,354.573,-229.535,5,15,10,1,0,5.298,5.698,-19.392,-37.328,30.901,27.863,12.809,2.771,-12.361,35.099,-172.992,7.16,9.048,16.377,-9.197,-93.649,415.74,-14.931,15.472,2.117,-9.585,-56.031,-165.145,1.878,0,0
5.156,32.199,0,33.851,384.854,-275.826,5,15,10,1,0,1.629,4.596,-19.371,-68.962,43.038,32.656,5.226,5.259,-15.637,7.618,-191.328,2.824,6.225,9.506,-12.387,-70.84,220.824,-18.733,15.999,1.734,-17.144,-65.267,-175.435,-1.298,0,0
5.393,29.222,0,38.007,415.627,-297.73,5,15,10,1,0,10.996,-0.618,-12.533,-101.786,62.84,34.412,14.174,10.184,-11.534,-9.42,-189.069,-4.29,5.786,9.424,-14.531,-100.397,452.87,-101.985,14.82,4.776,-17.361,-90.321,-191.359,-2.076,0,0
5.59,25.945,0,42.472,446.469,-327.737,5,15,10,1,0,7.975,6.577,-11.685,-148.931,53.191,50.87,9.247,3.521,-8.929,-51.756,-196.198,-4.107,4.57,19.559,-22.216,-235.939,486.214,-121.832,19.68,11.321,-15.666,-134.031,-195.847,12.443,0,0
5.749,22.674,0,47.049,457.696,-327.027,5,15,10,1,0,2.618,5.307,-15.563,-177.023,46.947,48.366,7.932,3.513,-8.948,-72.443,-198.061,-2.351,7.664,5.834,-18.806,-123.45,252.595,-54.947,15.34,0.867,-18.564,-153.221,-194.366,9.878,0,0
5.869,19.639,0,51.677,462.88,-303.555,5,15,10,1,0,8.713,0.002,-16.545,-169.725,35.511,40.107,9.776,3.547,-7.846,-93.099,-181.847,2.626,7.875,4.879,-18.358,-134.55,260.275,-71.496,18.269,2.225,-11.067,-157.527,-171.832,15.969,0,0
5.95,17.134,0,56.251,457.398,-250.477,5,15,10,1,0,5.303,-3.628,-17.079,-127.435,24.214,41.878,12.382,6.852,-8.615,-102.29,-163.878,6.718,0.594,7.256,-39.901,25.679,183.542,-174.168,14.272,-1.152,-19.457,-138.29,-150.321,17.374,0,0
5.993,15.182,0,60.756,450.498,-195.225,5,15,10,1,0,8.778,-9.506,-12.485,-84.031,13.664,38.901,13.323,1.09,-8.816,-99.527,-141.313,14.107,8.258,-1.363,-21.713,-107.42,153.374,-235.969,10.167,5.956,-19.601,-126.595,-140.382,6.473,0,0
5.997,13.596,0,65.07,431.352,-158.535,5,15,10,1,0,4.634,-1.997,-15.783,-54.382,11.481,38.183,11.106,-3.061,-10.394,-101.328,-134.702,21.435,4.452,2.462,-20.214,-72.794,-242.305,-129.191,-4.369,0.388,-22.712,-132.565,-134.031,-12.229,0,0
5.962,12.209,0,68.761,369.13,-138.794,5,15,10,1,0,7.379,-6.847,-12.579,-38.397,13.908,32.84,10.591,-4.536,-9.949,-86.702,-129.282,31.176,4.943,3.818,-17.259,-49.664,242.947,-82.962,12.507,-2.591,-13.834,-144.824,-82.122,-13.435,0,0
5.888,10.846,0,71.698,293.713,-136.219,5,15,10,1,0,5.298,-4.915,-14.468,-27.908,11.893,34.336,9.997,-5.212,-7.791,-71.466,-130.26,31.878,5.808,4.23,-17.445,-58.748,480.626,-141.557,10.073,-3.468,-9.444,-109.817,-48.092,-4.794,0,0
5.776,9.403,0,74.039,234.055,-144.287,5,15,10,1,0,5.964,-2.297,-15.201,-45.435,8.122,29.45,8.955,-4.737,-7.822,-58.687,-134.183,29.603,7.216,3.751,-14.598,-22.046,194.977,-82.748,12.392,-8.56,-9.559,-53.863,10.092,10.198,0,0
5.625,7.95,0,75.752,171.33,-145.386,5,15,10,1,0,6.553,-5.856,-13.69,-48.534,11.176,28.489,6.991,-4.227,-9.087,-51.481,-136.733,23.298,6.397,5.293,-15.01,-27.115,389.756,-36.672,13.743,-7.207,-8.747,0.977,63.267,21.023,0,0
5.435,6.385,0,76.957,120.518,-156.452,5,15,10,1,0,5.061,-3.513,-13.836,-52.183,9.511,25.618,10.603,-2.587,-7.705,-52.443,-134.916,19.405,3.305,3.56,-21.234,-55.664,365.008,5.924,8.878,-4.46,-9.973,35.206,82.947,19.145,0,0
5.207,4.873,0,77.738,78.037,-151.234,5,15,10,1,0,6.311,-6.747,-12.207,-53.13,10.061,21.298,10.768,-1.856,-8.124,-58.534,-129.878,18.916,3.118,7.191,-21.431,-56.794,362.26,14.534,5.389,-2.476,-14.43,84.427,117.023,12.443,0,0
4.939,3.43,0,78.283,54.497,-144.299,5,15,10,1,0,6.114,-4.481,-12.84,-49.542,4.29,18.672,11.908,-0.17,-7.3,-62.611,-122.412,18.962,1.312,3.584,-21.392,-24.672,-321.176,-373.74,5.465,-0.91,-15.68,89.954,139.756,5.649,0,0
4.633,2.211,0,78.44,15.781,-121.914,5,15,10,1,0,6.943,-5.923,-11.348,-44.153,3.603,15.893,11.556,-2.033,-8.715,-75.252,-113.847,18.733,4.517,7.371,-32.773,-47.115,-347.359,-34.687,15,5.858,-11.858,59.679,167.985,3.557,0,0
4.288,1.145,0,78.334,-10.654,-106.533,5,15,10,1,0,6.845,-4.11,-13.053,-29.038,5.115,16.198,11.64,-1.54,-7.717,-70.382,-107.954,17.588,3.011,3.916,-14.341,7.573,-363.725,-59.115,6.895,-0.644,-16.013,81.893,169.863,7.817,0,0
3.905,0.245,0,78.338,0.423,-90.077,5,15,10,1,0,5.698,-3.631,-12.224,-20.855,-1.634,14.611,11.467,-2.328,-7.621,-68.718,-101.496,14.489,1.641,4.313,-15.582,24.55,305.985,3.908,4.881,0.853,-13.822,49.221,191.924,14.626,0,0
3.483,-0.488,0,78.246,-9.19,-73.265,5,15,10,1,0,8.62,-4.831,-13.108,-6.382,-1.527,13.115,11.396,-2.225,-9.101,-62.687,-96.519,12.29,0.151,9.015,-16.37,41.038,143.206,12.641,12.03,5.104,-8.054,30.534,214.229,29.206,0,0
3.022,-1.103,0,77.818,-42.801,-61.535,5,15,10,1,0,9.616,-5.271,-11.484,6.748,-6.87,11.618,10.521,-1.648,-9.537,-54.672,-91.221,14.473,1.305,6.764,-16.456,35.878,133.542,-13.008,6.713,-0.893,-13.149,8.031,228.351,33.206,0,0
2.522,-1.609,0,77.085,-73.288,-50.526,5,15,10,1,0,5.353,-2.917,-12.706,9.282,-12.321,12.427,8.735,-4.206,-10.428,-37.908,-89.115,10.779,0.414,8.529,-16.542,2.931,-456.26,-41.71,8.409,0.405,-13.848,-16.931,253.45,39.618,0,0
1.983,-2.048,0,75.942,-114.292,-43.968,5,15,10,1,0,5.461,-2.536,-13.23,9.282,-18.626,10.244,10.751,-4.278,-10.531,-21.099,-82.977,7.374,-0.58,6.69,-35.81,8.061,-13.206,-105.771,7.815,-1.741,-16.418,-24.183,264.244,50.748,0,0
1.406,-2.4,0,74.547,-139.504,-35.145,5,15,10,1,0,6.239,-5.873,-10.919,14.137,-23.924,6.763,11.57,-1.382,-9.391,-4.489,-77.221,8.809,-1.372,6.947,-21.287,-36.885,-133.756,-224.489,6.519,-1.564,-16.938,-28.076,272.87,60.824,0,0
0.79,-2.52,0,72.896,-165.15,-12.062,5,15,10,1,0,4.424,-3.748,-11.915,0.427,-40.489,1.817,15.474,-0.405,-7.609,-2.305,-57.099,8.061,-1.533,7.3,-14.957,-49.191,187.71,-47.573,6.189,-0.443,-16.521,-37.802,284.183,67.893,0,0
0.136,-2.352,0,70.959,-193.703,16.811,5,15,10,1,0,9.817,-9.894,-9.19,24.427,-35.359,0.489,9.384,-4.175,-10.423,-7.313,-46.153,12.901,-2.112,7.074,-30.733,-448.855,-350.305,-232.061,7.439,1.538,-16.126,-38,291.481,73.985,0,0
0,-2.206,0,68.728,-223.046,14.671,5,15,10,1,0,4.527,-1.336,-12.701,23.802,-43.878,1.847,11.558,-2.639,-7.262,5.328,-49.008,14.473,-2.994,8.463,-31.48,383.878,-490.763,-122.137,7.592,-1.044,-17.898,-40.427,302.656,78.443,0,0
0,-2.154,0,66.261,-246.769,5.127,5,15,10,1,0,10.375,-5.456,-10.442,22.824,-30.977,2.321,4.718,-3.729,-10.426,9.206,-64.076,12.809,-5.949,6.083,-17.211,-98.198,102.122,-21.557,7.408,-0.371,-17.093,-41.817,306.168,83.191,0,0
0,-2.217,0,63.671,-258.98,-6.226,5,15,10,1,0,5.667,-1.887,-10.89,4.794,-43.603,0.656,8.572,-1.466,-7.415,20.305,-68.427,10.855,-2.74,5.64,-13.817,-109.802,39.374,-11.389,5.149,2.093,-17.278,-31.282,291.237,85.908,0,0
0,-2.242,0,61.02,-265.103,-2.563,5,15,10,1,0,9.156,-3.851,-12.035,-13.771,-43.282,-1.45,9.491,-2.366,-9.76,6.763,-72.031,7.008,-5.465,6.164,-30.57,60.824,193.206,-19.786,3.224,-2.043,-22.068,-23.649,284.397,79.847,0,0
0,-2.444,0,58.383,-263.672,-20.13,5,15,10,1,0,10.217,-7.355,-9.832,3.573,-37.374,-0.84,6.464,-2.033,-12.078,-0.55,-76.992,13.053,-4.613,3.772,-14.02,-130.168,40.489,10.168,6.936,3.382,-18.688,-38.55,277.237,75.267,0,0
0,-2.789,0,55.768,-261.509,-34.493,5,15,10,1,0,6.627,0.553,-13.999,-17.252,-38.26,0.901,7.765,-1.681,-10.306,-2.366,-83.542,10.137,-4.457,3.268,-16.837,-243.328,31.267,16.977,9.846,1.154,-20.94,-37.557,265.191,67.466,0,0
0,-3.14,0,53.19,-257.802,-35.122,5,15,10,1,0,5.774,-5.379,-9.927,-29.053,-47.588,-3.817,12.047,1.739,-7.774,-12.947,-77.267,16.153,-2.999,3.517,-10.643,-204.58,17.588,53.985,8.646,3.03,-19.836,-35.374,240.687,63.985,0,0
0,-3.462,0,50.722,-246.838,-32.215,5,15,10,1,0,8.902,-3.557,-12.354,-35.069,-40.87,-2.107,9.252,-1.14,-10.847,-30.412,-77.863,11.237,-2.903,1.116,-7.41,-151.389,9.466,90.809,6.232,-0.522,-23.816,-28.244,222.153,57.099,0,0
0,-3.704,0,48.404,-231.755,-24.216,5,15,10,1,0,4.048,-2.558,-14.871,-39.267,-51.45,-3.298,12.294,0.168,-8.811,-34.412,-71.084,10.321,-2.675,-0.58,-6.749,-51.985,-23.511,100.153,5.089,1.142,-22.266,-17.649,187.435,51.832,0,0
0,-3.862,0,46.32,-208.409,-15.747,5,15,10,1,0,8.308,-7.171,-11.977,-30.977,-52.031,-4.763,7.894,-1.547,-11.357,-44.092,-68.046,15.389,-2.242,1.159,0.719,-81.969,-214.473,442.626,5.286,2.136,-21.795,2.611,154.427,40.519,0,0
0,-3.887,0,44.515,-180.497,-2.541,5,15,10,1,0,5.439,-3.892,-12.143,-32.595,-63.725,-5.832,10.588,-0.548,-9.369,-48.168,-59.71,19.481,-0.92,0.079,-4.512,10.977,-22.931,55.389,2.577,3.142,-23.383,21.649,116.595,28.824,0,0
0,-3.864,0,43.123,-139.241,2.254,5,15,10,1,0,5.597,-6.502,-12.468,-24.153,-64.061,-6.137,10.572,0.062,-8.162,-51.725,-60.672,20.26,-0.948,1.672,-5.156,16.504,-118.534,100.397,3.573,4.222,-21.857,43.954,78.87,12.672,0,0
0,-3.864,0,42.072,-105.046,0,5,15,10,1,0,6.495,-3.228,-12.207,-29.13,-70.931,-4.84,10.32,-0.608,-8.064,-59.481,-60.214,21.771,-1.03,3.214,-2.749,64.534,-65.008,1.954,5.145,6.399,-20.463,55.298,42.122,-3.466,0,0
0,-3.854,0,41.307,-76.55,1.041,5,15,10,1,0,6.5,-3.133,-12.263,-29.908,-71.634,-4.779,9.204,-1.456,-9.089,-65.023,-61.435,22.153,1.679,2.864,-4.826,39.618,-41.13,0.366,7.643,4.024,-22.47,66.672,13.985,-9.496,0,0
0,-3.825,0,40.926,-38.109,2.93,5,15,10,0,0,6.495,-4.016,-11.824,-29.42,-79.099,-5.863,10.014,-1.03,-8.418,-73.206,-61.176,21.908,3.686,4.694,-5.638,42.214,-64.427,28.031,8.842,9.537,-19.723,65.908,-26.901,-10.931,0,0
0,-3.763,0,40.875,-5.093,6.203,5,15,10,0,0,5.932,-3.676,-12.95,-40.26,-86.153,-7.481,10.488,-0.199,-8.476,-87.725,-59.893,23.557,3.078,6.438,-0.244,62.58,-118.244,-15.511,8.553,8.718,-25.119,48.183,-62.504,-16.687,0,0
0,-3.407,0,41.178,30.35,35.557,5,15,10,0,0,7.808,-5.458,-10.253,-59.832,-103.481,-16.931,13.192,-0.062,-7.14,-109.802,-47.603,25.557,2.776,8.356,-7.607,24.321,-151.038,-90.504,4.448,9.796,-28.307,8.26,-115.893,-15.786,0,0
0,-2.781,0,41.863,68.482,62.588,5,15,10,0,0,6.371,-4.809,-12.912,-63.817,-104,-19.649,13.692,-1.332,-8.478,-121.802,-42.824,19.847,1.047,3.508,-13.168,15.435,-116.29,-158.656,8.222,8.608,-15.79,-51.634,-136.611,-15.221,0,0
0,-2.11,0,42.691,82.764,67.074,5,15,10,0,0,7.437,-5.913,-12.552,-63.71,-107.344,-20.198,12.861,-3.231,-9.956,-124.214,-39.42,19.16,1.344,13.413,-17.407,-45.023,-258.641,-246.229,13.371,5.92,-2.27,-85.817,-120.397,-4.809,0,0
0,-1.492,0,43.445,75.451,61.833,5,15,10,0,1,14.452,-5.408,-9.367,-82.305,-109.573,-29.008,15.194,-1.83,-8.318,-118.031,-37.863,13.313,3.846,13.064,-23.945,-153.939,-274.031,-348.702,11.743,-4.34,0.584,-105.985,-83.206,6.947,0,1
0,-0.836,0,44.038,59.315,65.563,5,5,10,0,1,12.047,-1.193,-11.3,-102.366,-107.527,-29.115,18.102,-1.142,-9.513,-112.595,-27.481,1.618,4.191,16.73,-35.791,15.481,-19.084,491.969,10.679,-6.922,0.503,-95.74,-60.916,16.427,0,0
0,-0.023,0.662,44.453,41.451,81.31,5,5,10,0,1,12.042,-5.36,-10.018,-104.489,-114.885,-36.26,18.111,-3.166,-7.954,-106.351,-10.183,-6.183,4.728,1.183,-11.748,-139.466,-117.634,-24.672,10.174,-4.701,-12.035,-91.542,-61.313,16.015,0,0
0,0.874,1.286,44.811,35.832,89.745,5,5,10,0,1,10.718,-2.383,-12.248,-99.374,-117.832,-35.878,17.292,-2.1,-9.19,-91.695,1.206,-12.107,0.514,-5.767,9.063,-303.16,192.214,-338.565,6.146,-10.768,-24.748,-78.931,-88.397,-2.015,0,0
0,1.958,1.871,45.705,89.401,108.376,5,5,10,0,1,11.178,-3.99,-10.667,-87.573,-128.87,-40.534,19.627,-1.839,-8.215,-76.275,17.802,-17.115,0.742,-4.522,-2.52,-145.71,-57.542,-146.565,10.069,1.317,-19.218,-51.405,-130.229,-18.855,0,0
0,3.302,2.417,46.913,120.793,134.411,5,5,10,0,1,12.555,-2.05,-11.91,-67.664,-136.489,-43.771,19.436,-1.013,-8.993,-57.145,26.733,-17.954,0.154,-1.494,-46.847,335.618,132.366,-99.176,9.987,6.902,-16.933,-61.542,-137.756,-28.473,0,0
0,4.947,2.925,48.001,108.753,164.463,15,5,10,0,1,12.555,-2.05,-11.91,-66.168,-137.084,-43.511,17.666,-2.012,-7.518,-31.481,36.656,-17.847,3.073,1.957,-12.267,-15.359,-71.206,-74.29,13.838,0.608,-15.453,-80.015,-96.031,-26.718,0,0
0,6.902,3.394,48.499,49.851,195.557,15,5,10,0,1,8.227,1.662,-13.007,-14.565,-152.351,-46.809,17.371,-1.092,-7.087,-10.473,48.214,-18.321,2.184,6.987,-41.51,117.725,318.031,-484.397,13.98,-5.566,-13.999,-75.985,-60.214,-23.099,0,0
0,9.293,3.824,47.998,-50.137,239.125,15,5,10,0,1,11.927,-4.105,-12.277,9.389,-170.473,-54.977,20.976,-2.053,-2.254,7.45,69.969,-17.924,7.434,0.629,-22.14,12.137,-433.542,-182.779,14.878,-10.665,-19.112,-31.679,-41.893,-11.145,0,0
0,11.955,4.215,47.232,-76.538,266.202,15,5,10,0,1,18.99,-2.144,-5.794,33.832,-171.954,-62.412,20.003,-1.593,-3.516,4.168,88.763,-10.214,4.173,-3.613,-43.762,-62.458,-30.321,-202.26,20.01,-4.682,-11.75,13.313,-26.824,-17.008,0,0
0,14.82,4.567,46.145,-108.765,286.423,15,5,10,0,1,14.555,-3.763,-3.415,39.344,-167.42,-56.58,18.753,-0.311,-3.425,22.229,110.824,-23.466,0.331,3.161,-0.929,-54.153,-204.229,375.206,16.375,6.517,-8.354,22.153,-15.42,-26.26,0,0
0,17.782,4.881,44.376,-176.892,296.208,15,5,10,0,1,18.367,-5.315,-2.402,38.107,-156.534,-52.687,14.188,1.087,-6.725,36.901,134.534,-25.634,7.736,8.566,-12.464,16.595,367.435,-42.992,9.918,-2.208,-17.273,35.282,14.305,-20.947,0,0
0,20.95,5.156,42.08,-229.626,316.819,15,5,10,0,1,12.562,-9.365,-6.591,34.702,-160.366,-48.366,14.301,0.414,-4.613,57.481,156.198,-24.916,2.927,7.361,-35.504,91.053,275.527,-229.618,17.309,-1.739,-13.01,42.214,45.435,-11.817,0,0
0,24.403,5.393,39.289,-279.03,345.303,15,5,10,0,1,10.385,-9.223,-12.136,33.45,-170.275,-46.794,14.636,-1.121,-7.437,63.45,176.947,-14.641,0.934,0.372,24.103,125.74,-119.221,-81.099,10.787,-2.994,-13.185,54.397,48.702,-11.969,0,0
0,28.292,5.59,36.118,-317.174,388.917,15,5,10,0,1,9.8,-11.388,-16.523,60.183,-181.298,-50.122,15.429,-1.284,-7.712,66.137,199.954,0.412,-0.263,9.268,-26.805,130.992,-223.756,29.802,11.24,-7.281,-8.694,79.023,43.664,-19.038,0,0
0,32.526,5.749,32.994,-312.379,423.352,15,5,10,0,1,10.948,-11.815,-16.99,97.481,-199.16,-51.954,17.421,-1.863,-8.205,60.412,226.473,13.282,-2.486,5.801,-12.222,3.695,-190.977,-11.237,10.368,-5.851,-8.809,110.214,31.725,-26.84,0,0
0,37.06,5.869,29.973,-302.09,453.393,15,5,10,0,1,12.646,-3.205,-23.368,136.641,-197.466,-52.595,13.582,-6.481,-13.177,56.931,239.618,26.458,2.315,-2.219,-22.724,118.779,-74.504,16.611,10.124,-2.069,-13.134,95.985,29.725,-27.374,0,0
0,41.798,5.95,27.274,-269.932,473.809,15,5,10,0,1,13.28,-3.36,-19.998,152.565,-198.687,-60.58,17.5,-3.228,-11.206,81.527,251.756,39.756,5.231,0.709,-10.37,5.664,-351.389,27.908,7.992,-0.35,-13.405,92.397,12,-24.458,0,0
0,46.702,5.993,25.106,-216.774,490.426,15,5,10,0,1,6.004,5.238,-33.631,197.511,-152.534,-75.908,14.782,-6.328,-10.905,58.534,268.275,61.542,6.011,0.637,-10.945,32.26,385.053,303.634,7.731,3.686,-13.321,61.084,4.534,-29.359,0,0
0,51.422,5.997,23.457,-164.83,471.99,15,5,10,0,1,22.35,-11.264,-16.648,171.817,-184.595,-72.336,0.158,0.599,-18.676,110.595,232.687,102.992,4.982,2.181,-13.771,82.901,-96.015,-161.954,10.636,4.977,-9.539,33.847,-1.573,-31.267,0,0
0,56.098,5.962,22.044,-141.323,467.664,15,5,10,0,1,9.468,-4.747,-20.964,151.618,-164.626,-52.992,9.762,0.884,-16.02,98.824,232.153,87.237,3.825,4.989,-11.681,51.084,-131.16,-15.679,8.936,1.279,-10.861,15.298,0.397,-34.443,0,0
0,60.223,5.888,20.758,-128.575,412.412,15,5,10,0,1,8.083,-7.7,-19.524,146.687,-154.977,-48.092,17.563,5.293,-12.775,72.534,239.038,88,2.996,5.621,-13.225,59.847,-132.427,-17.359,8.864,-2.749,-11.934,35.969,-3.832,-29.435,0,0
0,63.526,5.776,19.564,-119.408,330.323,15,5,10,0,1,7.326,2.869,-20.676,168.672,-96.855,-31.374,12.674,0.848,-13.882,67.679,228.031,77.939,2.702,6.098,-13.283,64.885,-132.275,-15.695,9.642,1.624,-9.791,49.527,-6.458,-24.977,0,0
0,66.25,5.625,18.4,-116.398,272.393,15,5,10,0,1,7.686,5.204,-16.708,127.939,-63.145,-28.641,11.194,-0.699,-9.372,74.076,213.969,60.55,1.14,6.626,-25.617,149.786,484.931,-89.405,12.023,-0.738,-10.816,71.985,-6.977,-18.595,0,0
0,68.681,5.435,18.225,-17.578,243.165,15,5,10,0,1,10.66,-0.24,-11.23,79.954,-33.573,-19.313,12.734,1.042,-10.181,62.504,203.878,34.672,9.209,8.363,-9.084,97.176,-119.16,29.313,17.9,12.26,-0.73,122.061,-49.985,2.931,0,0
0,70.82,5.207,18.712,48.718,213.913,15,5,10,0,1,5.312,6.364,-18.466,40.031,-0.534,-7.053,15.982,-0.774,-9.741,40.733,209.893,10.015,8.122,14.529,-12.253,257.511,-126.977,-122.198,11.496,21.924,-4.395,54.489,-19.481,-7.695,0,0
0,72.695,4.939,18.031,-68.115,187.477,15,5,10,0,1,7.42,2.999,-16.111,-4.672,25.466,5.679,12.902,1.609,-9.652,36.427,201.618,-8.489,-2.723,11.454,-22.901,176.809,488.412,-309.618,4.61,-5.063,-13.161,-48.687,20.076,-33.206,0,0
0,74.307,4.633,16.39,-164.074,161.179,15,5,10,0,1,2.687,0.053,-16.863,-28.626,46.458,18.855,12.239,1.624,-10.239,22.458,205.084,-25.206,-3.221,1.03,-8.464,43.496,394,-167.084,3.952,-15.493,-16.593,45.084,6,-9.924,0,0
0,75.721,4.288,14.807,-158.272,141.346,15,5,10,0,1,3.157,-0.371,-16.902,-63.038,69.069,29.908,11.609,2.175,-10.591,12.84,202.55,-39.817,3.688,8.062,-6.323,12.015,-275.481,21.008,4.838,-2.266,-12.974,122.351,-14.183,2.733,0,0
0,76.866,3.905,13.599,-120.804,114.59,15,5,10,0,1,1.983,-0.671,-17.555,-83.252,90.305,39.71,10.859,2.055,-10.284,-0.305,197.191,-49.664,7.286,2.749,-10.859,34.427,-124.656,8.626,9.573,8.131,-9.973,105.695,-7.725,0.763,0,0
0,77.841,3.483,12.647,-95.215,97.412,15,5,10,0,1,1.765,1.233,-19.392,-101.344,111.328,44.427,10.835,0.857,-10.933,-13.679,189.649,-53.863,6.855,5.697,-14.337,125.756,-390.672,-4.519,12.811,9.456,-6.668,39.786,-5.252,-4.672,0,0
0,78.478,3.022,11.878,-76.882,63.755,15,5,10,0,1,1.921,-2.026,-17.618,-100.061,132.595,47.435,11.19,-0.721,-10.66,-24.107,180.214,-51.344,5.949,9.477,-12.959,62.305,-174.855,-14.412,6.265,4.225,-9.987,-0.275,-12.412,-9.527,0,0
0,78.771,2.522,11.299,-57.884,29.251,15,5,10,0,1,0.45,-4.79,-15.465,-87.679,155.038,49.695,8.893,-0.659,-10.883,-26.229,170.29,-41.237,5.808,6.917,-12.406,41.634,-145.969,-40.977,9.551,-1.957,-12.021,-3.511,-22.046,-7.542,0,0
0,78.657,1.983,11.113,-18.654,-11.353,15,5,10,0,1,2.266,5.76,-20.918,-83.786,185.435,51.389,8.921,0.824,-11.314,-24.122,153.939,-41.496,1.619,8.095,-15.577,23.008,-264.931,-44.519,10.095,4.038,-10.109,-5.954,-27.328,-9.664,0,0
0,78.386,1.406,11.12,0.71,-27.111,15,5,10,0,1,6.783,-3.264,-14.217,-68.58,206.763,46.214,5.597,-0.913,-14.327,-28.718,146.641,-35.069,5.037,5.731,-12.868,12.824,-174.122,-21.71,8.296,1.899,-11.436,-12.046,-39.679,-14.641,0,0
0,77.771,0.79,11.259,13.916,-61.489,15,5,10,0,1,4.119,-3.296,-15.424,-50.672,227.191,46.092,7.317,-1.238,-12.811,-23.573,143.74,-29.206,-1.911,9.198,-25.636,18.244,-256.809,-62.901,14.384,7.094,-4.139,-32.427,-41.237,-15.893,0,0
0,76.745,0.136,11.273,1.431,-102.574,15,5,10,0,1,3.046,-3.355,-16.71,-24.137,251.298,43.969,8.021,-1.365,-12.301,-16.718,137.557,-22.55,1.327,6.91,-14.308,-1.74,-62.412,-13.985,9.935,0.168,-9.568,-34.626,-45.71,-19.954,0,0
0,75.435,0,11.267,-0.675,-131.058,15,5,10,0,1,3.286,-2.565,-17.955,-9.725,268.382,36.595,7.52,-1.722,-12.258,-5.069,128.504,-13.282,1.847,6.388,-13.996,-7.908,-64.504,-11.893,9.307,-0.534,-9.781,-19.832,-49.985,-17.038,0,0
0,73.878,0,11.267,-0,-155.697,15,5,10,0,1,3.078,-3.839,-18.413,11.252,284.656,30.382,6.306,-1.612,-12.248,5.74,117.374,-3.649,2.153,6.148,-14.293,-12.504,-134,-24.458,9.108,0.378,-10.061,-8.916,-53.71,-16.809,0,0
0,72.084,0,11.267,-0,-179.398,15,5,10,0,0,3.284,-3.978,-18.573,13.282,286.198,29.328,5.283,-1.928,-11.388,16.366,106.061,4.061,2.912,11.421,-18.47,-22.58,-137.481,-56.977,9.714,1.916,-9.99,-5.557,-55.863,-17.573,0,0
0,70.143,0,11.259,-0.755,-194.115,15,5,10,0,0,1.851,-1.483,-20.245,40.672,301.221,20.947,3.739,-1.859,-13.379,24.779,92.305,7.939,3.02,5.595,-13.735,-4.901,-68.26,-17.053,10.897,2.304,-8.893,-9.832,-54.397,-18.061,0,0
0,67.993,0,11.255,-0.378,-214.932,15,5,10,0,0,-2.627,0.934,-20.331,34.931,301.069,11.832,5.497,-2.323,-11.204,44.366,80.702,8.153,2.781,4.275,-14.44,6.519,-71.771,-17.282,8.842,-2.371,-13.826,-3.969,-49.206,-18.168,0,0
0,65.771,0,11.215,-3.994,-222.268,15,5,10,0,0,0.613,-1.935,-18.552,32.84,305.634,5.115,4.024,-3.327,-12.65,59.527,66.168,11.176,3.135,4.603,-12.902,15.756,-67.038,-13.924,8.751,0.604,-11.034,0.885,-57.435,-14.641,0,0
0,63.375,0,11.207,-0.79,-239.583,15,5,10,0,0,3.439,-1.983,-18.832,21.557,307.878,-0.137,2.086,-2.867,-13.441,82.076,53.74,9.435,3.181,5.659,-13.69,25.603,-129.145,-29.038,10.363,0.913,-9.652,3.603,-55.42,-13.618,0,0
0,60.958,0,11.207,-0,-241.654,15,5,10,0,0,4.088,3.178,-24.942,6.916,312.336,0.641,3.626,-3.485,-12.382,101.191,45.099,-5.053,3.969,5.736,-14.095,29.969,-64.321,-12.763,11.283,1.394,-10.488,7.573,-55.664,-12.107,0,0
0,58.435,0,11.2,-0.71,-252.285,15,5,10,0,0,0.606,-4.68,-21.158,1.817,295.542,-4.336,3.195,-0.877,-10.397,102.183,36.962,-8.489,4.098,5.64,-14.145,29.908,-128.137,-25.252,11.419,2.263,-10.636,9.176,-56.809,-12.107,0,0
0,55.926,0,11.193,-0.732,-250.924,15,5,10,0,0,3.796,-1.636,-23.059,-9.893,284.931,-1.954,2.5,0.467,-8.071,89.099,28.473,-19.176,5.355,5.439,-13.704,39.832,-64.412,-13.908,12.191,0.824,-9.585,13.618,-57.008,-10.382,0,0
0,53.359,0,11.179,-1.431,-256.726,15,5,10,0,0,2.544,1.633,-26.846,-17.42,274.87,-0.672,3.722,2.62,-6.467,72.061,17.023,-41.603,6.014,2.996,-12.689,44.718,-65.313,-16.885,10.684,0.146,-10.071,21.13,-56.26,-9.679,0,0
0,50.855,0,11.108,-7.027,-250.42,15,5,10,0,0,4.081,-3.308,-24.635,-22.397,255.374,2.885,3.719,2.994,-5.887,45.695,8.397,-46.977,0.211,15.765,-21.948,91.038,-149.573,-46.534,14.641,1.677,-6.608,18.473,-47.832,-10.076,0,0
0,48.379,0,10.871,-23.747,-247.616,15,5,10,0,0,1.152,-2.412,-26.542,-34.153,227.221,7.511,5.825,3.427,-4.359,16.58,-4.198,-48.427,4.819,12.451,-15.338,71.496,-283.618,-156.458,13.711,-0.793,-7.59,33.71,-55.786,-4.565,0,0
0,46.068,0,10.603,-26.779,-231.034,15,5,10,0,0,3.001,-4.491,-25.986,-34.29,208.427,14.366,5.465,3.585,-4.622,-8.031,-17.954,-45.45,4.06,4.694,-13.541,43.145,-70.489,-27.573,14.622,-0.074,-6.447,40.84,-52.214,1.756,0,0
0,43.845,0,10.311,-29.263,-222.279,15,5,10,0,0,2.223,-5.058,-25.102,-42.702,175.954,17.603,5.588,1.471,-4.402,-27.359,-28.489,-32.855,0.642,6.007,-17.393,48.443,-73.389,-6.534,14.42,0.776,-8.057,43.908,-42.855,4.427,0,0
0,41.842,0,9.97,-34.081,-200.306,15,5,10,0,0,2.555,-5.897,-25.964,-43.802,148.427,20.031,6.526,1.241,-3.794,-38.977,-39.679,-23.863,3.068,6.704,-15.568,47.679,-150.748,7.695,9.788,-0.074,-12.844,40.168,-49.588,4.244,0,0
0,40.07,0,9.647,-32.25,-177.258,15,5,10,0,0,2.814,-6.385,-25.109,-45.664,116.427,23.649,6.234,-0.968,-1.969,-39.298,-50.947,-14.855,3.382,6.759,-15.666,49.802,-68.702,-1.359,11.273,2.426,-9.958,35.221,-63.023,4.855,0,0
0,38.473,0,9.564,-8.366,-159.703,15,5,10,0,0,3.573,-5.801,-26.082,-47.603,81.359,22.84,8.617,-0.807,-2.963,-28.565,-62.382,-10.656,5.465,6.026,-13.278,51.756,-61.496,-3.237,12.464,1.284,-9.628,33.664,-71.405,4.809,0,0
0,37.111,0,9.596,3.239,-136.185,15,5,10,0,0,11.688,-6.373,-21.325,-33.618,71.023,21.176,9.927,-2.409,-3.411,-29.832,-63.405,-5.573,5.494,5.822,-13.438,50.443,-64.718,0.198,12.126,0.534,-9.108,26.153,-67.389,7.374,0,0
0,35.99,0,9.582,-1.408,-112.107,15,5,10,0,0,4.994,-4.859,-30.125,-44.412,17.16,13.496,7.422,-2.043,-2.84,11.237,-67.405,10.015,5.046,5.995,-13,51.084,-62.794,3.573,12.116,0.484,-8.986,23.099,-66.412,10.809,0,0
0,35.389,0,9.585,0.332,-60.059,15,5,10,0,0,-0.019,-6.337,-33.389,-30.458,-46.183,3.42,7.899,0.8,-1.909,16.168,-69.725,23.71,4.924,11.761,-15.228,105.206,-120.427,30.534,11.8,-0.594,-8.912,24.214,-68.489,12.137,0,0
0,35.294,0,9.585,-0,-9.522,15,5,10,0,0,1.037,-2.977,-27.751,2.672,-94.916,-9.145,3.025,-3.803,-6.105,24.092,-83.344,34.916,5.281,6.011,-12.418,54.962,-58.305,10.351,11.93,-0.613,-8.133,32.061,-71.893,15.71,0,0
0,35.521,0,9.589,0.366,22.694,15,5,10,1,0,3.058,-0.352,-13.393,15.695,-117.786,-29.969,11.362,-5.746,-2.46,42.489,-85.695,51.511,7.166,6.301,-10.996,56.748,-216.489,56.366,10.83,0.134,-7.329,40.84,-80.076,19.176,1,0
0,35.888,0,9.655,6.592,36.655,5,5,10,1,0,15.781,-6.002,-3.042,48.718,-90.366,-39.359,10.691,-5.707,-7.231,61.45,-82.29,52.718,7.417,6.591,-11.815,59.084,-58.84,28.733,13.158,-0.17,-6.73,51.603,-79.664,23.664,0,0
0.662,36.206,0,9.941,28.599,31.849,5,5,10,1,0,9.379,-5.07,-5.394,84.244,-77.557,-22.168,10.967,-5.283,-8.141,79.176,-67.939,56.931,7.353,8.585,-14.341,116.992,-47.481,28.611,16.751,1.277,-4.088,61.405,-89.924,26.794,0,0
1.286,36.605,0,10.454,51.281,39.929,5,15,10,1,0,11.53,-0.692,-6.438,81.771,-83.664,-19.496,13.666,1.365,-5.36,110.412,-47.374,75.71,12.89,9.582,-8.809,52.534,-5.954,22.58,12.876,0.659,-9.204,65.084,-105.435,29.191,0,0
1.871,37.359,0,11.384,92.995,75.394,5,15,10,1,0,3.214,-0.137,-16.473,54.198,-100.748,-19.496,8.869,3.363,-5.195,121.344,-35.038,75.023,12.885,2.098,-7.506,81.802,40.855,68.885,14.533,5.624,-4.038,56.565,-123.649,24.84,0,0
2.417,38.326,0,12.75,136.597,96.68,5,15,10,1,0,5.743,-5.758,-20.331,81.481,-110.794,-14.275,6.814,1.09,-5.973,110.565,-37.008,74.183,12.737,21.522,-4.359,41.313,84.183,17.832,12.878,9.719,-3.006,27.313,-137.588,15.298,0,0
2.925,39.172,0,14.357,160.767,84.583,5,15,10,1,0,6.069,-2.263,-21.831,93.038,-111.069,-9.511,7.379,-0.764,-7.717,97.328,-51.771,68.58,0.067,19.879,-4.388,-4.885,102.061,-3.573,15.915,4.771,-2.802,-7.13,-133.603,8.29,0,0
3.394,39.567,0,16.137,177.956,39.551,5,15,10,1,0,8.198,-0.52,-21.186,99.832,-84.29,-8.229,7.805,-0.517,-9.18,80.29,-73.679,53.206,0.891,1.293,8.871,-204.58,-461.924,19.786,9.731,0.137,-4.294,-17.954,-145.908,9.328,0,0
3.824,39.443,0,18.228,209.095,-12.428,5,15,10,1,0,10.018,0.364,-22.228,96.687,-81.405,-7.313,10.713,2.84,-10.191,57.771,-92.473,37.389,0.896,6.764,17.512,-217.893,-255.023,30.656,10.164,-0.778,-4.129,-8.84,-150.366,14.015,0,0
4.215,38.901,0,20.697,246.884,-54.199,5,15,10,1,0,11.647,1.312,-16.176,28.809,-55.847,-0.824,14.528,7.197,-9.479,18.046,-111.405,29.924,9.434,6.902,1.427,-42.382,236.916,1.282,16.636,1.243,0.376,-9.817,-148.885,14.458,0,0
4.567,37.931,0,23.388,269.108,-97.012,5,15,10,1,0,11.463,0.924,-16.471,-2.595,-33.237,16.565,12.591,4.139,-11.472,-18.84,-137.237,23.115,8.124,7.705,-5.667,-18.321,138.214,5.939,14.42,3.178,-4.213,-11.603,-151.374,12.321,0,0
4.881,36.32,0,26.295,290.761,-161.145,5,15,10,1,0,8.981,5.868,-18.784,-38.901,-3.359,32.031,10.648,2.805,-12.799,-29.511,-161.252,9.115,0.704,15.812,-5.331,-42.809,-360.443,-446.779,16.729,-0.695,-12.337,-11.985,-153.71,10.321,0,0
5.156,34.269,0,29.485,319.005,-205.067,5,15,10,1,0,14.55,4.234,-16.811,-106.122,7.191,32.458,9.479,0.913,-13.994,-44.84,-175.298,0.427,9.836,9,-9.25,-43.908,-275.603,38.473,13.903,5.937,-14.614,-28.611,-182.763,7.191,0,0
5.393,31.643,0,33.129,364.381,-262.585,5,15,10,1,0,12.241,1.303,-16.703,-114.916,30.031,32.672,6.723,5.049,-14.444,-45.053,-196.962,-11.374,8.605,8.442,-11.393,-61.374,403.71,-8.305,16.363,7.08,-15.977,-58.107,-207.74,0.107,0,0
5.59,28.589,0,37.168,403.897,-305.443,5,15,10,1,0,4.301,0.759,-11.882,-144.168,50.473,41.511,8.565,4.313,-12.248,-62.733,-205.145,-11.802,7.683,7.094,-14.765,-80.687,219.863,-42.595,20.841,5.085,-15.965,-95.038,-212.092,-4.992,0,0
5.749,25.161,0,41.632,446.412,-342.728,5,15,10,1,0,8.845,1.782,-13.462,-176.015,59.176,50,8.366,6.253,-9.743,-68.565,-212.168,-10.427,7.52,6.74,-17.888,-92.229,233.313,-40.26,15.086,7.214,-13.532,-133.588,-206.061,-10.061,0,0
5.869,21.785,0,46.261,462.914,-337.636,5,15,10,1,0,9.053,1.954,-19.095,-197.115,46.809,45.481,9.86,4.534,-5.911,-85.099,-204.824,-16.519,2.85,3.098,-42.009,220.107,-27.13,84.763,11.331,1.94,-17.326,-159.191,-196.229,4.137,0,0
5.95,18.716,0,50.957,469.541,-306.897,5,15,10,1,0,7.044,-6.136,-15.843,-179.771,13.557,36.824,11.728,-0.18,-6.071,-110.687,-187.008,-15.74,7.389,3.426,-25.459,-221.802,75.954,341.374,16.363,-0.057,-16.116,-133.359,-179.954,-4.153,0,0
5.993,16.288,0,55.688,473.111,-242.787,5,15,10,1,0,7.216,-5.226,-17.599,-137.557,7.725,31.603,16.006,0.596,-6.617,-129.328,-168.824,-9.939,7.329,1.353,-18.377,-103.267,138.733,326.595,13.175,5.633,-19.364,-126.458,-179.313,-9.069,0,0
5.997,14.409,0,60.379,469.14,-187.867,5,15,10,1,0,3.995,-9.101,-16.947,-89.053,2.122,30.214,12.186,-3.188,-8.586,-129.328,-151.176,4.168,7.645,1.542,-18.013,-76.977,269.756,-170.748,11.743,6.028,-18.154,-164.824,-159.206,-26.84,0,0
5.962,12.966,0,64.755,437.554,-144.299,5,15,10,1,0,4.208,-5.901,-15.599,-67.893,-6.885,27.328,14.183,-5.389,-8.89,-135.084,-139.847,19.603,8.72,1.702,-19.567,-86.84,-468.931,-193.313,14.598,2.534,-13.036,-148.855,-147.664,-29.038,0,0
5.888,11.853,0,68.597,384.179,-111.363,5,15,10,1,0,10.208,-11.345,-11.554,-34.046,4.122,22.58,9.326,-8.543,-11.283,-119.496,-136.824,32.321,9.448,2.081,-14.818,-36.366,245.863,-96.427,12.167,-1.461,-10.924,-139.603,-98.611,-20.916,0,0
5.776,10.517,0,71.772,317.528,-133.61,5,15,10,1,0,7.834,-11.592,-11.968,-29.954,3.817,24.687,7.554,-9.372,-11.455,-83.374,-150.443,37.374,9.369,7.134,-17.742,-50.748,439.527,-123.603,11.963,-8.505,-10.643,-84.824,-42.763,-12.122,0,0
5.776,10.517,0,71.772,317.528,-133.61,5,15,10,1,0,7.834,-11.592,-11.968,-29.954,3.817,24.687,7.554,-9.372,-11.455,-83.374,-150.443,37.374,9.369,7.134,-17.742,-50.748,439.527,-123.603,11.963,-8.505,-10.643,-84.824,-42.763,-12.122,0,0
5.435,7.352,0,76.155,184.868,-162.953,5,15,10,1,0,4.816,-7.214,-14.523,-31.405,12.656,15.71,6.265,-3.47,-9.879,-31.664,-164.092,16.183,5.432,2.771,-16.93,-29.084,192.137,-22.855,9.226,-7.322,-13.592,23.389,54.229,8.855,0,0
5.207,5.705,0,77.434,127.888,-164.761,5,15,10,1,0,6.644,-4.704,-11.901,-36.198,9.985,9.618,9.087,-2.615,-9.769,-32.672,-158.779,9.939,5.022,3.827,-16.14,-36.214,360.809,-3.45,8.742,-4.783,-15.972,63.832,87.847,8.916,0,0
4.939,4.009,0,78.385,95.169,-169.602,5,15,10,1,0,8.385,-9.118,-12.521,-28.336,19.176,7.74,8.749,-2.738,-9.753,-26.076,-157.985,8.824,3.64,3.36,-16.09,-29.802,176.504,9.649,8.143,-0.972,-15.721,80.366,106.137,6.015,0,0
4.633,2.368,0,78.961,57.518,-164.063,5,15,10,1,0,5.312,-3.595,-13.316,-29.359,10.733,5.557,11.731,-0.774,-7.123,-36.061,-151.344,4.351,2.62,5.529,-20.468,-54.473,-313.649,77.74,5.396,-0.172,-16.875,82.779,120.122,5.42,0,0
4.288,0.841,0,79.371,41.016,-152.733,5,15,10,1,0,6.835,-6.488,-13.371,-19.435,15.115,5.115,11.496,-0.699,-12.531,-44.198,-148.443,5.191,2.649,5.189,-21.771,-13.679,337.771,88.427,4.757,0.582,-15.304,71.237,138.977,8.672,0,0
3.905,-0.562,0,79.674,30.373,-140.248,5,15,10,1,0,7.484,-2.565,-14.169,2.061,16.29,5.573,9.709,-0.671,-11.235,-45.634,-145.221,8.015,2.936,8.116,-21.67,8.794,333.557,99.359,6.067,-1.492,-14.842,56.84,156.351,15.878,0,0
3.483,-1.825,0,79.854,17.956,-126.354,5,15,10,1,0,6.778,-3.837,-14.095,8.382,9.42,4.809,10.893,-1.001,-13.129,-44.092,-138.397,6.153,2.318,4.294,-15.98,10.244,164.641,18.092,6.701,-1.885,-13.776,36.473,177.969,25.359,0,0
3.022,-2.975,0,79.726,-12.829,-114.945,5,15,10,1,0,7.506,-6.807,-12.813,29.771,8.244,6.885,9.393,-1.667,-13.098,-30.183,-138.809,7.099,2.321,5.252,-15.855,13.695,163.206,11.038,8.414,-3.317,-14.796,25.115,200.244,35.053,0,0
2.522,-4.107,0,79.715,-1.087,-113.205,5,15,10,1,0,7.214,-1.811,-12.31,28.58,4.824,6.687,9.319,-0.508,-12.212,-16.489,-137.038,5.634,-0.92,7.003,-18.933,12.214,321.008,14.321,4.081,-3.767,-17.527,21.725,214.183,39.084,0,0
1.983,-5.158,0,79.418,-29.686,-105.091,5,15,10,1,0,5.315,-1.758,-12.409,19.42,-1.221,6.427,9.618,0.038,-12.936,-6.351,-130.412,0.275,0.419,6.855,-15.841,1.389,153.099,9.069,3.693,2.165,-12.998,-14.87,224.458,41.924,0,0
1.406,-6.117,0,78.759,-65.884,-95.902,5,15,10,1,0,4.112,-2.239,-11.7,11.74,-5.725,6.397,11.606,0.98,-11.149,-0.794,-120.198,-2.687,-0.024,6.961,-22.259,-10.351,294.763,-7.511,5.53,0.127,-13.939,-20.565,248.015,50,0,0
0.79,-6.915,0,77.708,-105.137,-79.868,5,15,10,1,0,7.997,-2.639,-10.881,2.031,-8.794,3.328,13.247,-0.508,-9.027,-6.656,-104.718,-2.489,-0.498,4.871,-16.171,-17.252,250.916,-6.779,4.347,-3.013,-17.46,-16.244,260.977,60.931,0,0
0.136,-7.487,0,76.39,-131.79,-57.14,5,15,10,1,0,6.241,-5.832,-9.228,-5.649,-18.244,1.847,14.356,1.753,-7.719,-15.725,-83.405,0.214,-2.611,4.541,-16.315,-37.313,474.504,6.229,4.953,-2.778,-18.679,-11.527,273.618,69.099,0,0
0,-7.582,0,74.811,-157.849,-9.487,5,15,10,1,0,9.015,-7.82,-4.464,-11.023,-31.527,-4.351,16.854,-0.766,-4.845,-26.626,-58.092,3.374,-2.635,6.659,-21.364,-88.763,195.847,21.069,5.92,-0.841,-18.585,-15.328,283.618,75.847,0,0
0,-7.684,0,72.954,-185.715,-10.254,5,15,10,1,0,5.243,-9.98,-6.474,-0.412,-31.847,-4.183,14.152,-2.311,-3.547,-21.557,-58.168,6.534,-2.534,9.224,16.65,497.832,-258.687,0,5.851,-1.159,-16.818,-29.985,293.634,81.221,0,0
0,-7.867,0,70.838,-211.602,-18.299,5,15,10,1,0,7.755,-4.804,-6.129,-20.382,-36.611,-6.733,10.004,-4.366,-3.803,-17.511,-63.618,9.176,-1.76,7.076,-23.73,386.931,-416.244,79.145,8.383,0.12,-15.56,-27.145,300.916,90.962,0,0
0,-8.171,0,68.469,-236.95,-30.407,5,15,10,1,0,7.197,-7.992,-6.325,-22.519,-41.435,-10.687,9.944,-2.661,-3.933,-11.038,-74.489,12.107,-3.597,4.921,-27.571,-196.153,260.015,-5.252,4.816,-2.4,-19.967,-18.763,304.916,94,0,0
0,-8.541,0,65.942,-252.663,-36.999,5,15,10,1,0,6.265,-2.864,-11.685,-28.076,-41.588,-8.672,10.787,-3.499,-5.791,-13.908,-82.092,3.13,-5.791,5.662,-19.783,-122.26,50.489,1.74,5.655,0.326,-20.789,-28.458,312.137,90.305,0,0
0,-8.838,0,63.316,-262.597,-29.629,5,15,10,1,0,5.015,-7.93,-9.08,-24.183,-59.313,-16.382,14.583,-0.295,-4.883,-14.244,-73.069,9.542,-2.654,5.542,-16.418,-136.947,77.069,10.26,10.629,4.654,-18.02,-32.366,302.687,88.153,0,0
0,-8.981,0,60.628,-268.834,-14.362,5,15,10,1,0,6.347,-5.006,-11.18,-20.809,-62.901,-15.71,14.349,-0.601,-7.518,-21.954,-66.092,8.947,-2.203,4.303,-22.326,-303.023,112.977,64.489,6.146,0.371,-22.633,-23.115,292.916,83.008,0,0
0,-8.875,0,57.922,-270.573,10.643,5,15,10,1,0,8.572,-5.506,-10.157,-14.275,-66.84,-15.588,11.738,-0.972,-10.358,-28.214,-54.763,10,-2.213,0.886,-14.167,-137.527,46.962,101.069,3.111,0.45,-22.781,-17.908,284.626,75.267,0,0
0,-8.857,0,55.227,-269.532,1.808,5,15,10,1,0,3.08,-2.51,-15.479,-0.931,-64.336,-9.359,10.095,-0.711,-10.5,-20.031,-59.985,5.634,-0.359,0.063,-15.184,-213.74,74.595,375.206,5.509,-0.175,-24.139,-15.13,276.947,70.748,0,0
0,-8.71,0,52.469,-275.757,14.671,5,15,10,1,0,4.505,-0.165,-14.104,-23.389,-77.893,-12.84,13.146,2.139,-9.463,-21.557,-54.687,6.962,-1.868,0.539,-9.508,-58.26,2.687,19.756,5.382,1.006,-25.349,-12.427,259.282,63.282,0,0
0,-8.255,0,49.781,-268.845,45.456,5,15,10,0,0,4.297,-7.092,-11.257,-27.527,-93.053,-16.366,12.025,1.202,-8.962,-31.847,-37.908,15.16,-2.929,-0.218,-6.787,-5.71,-10.473,23.45,7.106,0.826,-25.974,7.985,230.29,57.695,0,0
0,-7.651,0,47.214,-256.691,60.436,5,15,10,0,0,9.156,-6.67,-11.206,-15.374,-93.634,-15.74,11.53,-3.023,-9.465,-36.718,-34.153,21.756,-3.114,1.097,2.175,62.885,-223.756,-290.687,5.384,2.891,-25.485,40.763,186.87,49.664,0,0
0,-6.988,0,44.867,-234.73,66.25,5,15,10,0,0,6.122,-4.939,-12.114,-9.42,-101.298,-14.687,10.277,-3.439,-10.208,-34.55,-34.244,24.046,-3.832,6.864,2.84,225.939,-184,158.412,7.592,8.191,-21.546,57.786,135.008,44.702,0,0
0,-6.252,0,42.834,-203.27,73.609,5,15,10,0,0,7.13,-4.021,-12.689,-9.924,-105.954,-19.588,10.414,-3.583,-10.287,-25.893,-37.008,22.061,0.584,4.464,3.674,109.206,-237.435,136.916,5.281,0.903,-27.54,96.183,100.565,37.634,0,0
0,-5.487,0,41.307,-152.71,76.538,5,15,10,0,0,8.881,-4.725,-13.513,-8.092,-106.305,-23.832,10.835,-4.117,-10.009,-26.534,-36.321,17.435,-1.837,2.429,-4.541,35.71,-65.649,69.344,4.452,11.281,-29.19,113.603,47.313,18.84,0,0
0,-4.74,0,40.402,-90.466,74.707,5,15,10,0,0,10.493,-4.642,-13.285,-1.725,-107.603,-26.229,10.907,-2.084,-10.861,-30.718,-40.962,15.191,-1.241,3.068,-4.859,31.45,-62.046,26.809,2.457,11.772,-34.97,100.244,-36.656,-3.679,0,0
0,-3.968,0,40.142,-25.978,77.236,5,15,10,0,0,9.966,-1.468,-13.752,-14.87,-110.458,-29.267,12.377,0.323,-9.563,-44.534,-40.046,9.221,-0.723,7.262,8.45,262.321,-93.313,92.58,-0.596,13.403,-33.595,66.122,-107.527,-21.435,0,0
0,-3.125,0,40.493,35.111,84.286,5,15,10,0,0,8.72,-1.993,-12.725,-30.641,-116.153,-33.511,13.75,0.848,-7.099,-65.298,-35.527,4.733,3.698,15.194,-4.215,141.16,-150.489,-342.962,4.883,3.284,-24.987,51.45,-159.084,-20.168,0,0
0,-2.231,0,41.548,105.469,89.367,5,15,10,0,0,10.914,-3.042,-10.095,-39.145,-114.84,-33.893,13.118,0.944,-8.442,-81.435,-32.626,2.977,5.209,4.142,-42.468,-9.786,436.137,263.328,12.313,7.628,-2.443,8.122,-142.992,-7.084,0,0
0,-1.536,0,42.698,115.013,69.523,5,15,10,0,1,10.327,-0.108,-11.403,-48.519,-110.229,-33.008,11.793,-0.326,-8.967,-86.198,-41.206,0,6.673,8.719,-30.575,-48.107,-230,6.84,18.185,6.926,7.954,-63.649,-82.275,-2.565,0,1
0,-0.928,0,43.614,91.53,60.803,5,5,10,0,1,13.508,1.071,-12.536,-73.557,-106.534,-36.473,15.278,-1.298,-10.768,-83.282,-42.015,-10.595,5.796,5.309,-18.628,-89.756,-137.176,-224.489,22.41,-0.575,6.292,-87.985,-37.527,-2.641,0,0
0,-0.185,0.666,44.042,42.847,74.307,5,5,10,0,1,12.212,-2.359,-10.711,-85.634,-118.015,-43.802,17.587,-0.086,-10.351,-84.061,-27.771,-12.672,7.367,3.387,-6.883,-90.168,-28.565,-177.679,5.207,-3.631,-9.353,-77.756,-75.328,-12.061,0,0
0,0.698,1.293,44.581,53.902,88.257,5,5,10,0,1,13.953,-3.214,-9.994,-82.733,-117.664,-45.13,16.245,-2.33,-8.862,-77.389,-16.336,-18.351,2.124,0.469,6.299,-245.756,-70.916,-176.733,9.374,-4.639,-22.425,-39.115,-104.702,-16.718,0,0
0,1.683,1.881,45.665,108.364,98.511,5,5,10,0,1,12.495,-3.233,-9.508,-76.122,-124.687,-45.542,17.326,-1.665,-8.541,-67.206,-3.527,-18.458,-3.807,-1.063,6.696,265.267,264.763,-231.328,6.749,3.394,-19.299,-29.328,-132.931,-30.214,0,0
0,2.786,2.429,46.833,116.787,110.31,5,5,10,0,1,10.591,-2.098,-10.464,-65.863,-129.664,-45.191,15.127,-0.886,-7.578,-44.611,1.664,-22.229,-1.571,1.957,-10.028,-29.13,-61.069,-74.29,9.06,7.925,-16.54,-65.496,-115.664,-30.794,0,0
0,4.1,2.939,47.638,80.589,131.39,15,5,10,0,1,10.018,-1.473,-10.658,-58.473,-139.359,-45.557,17.385,-1.212,-5.082,-27.817,17.298,-26.427,2.639,3.71,-12.629,12.947,-73.008,-52.214,11.338,-2.843,-15.347,-60.702,-88.198,-23.634,0,0
0,5.774,3.409,47.965,32.616,167.439,15,5,10,0,1,14.351,-6.723,-8.921,-36.046,-146.84,-50.794,16.308,-0.661,-5.195,-16.092,37.679,-21.328,4.081,3.755,-16.842,19.557,-375.099,350.534,13.129,-5.746,-17.129,-35.695,-63.359,-13.924,0,0
0,7.872,3.84,47.496,-46.887,209.816,15,5,10,0,1,8.208,-6,-8.512,-10.275,-172.916,-52.962,21.843,0.263,-3.262,-18.534,66.046,-21.649,4.107,3.554,-16.19,17.206,-362.275,-151.328,1.863,-9.458,-21.335,-31.115,-30.153,-27.252,0,0
0,10.469,4.232,46.521,-97.435,259.61,15,5,10,0,1,14.207,-2.555,-5.398,-1.359,-170.458,-54.351,20.2,0.24,-4.876,-18.55,98.611,-21.298,2.637,4.134,-18.432,8.534,-134.931,-18.321,13.29,-8.404,-17.424,18.183,-17.511,-28.046,0,0
0,13.49,4.584,45.009,-151.234,302.17,15,5,10,0,1,16.818,-13.771,2.783,7.374,-177.176,-55.13,19.179,-2.218,-5.31,-13.802,135.145,-19.466,5.073,2.148,-13.101,5.664,-304.107,-7.237,12.543,0.036,-12.557,22.855,9.237,-28.611,0,0
0,16.68,4.898,42.816,-219.349,318.947,15,5,10,0,1,12.171,-10.318,-8.591,11.832,-164.534,-45.725,18.011,-4.922,-5.777,3.298,158.534,-28.412,4.364,4.088,-16.842,5.725,309.374,23.023,17.112,-3.442,-12.926,53.42,35.115,-20.168,0,0
0,20.103,5.172,40.032,-278.367,342.374,15,5,10,0,1,10.217,-6.213,-15.884,28.595,-173.298,-45.71,18.114,-5.87,-7.015,20.198,176.779,-20.092,3.696,0.419,-12.742,35.817,-185.313,30.168,17.254,-4.052,-12.636,74.992,59.221,-15.267,0,0
0,23.957,5.407,36.693,-333.916,385.312,15,5,10,0,1,7.525,-10.54,-16.837,51.832,-187.542,-47.969,18.952,-6.095,-9.832,42.321,194.26,-6.992,4.341,-2.966,-26.077,208.824,443.115,126.046,12.569,-0.58,-8.78,89.954,75.328,-10.977,0,0
0,28.226,5.603,33.136,-355.649,426.957,15,5,10,0,1,7.571,-10.22,-20.626,89.45,-201.603,-58.55,15.862,-6.778,-10.852,75.45,214.168,15.298,-2.333,3.225,-15.352,125.237,-381.099,19.969,10.641,-0.268,-1.54,135.756,40.031,-23.985,0,0
0,32.881,5.76,29.445,-369.141,465.478,15,5,10,0,1,14.775,-11.297,-15.453,119.206,-216.763,-59.344,9.024,-0.915,-14.78,101.099,222.198,38.473,-1.248,2.781,-13.556,63.481,-209.802,21.679,5.307,-2.268,-17.409,152.336,37.893,-28.519,0,0
0,37.883,5.878,25.988,-345.704,500.188,15,5,10,0,1,6.16,-0.436,-25.066,147.313,-229.603,-61.924,9.068,-4.318,-16.356,136.763,226.015,60.916,4.16,1.154,-11.69,64.26,207.511,92.885,5.825,0.383,-14.641,166.137,12.962,-19.939,0,0
0,43.219,5.956,23.282,-270.562,533.593,15,5,10,0,1,7.286,-12.418,-22.073,160.962,-231.771,-69.069,18.173,3.985,-7.434,128,262.427,72.321,7.084,1.82,-11.355,73.786,-349.985,-121.405,9.185,8.378,-13.994,136.473,7.557,-18.885,0,0
0,48.642,5.995,21.275,-200.695,542.337,15,5,10,0,1,16.748,-10.572,-23.1,196.015,-226.809,-61.878,15.901,-0.8,-16.803,92.824,274.84,103.573,6.452,7.993,-20.089,327.786,-184.916,41.038,9.341,8.687,-12.373,68.763,-1.023,-24.779,0,0
0,53.902,5.995,19.814,-146.141,525.949,15,5,10,0,1,12.354,-12.001,-19.033,253.267,-185.71,-51.053,14.61,-1.562,-18.157,92.29,265.802,116.87,5.456,7.833,-19.28,186.885,437.969,-51.664,10.823,6.517,-9.776,24.672,4.29,-27.771,0,0
0,58.457,5.956,18.58,-123.39,455.556,15,5,10,0,1,19.687,-0.515,-17.268,267.679,-129.771,-54.58,18.576,-7.381,-22.894,95.252,269.099,116.137,4.323,9.326,-14.298,75.893,-257.542,-34.26,10.78,1.756,-8.955,16.122,5.45,-26.275,0,0
0,62.093,5.878,17.357,-122.326,363.591,15,5,10,0,1,7.005,-2.474,-14.358,242.275,-104.565,-58.351,11.388,0.927,-13.12,110.519,247.664,139.221,2.218,18.153,-47.345,-378.168,-79.038,-313.16,12.207,0.742,-8.191,28.26,13.527,-20.702,0,0
0,65.108,5.76,16.046,-131.081,301.472,15,5,10,0,1,9.714,0.292,-13.776,210.015,-62.702,-50.321,6.764,-0.582,-10.924,108.092,222.641,116.733,4.388,6.961,-14.816,132.931,454.458,-228.885,10.739,0.913,-7.93,55.466,11.511,-14.504,0,0
0,67.649,5.603,14.899,-114.67,254.082,15,5,10,0,1,6.16,6.117,-17.544,160.565,-42.305,-37.863,12.674,-0.378,-9.08,108.687,203.099,91.893,29.125,-31.862,26.269,-447.664,422.84,467.542,-7.427,-6.117,-21.39,135.344,-34.321,-3.725,0,0
0,69.846,5.407,15.294,39.528,219.784,15,5,10,0,1,6.663,4.462,-16.609,107.405,-14.916,-21.74,13.28,1.54,-9.592,98.412,185.863,58.901,-1.207,14.632,-29.88,-82.092,453.847,-250.87,25.823,35.609,15.601,49.71,-5.542,11.344,0,0
0,71.641,5.172,14.508,-78.667,179.455,15,5,10,0,1,7.144,1.715,-14.159,55.115,15.74,-9.481,12.607,1.471,-11.827,76.58,180.229,30.855,-6.148,20.292,-32.577,198.153,-266.458,-169.588,15.319,11.946,-7.561,-67.115,48.305,-25.893,0,0
0,73.105,4.898,12.373,-213.501,146.427,15,5,10,0,1,4.539,2.464,-16.255,0.885,45.267,-0.458,12.617,0.474,-10.691,64.901,177.725,2.534,-2.527,8.718,-9.844,22.763,-320.198,-49.863,3.571,-18.25,-13.486,36.427,27.328,-8.092,0,0
0,74.255,4.584,10.325,-204.724,114.99,15,5,10,0,1,4.318,2.383,-17.867,-41.267,71.038,3.725,12.057,-0.311,-10.785,58.015,177.313,-18.473,1.423,6.884,-10.624,67.649,390.718,14.351,3.861,-6.531,-16.607,134.901,1.145,13.282,0,0
0,75.16,4.232,8.971,-135.487,90.5,15,5,10,0,1,3.188,0.927,-17.915,-72.809,90.489,7.435,11.563,-0.345,-10.814,52.397,175.282,-35.237,5.049,4.049,-16.818,78.58,490.015,-250.137,10.531,13.312,-7.635,108.58,-0.198,9.069,0,0
0,75.852,3.84,7.879,-109.12,69.145,15,5,10,0,1,3.363,-0.386,-17.453,-87.115,113.588,11.466,12.31,-0.098,-10.854,42.809,174.397,-46.565,0.125,1.709,-11.247,-436.305,256.977,32.733,9.058,8.45,-8.478,40.305,0.351,-0.26,0,0
0,76.35,3.409,7.055,-82.478,49.873,15,5,10,0,1,3.341,-0.443,-17.553,-88.076,115.695,12.061,12.375,0.517,-10.368,34.107,174.779,-50.901,6.857,8.411,-12.363,70.305,-185.893,8.611,9.444,3.308,-7.492,3.069,-5.328,-2.046,0,0
0,76.602,2.939,6.531,-52.357,25.2,15,5,10,0,1,2.179,-3.444,-15.072,-96.763,152.214,17.176,9.235,0.565,-11.108,24.58,167.985,-47.924,4.301,6.883,-12.859,53.435,-68.748,0.947,9.542,0.802,-8.021,-4.489,-13.374,-3.282,0,0
0,76.496,2.429,6.37,-16.125,-10.597,15,5,10,0,1,3.468,0.589,-16.353,-91.038,179.74,22.656,10.488,0.501,-11.139,8.824,159.313,-54.198,5.449,7.086,-11.989,74.519,-198.595,383.023,9.343,5.935,-5.913,-6.779,-23.221,-2.153,0,0
0,76.456,1.881,6.418,4.841,-4.028,15,5,10,0,1,2.943,-4.848,-13.153,-88.336,187.817,11.679,6.222,2.714,-12.734,-18.031,162.565,-34.137,5.552,9.075,-12.694,10.214,-218.26,12.58,8.68,2.97,-8.838,-17.069,-19.023,-4.168,0,0
0,76.149,1.293,6.429,1.03,-30.762,15,5,10,0,1,3.743,3.348,-20.312,-43.908,227.511,19.954,9.108,-2.117,-11.74,-6.947,159.282,-42.137,4.127,8.609,-13.824,-9.664,-202.076,9.71,10.215,3.116,-8.754,-26.687,-24.916,-3.527,0,0
0,75.468,0.666,6.469,4.063,-68.058,15,5,10,0,1,-0.781,-4.512,-17.692,-5.145,235.16,13.282,9.415,-2.05,-11.192,2.641,153.573,-20.672,2.85,7.526,-14.293,-26.336,-106.992,5.13,8.802,1.837,-9.836,-29.756,-37.74,-5.374,0,0
0,74.526,0,6.535,6.592,-94.162,15,5,10,0,1,2.038,-3.111,-20.279,27.908,256.137,2.366,5.76,-1.799,-12.878,17.649,143.282,-8.748,-0.014,8.694,-14.921,-20.198,-214,-13.313,10.584,2.306,-7.326,-34.351,-37.679,-4.489,0,0
0,73.336,0,6.535,-0,-119.053,15,5,10,0,1,1.59,-3.624,-19.639,53.695,266.427,-4.931,6.038,-2.68,-11.63,34.336,132.794,0.626,2.12,7.47,-13.886,-28.947,-57.954,-5.634,8.974,-0.196,-9.23,-24.427,-42.885,-2.031,0,0
0,71.967,0,6.509,-2.563,-136.883,15,5,10,0,1,-0.098,-1.178,-19.512,68.641,273.298,-11.344,5.176,-2.608,-11.506,46.931,118.336,9.817,2.127,5.959,-14.401,-32.153,-63.893,-6.84,9.36,0.251,-9.638,-16.901,-44.55,-1.405,0,0
0,70.377,0,6.484,-2.563,-158.959,15,5,10,0,1,1.392,-0.805,-18.729,69.893,284.366,-18.168,4.431,-1.621,-13.549,57.679,102.55,12.122,3.178,4.61,-13.29,-27.038,-63.053,-8.855,9.424,0.376,-9.688,-13.191,-52.672,-2.397,0,0
0,68.638,0,6.48,-0.401,-173.939,15,5,10,0,1,4.036,2.646,-20.875,53.42,293.328,-25.695,1.871,-2.285,-12.337,76.29,83.618,12.229,1.801,4.8,-14.557,-15.206,-66.198,-9.557,11.154,0.75,-8.574,-17.267,-46.885,-2.244,0,0
0,66.708,0,6.48,-0,-193.039,15,5,10,0,1,1.456,0.824,-21.1,33.74,291.176,-29.863,3.605,-1.942,-12.622,95.267,67.221,7.435,3.034,3.679,-13.352,-6.641,-132.473,-12.336,8.464,-0.982,-10.584,-11.267,-49.588,-0.473,0,0
0,64.686,0,6.469,-1.064,-202.16,15,5,10,0,1,3.784,0.568,-22.427,20.855,293.985,-30.763,5.116,-1.827,-12.126,108.87,60.183,-3.008,2.361,3.748,-13.726,6.885,-126.458,-5.527,9.218,-1.071,-10.306,-1.603,-52.779,-0.092,0,0
0,62.504,0,6.465,-0.366,-218.205,15,5,10,0,1,3.415,-1.978,-21.627,12.168,287.847,-30.55,5.825,-1.233,-10.773,114.565,53.099,-11.069,2.982,4.11,-13.843,17.847,-245.756,-3.725,10.825,0.889,-9.901,0.916,-52.565,0.504,0,0
0,60.263,0,6.458,-0.71,-224.133,15,5,10,0,1,2.088,-2.493,-21.962,6.87,281.466,-28.58,5.034,0.692,-9.285,115.115,43.924,-17.603,2.991,5.178,-14.454,16.015,-124.122,0.672,10.21,1.025,-10.902,3.863,-53.176,-0.885,0,0
0,57.904,0,6.447,-1.156,-235.817,15,5,10,0,0,4.419,-1.195,-23.694,8.931,280.656,-24.427,1.506,1.265,-11.173,107.695,31.496,-32.183,2.826,11.854,-29.689,203.71,483.771,-19.298,10.011,0.924,-10.27,5.237,-56.015,-0.748,0,0
0,55.557,0,6.44,-0.71,-234.776,15,5,10,0,0,2.146,-1.645,-25.593,3.053,264.168,-23.328,1.65,1.844,-10.088,90.183,22.718,-44.305,3.078,6.21,-14.753,16.046,-138.885,-18.87,10.064,0.63,-9.539,8.046,-56.687,-0.305,0,0
0,53.22,0,6.421,-1.865,-233.643,15,5,10,0,0,-2.527,-2.208,-27.78,1.466,239.42,-22.718,4.934,3.676,-5.535,60.504,12.321,-49.74,1.969,6.684,-14.82,0.412,-148.321,-16.214,9.482,1.248,-9.877,11.527,-59.069,-0.977,0,0
0,50.975,0,6.407,-1.408,-224.511,15,5,10,0,0,0.208,-4.313,-26.3,4.733,218.748,-19.099,4.048,2.769,-5.374,32.641,-0.855,-43.328,1.811,6.289,-14.634,14.763,-150.244,-16.305,9.676,0.366,-10.557,13.405,-64.824,-6.947,0,0
0,48.84,0,6.403,-0.401,-213.501,15,5,10,0,0,-0.386,-3.188,-27.751,1.573,191.832,-14.473,4.122,1.938,-4.579,14.626,-16.855,-34.901,4.642,11.694,-16.459,17.267,-298.214,-56.733,11.618,0.908,-8.289,17.725,-68.733,-4.87,0,0
0,46.91,0,6.403,-0,-193.005,15,5,10,0,0,1.332,-5.894,-25.739,-3.466,163.42,-9.695,3.087,2.019,-6.136,4.29,-31.695,-25.969,4.795,4.848,-12.131,8.198,-271.649,-50.992,11.635,0.618,-7.147,19.13,-69.527,-4.504,0,0
0,45.127,0,6.403,-0,-178.288,15,5,10,0,0,0.445,-5.408,-27.133,-20.244,127.832,-2.305,3.317,1.775,-5.671,1.878,-46.504,-19.557,5.075,4.419,-12.332,10.885,-269.634,-50.565,11.3,-0.424,-7.501,27.664,-70.26,-0.87,0,0
0,43.567,0,6.403,-0,-156.006,15,5,10,0,0,0.735,-6.088,-26.142,-39.695,91.863,7.802,4.182,1.588,-3.842,4.336,-57.252,-16.244,5.068,9.38,-12.742,84.626,-227.863,382.046,11.915,0.213,-7.379,34.687,-69.817,4.198,0,0
0,42.208,0,6.407,0.401,-135.922,15,5,10,0,0,8.179,-4.443,-23.1,-56.183,60.046,5.573,10.792,2.139,0.855,4.198,-59.878,-12.656,5.2,4.905,-11.453,57.45,-51.496,1.817,11.446,0.134,-8.344,43.588,-71.252,8.748,0,0
0,41.076,0,6.447,3.983,-113.159,15,5,10,0,0,1.557,-2.783,-31.729,-65.71,36.092,11.45,12.634,-0.606,-1.698,0.763,-59.252,-15.389,4.364,5.549,-12.49,69.282,-52.58,2.916,11.163,0.877,-9.635,49.282,-72.076,13.023,0,0
0,40.318,0,6.462,1.488,-75.794,15,5,10,0,0,-1.224,-5.928,-35.865,-79.496,-30.412,10.534,7.458,3.925,-1.233,18.076,-62.443,-9.191,3.106,5.597,-13.695,81.267,-51.771,-10.412,20.753,0.913,-6.009,54.351,-68.092,16.122,0,0
0,40.161,0,6.539,7.69,-15.713,15,5,10,0,0,-4.084,-1.492,-40.857,-78.214,-110.427,5.481,8.179,0.896,-0.467,6.229,-62.153,-3.664,3.672,5.984,-20.281,166.763,-127.466,-2.687,9.099,0.263,-11.76,62.046,-80.198,19.008,0,0
0,40.564,0,6.78,24.17,40.306,15,5,10,1,0,4.503,-5.837,-20.583,-42.611,-145.435,-2.992,12.054,-0.453,0.362,-6.168,-65.634,10.641,4.572,5.691,-14.763,87.847,-56.305,-1.527,15.515,-0.12,-8.718,71.466,-91.084,22.321,1,0
0,41.23,0,7.216,43.545,66.605,5,5,10,1,0,13.867,-9.444,-4.898,-8.885,-133.939,-7.313,14.167,-5.276,-4.567,-9.786,-60.351,26.565,7.853,6.395,-13.735,82.305,-94.229,30.046,12.921,1.243,-9.314,64.046,-105.847,27.16,0,0
0.666,41.9,0,7.835,61.947,66.982,5,5,10,1,0,12.813,-12.66,-0.436,36.504,-98.443,-1.573,12.864,-6.491,-11.168,3.038,-46.305,55.328,0.287,17.197,-14.361,171.344,-113.649,39.45,14.538,1.054,-7.47,62.901,-113.16,28.565,0,0
1.293,42.453,0,8.619,78.369,55.321,5,5,10,1,0,6.828,-6.658,-4.091,65.679,-66.763,-1.282,12.773,-4.577,-11.601,17.481,-33.786,92.565,9.211,9.29,-14.713,76.412,107.603,6.779,16.257,2.864,-4.529,49.206,-115.389,28.611,0,0
1.881,43.018,0,9.454,83.485,56.454,5,5,10,1,0,4.031,-0.699,-11.951,76.84,-54.427,-11.603,8.208,-4.028,-8.414,49.908,-32.855,115.542,12.382,8.862,-11.707,57.16,3.557,20.427,14.212,1.176,-6.663,48.214,-120.885,27.191,0,0
2.429,43.68,0,10.464,101.052,66.25,5,15,10,1,0,2.85,-0.699,-22.772,66.198,-68.733,-20.901,4.572,-1.844,-8.569,72.87,-45.985,120.779,12.878,8.514,-10.96,34.565,5.954,42.107,16.296,-0.469,-6.967,42.672,-131.344,25.466,0,0
2.939,44.493,0,11.79,132.534,81.299,5,15,10,1,0,5.389,-2.829,-29.978,56.794,-91.267,-18.779,7.147,-0.491,-6.986,94.58,-61.557,97.771,12.449,7.796,-9.764,9.13,38.107,15.191,16.502,0.237,-6.926,38.183,-145.435,20.916,0,0
3.409,45.196,0,13.555,176.525,70.278,5,15,10,1,0,12.627,-2.678,-27.109,69.649,-93.679,1.435,10.921,0.956,-6.737,94.824,-60.565,62.855,9.597,6.5,-8.704,-30.534,228.153,18.443,16.997,4.951,-3.542,11.084,-159.74,14.687,0,0
3.84,45.339,0,15.639,208.409,14.271,5,15,10,1,0,11.954,0.838,-17.91,78.611,-67.985,10.687,10.538,-1.763,-12.919,64.687,-78.672,29.527,8.909,6.91,-9.206,-16.87,56.687,5.496,16.087,0.728,-7.257,-19.282,-165.527,13.588,0,0
4.232,44.724,0,17.954,231.48,-61.443,5,15,10,1,0,12.354,2.005,-16.324,44.55,-38.275,7.863,12.77,1.174,-11.748,39.435,-105.481,15.221,9.719,15.022,8.45,-220.947,-299.725,98.443,13.733,1.909,-6.435,-29.405,-182.198,17.221,0,0
4.584,43.362,0,20.671,271.695,-136.231,5,15,10,1,0,11.649,0.098,-17.373,16.015,-6.931,24.153,16.176,5.427,-11.364,-1.42,-129.16,7.603,12.658,5.544,-4,-27.908,245.679,4.672,20.451,-2.759,-3.272,-33.847,-177.847,13.191,0,0
4.898,41.289,0,23.611,294.057,-207.322,5,15,10,1,0,14.14,7.046,-22.963,-38.611,17.511,36.824,17.388,6.239,-12.241,-24.565,-161.618,-0.336,11.769,8.95,-6.095,-33.893,-420.519,43.603,18.882,4.615,-0.683,-61.527,-169.893,14.656,0,0
5.172,38.865,0,26.706,309.449,-242.409,5,15,10,1,0,13.249,4.05,-17.141,-89.847,23.221,47.13,13.556,8.019,-13.949,-55.42,-176.076,-12.122,2.175,26.872,-0.441,-396.092,-239.145,144.611,18.161,3.257,-4.783,-66.794,-158.992,13.023,0,0
5.407,36.144,0,29.979,327.359,-272.118,5,15,10,1,0,12.433,-1.772,-15.891,-115.893,62.702,52.931,10.114,2.896,-15.522,-72.122,-185.557,-12.336,0.23,16.711,-14.313,445.359,113.588,49.099,12.437,4.234,-14.71,-69.588,-171.42,13.084,0,0
5.603,33.108,0,33.62,364.083,-303.612,5,15,10,1,0,9.566,-2.201,-12.495,-151.008,67.573,57.878,11.966,0.527,-13.726,-87.756,-200.321,-19.802,9.53,8.471,-15.292,-101.466,409.817,-35.45,14.866,8.581,-15.948,-85.924,-192.458,7.298,0,0
5.76,29.654,0,37.776,415.616,-345.338,5,15,10,1,0,5.19,3.626,-11.23,-184.931,66.763,65.603,5.298,0.711,-11.884,-84.855,-218.748,-15.359,9.386,8.833,-16.806,-131.328,437.634,-79.267,14.519,10.66,-17.34,-119.115,-215.145,6.061,0,0
5.878,26.011,0,42.406,462.937,-364.358,5,15,10,1,0,3.542,2.065,-14.056,-200.458,60.397,65.527,5.712,1.715,-7.489,-90.947,-224.656,-22.473,9.738,9.13,-16.71,-170.595,481.969,-107.115,17.201,3.284,-16.26,-147.847,-223.084,11.695,0,0
5.956,22.371,0,47.419,501.321,-363.957,5,15,10,1,0,3.552,-3.741,-13.86,-193.679,49.298,55.969,7.839,-0.108,-8.189,-106.702,-213.115,-21.435,8.919,0.759,-17.888,-177.13,-468.137,-154.168,10.148,7.444,-16.993,-151.496,-217.725,6.931,0,0
5.995,18.987,0,52.626,520.696,-338.38,5,15,10,1,0,1.293,-4.826,-17.17,-174.916,40.611,46.382,9.02,-0.74,-8.531,-124.84,-204.26,-10.58,6.888,0.817,-19.297,-147.115,-393.725,-361.954,13.113,6.093,-19.603,-181.863,-213.893,-1.069,0,0
5.995,16.159,0,57.804,517.846,-282.796,5,15,10,1,0,8.469,-10.727,-16.904,-133.557,31.985,42.107,13.872,0.057,-7.82,-139.817,-181.71,-5.878,8.557,3.867,-33.564,-198.321,-424.412,-203.603,15.917,5.116,-14.631,-223.328,-186.534,-7.802,0,0
5.956,13.801,0,62.683,487.817,-235.806,5,15,10,1,0,7.681,-10.967,-14.222,-81.74,31.649,41.893,13.575,-4.34,-10.373,-151.496,-167.45,15.618,10.129,-1.042,-17.175,-61.893,294.153,-113.328,20.319,2.16,-11.331,-216.092,-160.87,-4.641,0,0
5.878,11.853,0,66.846,416.371,-194.836,5,15,10,1,0,7.504,-11.206,-12.342,-61.496,21.389,35.939,11.429,-7.638,-11.568,-132.321,-158.687,29.145,7.614,2.838,-18.272,-60.656,267.695,-98.412,11.441,-12.775,-15.024,-196.168,-102.977,-5.588,0,0
5.76,10.143,0,70.281,343.507,-171.021,5,15,10,1,0,7.12,-7.817,-14.023,-36.122,25.511,32.229,9.259,-7.389,-10.399,-106.702,-154.473,39.099,6.5,1.506,-16.53,-51.298,481.359,-148.702,15.275,-10.38,-9.369,-153.679,-59.511,3.084,0,0
5.603,8.704,0,72.925,264.405,-143.887,5,15,10,1,0,6.201,-7.54,-13.35,-31.42,21.496,27.16,10.56,-8.442,-9.027,-88.29,-146.733,37.496,5.59,1.253,-15.419,-54.382,438.855,-97.924,9.64,-10.778,-11.252,-50.29,0.687,10.794,0,0
5.407,7.25,0,74.943,201.771,-145.363,5,15,10,1,0,6.004,-6.723,-14.811,-12.244,22.824,26.015,9.19,-6.469,-7.511,-64.473,-144.702,37.008,4.579,2.033,-14.253,-41.588,375.924,-100.153,9.01,-7.116,-12.018,23.389,36.855,8.489,0,0
5.172,5.866,0,76.386,144.264,-138.451,5,15,10,1,0,7.065,-5.092,-11.846,-21.13,18.229,19.252,10.224,-3.482,-6.96,-53.282,-137.74,28.931,5.331,2.728,-12.742,-39.573,-247.954,-246.229,6.04,-2.649,-14.305,64.718,70.092,2.519,0,0
4.898,4.488,0,77.401,101.486,-137.741,5,15,10,1,0,6.306,-6.72,-11.958,-22.519,22.504,17.588,7.71,-5.497,-8.256,-42.046,-133.282,20.076,2.893,3.051,-13.908,-24.977,170.565,8.305,6.299,-0.477,-14.902,81.679,103.191,-4.107,0,0
4.584,3.042,0,78.103,70.255,-144.585,5,15,10,1,0,5.791,-3.602,-11.853,-15.664,21.145,14.198,8.224,-2.048,-7.798,-36.122,-132.656,15.176,1.557,8.757,-19.625,-24.122,-322.931,-33.832,5.006,2.838,-13.585,89.557,119.878,-5.985,0,0
4.232,1.724,0,78.488,38.487,-131.859,5,15,10,1,0,5.683,-1.502,-13.537,-19.13,22.061,15.206,10.984,-1.978,-8.198,-39.756,-121.74,10.137,1.224,3.873,-15.467,2.061,163.557,4.183,4.574,0.479,-15.005,82.733,143.344,-5.664,0,0
3.84,0.523,0,78.583,9.499,-120.095,5,15,10,1,0,5.315,-7.063,-11.264,-12.076,14.809,9.939,11.146,-1.605,-8.009,-42.092,-116.244,9.206,0.735,4.282,-15.699,13.374,161.237,27.771,4.761,0.081,-14.459,72.26,158.611,-1.481,0,0
3.409,-0.624,0,78.55,-3.273,-114.647,5,15,10,1,0,5.37,-3.025,-12.095,-11.282,11.008,9.099,11.949,-0.544,-8.816,-44.626,-109.771,7.45,1.672,4.419,-14.95,12.611,316.733,22.84,4.112,-0.45,-14.598,59.099,172.183,5.008,0,0
2.939,-1.532,0,78.547,-0.355,-90.82,5,15,10,1,0,5.212,-5.121,-11.019,-11.481,2.458,3.725,12.265,-0.565,-9.839,-42.58,-99.954,9.527,3.681,5.224,-12.813,24.702,308.916,33.496,5.14,1.102,-13.156,49.924,178.656,14.626,0,0
2.429,-2.246,0,78.272,-27.477,-71.446,5,15,10,1,0,3.6,-8.16,-10.083,4.58,-5.939,4.382,11.249,-1.89,-8.854,-32.748,-92.458,11.115,0.951,6.071,-15.546,11.634,294.748,18.901,6.941,-1.126,-15.97,15.191,207.634,12.992,0,0
1.881,-2.799,0,77.803,-46.887,-55.298,5,15,10,1,0,9.204,-7.638,-10.557,7.084,-3.16,2.382,11.508,-3.137,-8.378,-20.702,-86.412,9.725,0.153,7.31,-15.402,3.847,288.137,-4.855,5.509,-0.647,-13.841,2.153,216.641,20.656,0,0
1.293,-3.136,0,77.137,-66.605,-33.669,5,15,10,1,0,7.377,-4.871,-9.951,14.443,-19.603,-0.137,12.073,-1.966,-8.783,-11.618,-75.237,9.115,0.992,12.122,-33.061,43.725,191.985,-276.519,8.857,0.45,-12.959,-23.802,240.397,29.557,0,0
0.666,-3.231,0,76.133,-100.388,-9.533,5,15,10,1,0,5.54,-5.434,-10.299,22.275,-29.374,0.458,13.218,-1.454,-7.705,-0.351,-61.496,5.863,0.908,7.372,-15.371,-4.885,257.878,-22.107,6.574,-1.899,-16.068,-25.405,252.412,42.489,0,0
0,-3.154,0,74.899,-123.402,7.725,5,15,10,1,0,7.185,-5.715,-9.47,35.344,-34.504,1.115,11.566,-2.024,-8.143,9.176,-55.313,6.443,0.455,7.21,-21.857,-49.099,-47.649,-216.916,7.681,-0.829,-17.464,-33.466,267.389,53.74,0,0
0,-3.125,0,73.423,-147.618,2.93,5,15,10,1,0,6.718,-4.232,-10.84,42.092,-34.534,5.374,9.005,-2.433,-8.804,26.809,-60.489,3.405,0.17,8.356,-14.758,-48.55,450.366,-62.656,7.81,1.559,-16.494,-45.74,275.771,61.618,0,0
0,-3.136,0,71.724,-169.899,-1.122,5,15,10,1,0,7.64,-3.825,-9.618,37.099,-39.634,3.71,7.42,-1.988,-8.155,40.198,-67.45,5.282,-0.599,10.891,-43.57,-429.176,260.87,1.954,7.549,2.821,-16.375,-47.74,279.16,68.901,0,0
0,-3.187,0,69.838,-188.61,-5.127,5,15,10,1,0,7.851,-1.732,-11.094,21.328,-44.366,3.802,9.429,-1.284,-8.361,38.656,-72.931,2.489,-1.212,10.503,-30.829,470.473,-261.511,-283.847,9.144,3.173,-14.576,-62.87,292.412,73.924,0,0
0,-3.352,0,67.744,-209.404,-16.491,5,15,10,1,0,10.054,-7.341,-7.853,28.809,-42.214,3.924,8.347,-0.671,-8.768,32.656,-76.336,8.336,-1.202,8.066,-15.232,-74.26,154.855,-48.427,7.367,0.302,-18.42,-47.466,293.557,78.382,0,0
0,-3.722,0,65.495,-224.842,-36.999,5,15,10,1,0,9.427,0.342,-12.193,8.992,-36.122,6.504,7.99,-1.43,-9.194,17.985,-87.252,8.29,-3.324,5.962,-34.843,289.588,491.954,-95.267,4.658,-1.432,-18.851,-43.099,296.229,78.015,0,0
0,-4.168,0,63.107,-238.839,-44.632,5,15,10,1,0,6.67,-5.276,-8.751,-10.183,-42.916,1.42,9.858,2.469,-7.087,3.053,-88.947,11.389,-3.54,5.753,-15.692,-112.977,101.664,-32.794,10.483,2.33,-16.631,-31.634,297.115,76.977,0,0
0,-4.55,0,60.661,-244.641,-38.143,5,15,10,1,0,3.815,-4.843,-10.172,-27.679,-50.809,0.412,13.079,1.971,-6.167,-19.71,-76.718,11.16,-2.769,4.772,-17.373,-215.908,73.298,-3.878,6.833,0.484,-21.337,-14.977,284,72.931,0,0
0,-4.817,0,58.145,-251.553,-26.676,5,15,10,1,0,11.178,-6.704,-9.041,-30.687,-49.527,-2.351,9.949,-1.825,-9.891,-42.397,-68.763,16.153,-2.438,4.839,-17.666,-208.214,59.969,4.489,9.738,0.836,-22.365,-13.221,283.802,65.908,0,0
0,-4.942,0,55.64,-250.523,-12.497,5,15,10,1,0,6.972,-5.947,-11.058,-31.023,-60.351,-2.305,12.171,-1.298,-8.217,-49.695,-58.519,16.885,-3.667,3.436,-15.764,-174.168,62.534,103.695,6.579,2.555,-22.413,-20.931,270.122,58.58,0,0
0,-5.073,0,53.08,-255.982,-13.126,5,15,10,0,0,8.325,-7.211,-10.723,-22.046,-62.672,-2.015,11.683,-0.778,-8.699,-55.527,-55.878,18.427,-2.932,2.304,-9.841,-60.763,20.763,72.55,9.175,1.875,-21.634,-20.962,252.275,52.779,0,0
0,-5.025,0,50.59,-248.955,4.761,5,15,10,0,0,7.369,-6.819,-9.444,-22.29,-71.786,-1.756,9.666,-3.252,-8.601,-52.305,-53.435,18.779,-1.72,1.427,-5.523,-62.321,6.046,43.786,7.858,1.926,-21.756,-8.977,229.71,45.481,0,0
0,-5.015,0,48.195,-239.525,1.076,5,15,10,0,0,7.863,-3.573,-12.092,-19.969,-68.076,-1.16,10.732,-2.694,-9.329,-43.832,-60.076,17.786,-2.419,1.188,-2.932,0.901,-18.198,62.656,6.481,0.354,-22.154,9.511,200.046,39.74,0,0
0,-4.985,0,46.02,-217.495,2.93,5,15,10,0,0,6.531,-4.227,-12.028,-21.237,-75.527,-2.504,10.217,-2.29,-10.04,-34.58,-61.191,16.901,-2.067,1.72,-2.381,100.382,-70.168,127.817,6.919,2.476,-21.459,31.45,173.023,31.695,0,0
0,-4.806,0,44.013,-200.753,17.921,5,15,10,0,0,3.389,-1.928,-15.656,-30.046,-87.664,-5.176,16.095,-1.159,-8.483,-29.756,-50.092,12,-1.677,3.291,-2.309,75.13,-125.069,231.206,5.504,3.77,-22.489,50.534,134.137,18.565,0,0
0,-4.337,0,42.245,-176.812,46.864,5,15,10,0,0,6.543,-8.967,-11.489,-16.809,-97.802,-12.244,14.416,-1.471,-9.731,-34.672,-35.038,19.237,-1.851,3.07,-6.859,40.504,-76.214,113.71,2.249,6.229,-23.725,59.74,99.496,4.855,0,0
0,-3.667,0,40.816,-142.823,67.051,5,15,10,0,0,7.796,-5.013,-12.694,-1.924,-97.557,-8.443,12.871,-1.835,-10.79,-33.145,-24.748,18.84,-1.909,3.578,-3.281,66.916,-178.137,68.214,3.657,4.534,-23.555,74.076,58.168,-11.557,0,0
0,-2.84,0,39.776,-104.073,82.707,5,15,10,0,0,8.943,-4.048,-13.347,-2.382,-100.565,-13.359,12.219,-4.002,-10.617,-32.061,-20.336,13.115,2.091,3.918,-4.955,37.893,-49.557,13.924,6.622,2.84,-22.47,76.427,20,-16.076,0,0
0,-1.931,0,39.161,-61.466,90.889,5,15,10,0,0,8.514,-4.663,-12.615,3.588,-103.008,-16.336,10.284,-3.379,-11.563,-26.916,-19.115,10.656,2.575,6.586,-5.192,36.534,-88.489,5.344,8.052,2.342,-21.582,86.672,-13.13,-12.275,0,0
0,-1.049,0,39.018,-14.305,88.223,5,15,10,0,0,8.217,-2.517,-14.533,1.924,-102.336,-19.221,10.631,-0.457,-11.939,-23.939,-24.229,7.908,1.564,7.722,-5.35,43.924,-179.679,-102.84,8.33,7.772,-22.331,65.145,-46.336,-10.489,0,0
0,-0.196,0,39.231,21.263,85.293,5,15,10,0,0,11.328,-1.162,-14.396,-7.511,-98.779,-21.389,11.297,-1.224,-11.86,-25.71,-29.817,4.336,2,8.177,-6.347,1.389,-155.557,-104.55,5.176,7.353,-26.743,34.122,-97.084,-3.405,0,0
0,0.614,0,39.897,66.628,80.99,5,15,10,0,0,10.349,-2.831,-13.221,-16.168,-100.107,-22.779,11.695,0.24,-10.296,-32.061,-32.55,4.305,-0.766,0.145,-14.552,-17.084,-230.489,403.298,3.224,8.136,-20.645,-33.695,-135.878,-2.763,0,0
0,1.343,0,40.713,81.642,72.876,5,15,10,0,0,11.115,-2.845,-13.022,-26.076,-96.992,-22.565,12.116,0.127,-9.932,-40.947,-34.443,3.313,-1.586,2.83,-24.879,-245.649,-179.313,76.702,8.246,5.719,-8.093,-90.366,-129.71,-0.305,0,0
0,1.969,0,41.497,78.381,62.645,5,15,10,0,0,8.268,-3.114,-11.637,-35.618,-98.702,-24.137,12.962,1.169,-10.593,-52,-33.374,2.168,1.487,9.605,-21.555,-133.084,-347.618,-490.626,5.25,-3.411,-2.282,-114.58,-102.137,7.71,0,0
0,2.533,0,41.863,36.598,56.328,5,15,10,0,1,11.798,-2.105,-11.558,-49.573,-91.038,-26.641,13.295,-0.958,-9.156,-60.443,-34.076,-2.992,3.197,2.609,-45.467,130.168,-365.466,-338.565,15.383,-2.548,2.735,-122.489,-47.725,17.893,0,1
0,3.027,0,41.746,-11.73,49.45,5,5,10,0,1,11.829,0.254,-11.934,-64.504,-84.046,-27.206,14.605,-1.209,-9.52,-68.947,-31.252,-11.603,4.886,4.273,-12.114,-147.771,-308.046,-365.252,14.37,-11.063,-8.641,-95.115,-46.626,15.053,0,0
0,3.504,0.662,41.852,10.632,47.665,15,5,10,0,1,11.839,-2.299,-9.688,-76.733,-91.756,-29.969,15.699,-1.037,-7.597,-68.015,-25.496,-13.985,4.903,-1.499,-6,-177.42,-131.618,-164.611,16.672,-1.638,-9.678,-52.641,-74.626,2.58,0,0
0,4.038,1.286,42.245,39.253,53.444,15,5,10,0,1,11.752,-1.918,-9.046,-88.29,-96.397,-32.351,17.754,-0.278,-5.738,-71.588,-16.489,-16.641,2.934,-4.472,-2.263,-144.397,-57.878,-121.282,11.812,0.393,-18.698,-21.939,-106.931,-17.695,0,0
0,4.741,1.871,42.984,73.906,70.324,15,5,10,0,1,13.62,-2.84,-8.462,-90.305,-99.389,-33.954,17.194,-1.114,-6.361,-71.405,-8.229,-19.374,1.938,-2.203,-4.177,-84.55,-59.969,-53.802,11.362,4.68,-14.928,-24.687,-114.947,-28.321,0,0
0,5.638,2.417,43.746,76.218,89.653,15,5,10,0,1,11.36,-3.126,-8.263,-85.74,-108.916,-33.542,18.025,-1.557,-3.308,-65.328,6.198,-20.137,0.558,1.839,-9.935,-10.305,-147.527,-117.099,10.354,4.931,-14.14,-59.069,-92.763,-24.183,0,0
0,6.858,2.925,44.262,51.613,122.017,15,5,10,0,1,9.587,-5.317,-7.142,-72.366,-120.947,-34.519,19.397,0.057,-3.528,-61.511,28.336,-18.122,6.263,7.113,-8.929,57.328,-185.298,-277.618,12.885,2.194,-10.241,-60.382,-77.115,-14.58,0,0
0,8.528,3.394,44.035,-22.671,166.935,15,5,10,0,1,12.514,-4.701,-7.183,-57.847,-127.405,-34.901,17.539,-1.023,-3.818,-51.542,54.992,-19.298,0.929,2.749,-22.604,46.641,-115.863,-128.092,34.972,0.776,-10.203,-53.481,-20.229,-14.702,0,0
0,10.56,3.824,43.28,-75.485,203.236,15,5,10,0,1,9.925,-5.676,-9.848,-34.733,-137.435,-37.939,18.346,0.501,-1.265,-50.26,84.122,-24.748,4.953,6.449,-20.674,32.26,469.053,-186.992,17.498,-5.152,-12.33,-13.13,-32.641,-17.71,0,0
0,13.098,4.215,41.984,-129.65,253.785,15,5,10,0,1,11.932,-8.169,-7.132,-22.382,-157.374,-41.389,19.874,-2.208,0.354,-49.985,123.756,-22.473,4.718,1.583,-12.804,1.649,-155.954,-16.641,13.75,-1.775,-12.694,24.412,-13.252,-18.137,0,0
0,15.943,4.567,40.234,-174.992,284.569,15,5,10,0,1,16.174,-8.313,-7.53,-20.855,-158.626,-39.191,17.287,-4.167,-5.046,-44.962,144.84,-22.046,0.776,3.94,-14.025,8.702,-185.786,-15.145,18.973,0.546,-10.593,42.183,12.931,-17.237,0,0
0,19.265,4.881,37.828,-240.635,332.2,15,5,10,0,1,9.465,-11.252,-15.783,-7.817,-183.695,-35.237,16.899,-4.026,-5.063,-26.122,170.198,-20.87,2.366,1.642,-32.668,103.145,500.26,-133.374,11.048,-5.779,-15.963,62.794,41.267,-16.061,0,0
0,23.133,5.156,34.828,-299.939,386.708,15,5,10,0,1,5.691,-8.67,-18.88,19.405,-209.115,-35.954,16.451,-4.879,-6.756,0.122,197.496,-13.695,1.394,1.4,-23.514,53.298,-411.115,88.244,4.792,-6.201,-14.356,83.725,50.137,-9.924,0,0
0,27.648,5.393,31.511,-331.742,451.516,15,5,10,0,1,6.028,-8.265,-17.649,48.092,-232.626,-40.534,16.186,-6.735,-9.333,29.725,217.099,7.802,2.261,1.667,-12.701,17.389,-418.687,-24.183,12.983,-3.813,-7.786,97.496,58.443,-12.382,0,0
0,32.511,5.59,27.907,-360.364,486.352,15,5,10,0,1,15.735,-14.914,-16.169,92.733,-233.679,-49.023,17.203,-4.9,-11.556,51.008,235.557,29.099,-3.279,2.209,-24.338,71.374,-434.84,21.74,13.486,-7.839,-13.216,106.336,63.893,-28.26,0,0
0,37.733,5.749,24.091,-381.65,522.195,15,5,10,0,1,15.666,-5.499,-20.535,119.13,-236.473,-47.145,11.046,-5.693,-16.284,73.878,239.71,51.359,-0.821,0.733,-13.953,38.397,-456.153,31.084,5.949,-13.309,-18.918,140.351,32.153,-26.031,0,0
0,42.926,5.869,20.788,-330.254,519.322,15,5,10,0,1,9.254,-7.961,-20.41,135.878,-229.511,-46.473,16.152,1.106,-12.981,94.962,258.122,69.008,6.876,-1.554,-10.509,55.74,-201.817,16.977,7.47,-2.704,-15.326,152.351,11.466,-17.435,0,0
0,48.291,5.95,18.235,-255.307,536.5,15,5,10,0,1,31.442,-35.98,-17.833,176.076,-198.901,-43.221,11.369,-3.621,-18.034,48.29,267.664,93.603,9.618,-1.19,-11.407,76.214,-174.87,23.969,9.408,6.553,-12.964,112.992,3.878,-20.427,0,0
0,53.345,5.993,16.353,-188.176,505.349,15,5,10,0,1,11.707,-11.63,-24.968,188.275,-182.29,-50.122,8.744,1.705,-19.565,94.092,239.298,128.855,9.75,4.004,-11.103,95.954,-145.038,4.947,7.518,7.391,-11.609,68.947,-1.267,-23.176,0,0
0,58.172,5.997,14.932,-142.147,482.678,15,5,10,0,1,5.252,14.938,-30.989,186.076,-146.458,-32.901,19.613,-3.224,-14.143,77.969,245.038,106.626,5.221,8.095,-14.947,104.763,-133.588,-10.702,11.247,4.215,-9.724,39.649,8.275,-24,0,0
0,62.177,5.962,13.628,-130.348,400.578,15,5,10,0,1,12.001,-5.061,-15.719,181.42,-129.74,-30.153,16.492,3.605,-13.201,68.656,246.809,118.947,3.183,9.264,-16.466,95.908,-134.244,-38.168,10.335,1.334,-9.475,37.145,10.885,-21.45,0,0
0,65.565,5.888,12.38,-124.855,338.734,15,5,10,0,1,14.646,-0.247,-14.751,153.206,-81.053,-16.565,14.179,-1.341,-13.587,55.542,243.847,90.443,1.384,10.426,-14.971,64.107,463.008,-55.084,12.006,4.134,-6.912,40.656,11.557,-15.664,0,0
0,68.426,5.776,10.962,-141.758,286.08,15,5,10,0,1,8.78,1.518,-12.976,107.634,-49.786,-9.679,12.986,-2.493,-10.406,49.71,224.931,73.527,3.456,9.161,-14.265,71.603,-140.489,-21.649,11.807,2.965,-8.993,47.45,18.29,-12.992,0,0
0,70.776,5.625,9.377,-158.57,235.074,15,5,10,0,1,6.138,6.117,-16.351,53.588,-15.771,-5.496,12.823,-1.629,-10.335,50.29,209.74,50.641,4.733,6.57,-13.486,65.206,-143.649,-14.702,8.323,1.229,-11.089,69.527,18.702,-6.137,0,0
0,72.659,5.435,7.824,-155.251,188.256,15,5,10,0,1,5.168,1.142,-15.266,24.611,17.435,4.015,11.791,-2.266,-9.87,56.26,190.137,22.763,5.485,7.063,-12.013,62.794,-274.366,-21.679,8.042,4.266,-9.633,76.565,16.519,-1.649,0,0
0,74.156,5.207,6.418,-140.579,149.723,15,5,10,0,1,5.056,0.963,-17.431,-8.855,47.435,11.878,11.645,-1.303,-10.893,53.237,182.855,1.939,1.566,9.044,-15.984,66.656,-131.969,-16.916,10.026,6.902,-7.381,66.672,19.618,0.702,0,0
0,75.317,4.939,5.052,-136.666,116.089,15,5,10,0,1,2.282,0.781,-18.964,-34.809,68.061,14.076,11.031,-1.339,-11.077,59.008,178.336,-14.58,5.015,8.409,-12.435,56.229,-249.603,-31.511,6.201,3.552,-11.951,50.321,12.092,-1.878,0,0
0,76.237,4.633,3.858,-119.385,91.965,15,5,10,0,1,3.068,-1.336,-17.651,-50.58,86.29,13.45,10.629,-0.666,-11.063,58.794,174.397,-22.718,1.217,9.798,-14.806,55.115,-121.954,-14.183,11.048,3.923,-8.785,23.176,13.924,-0.061,0,0
0,76.921,4.288,2.737,-112.038,68.482,15,5,10,0,1,1.595,-0.932,-16.849,-54.672,108.321,14.611,10.478,-0.429,-10.538,53.832,170.382,-27.878,5.868,3.175,-24.659,384.702,190.519,-170.992,7.695,0.862,-10.792,18.672,4.29,-1.786,0,0
0,77.372,3.905,1.983,-75.394,45.078,15,5,10,0,1,0.771,-0.364,-16.265,-57.954,131.634,15.847,9.029,0.144,-10.912,46.901,162.992,-31.527,4.78,5.664,-14.401,50.397,-388.214,10.198,10.725,3.451,-9.606,7.664,0.305,-0.794,0,0
0,77.558,3.483,1.441,-54.257,18.597,15,5,10,0,1,3.415,-1.978,-14.784,-55.374,151.817,11.603,8.035,-1.013,-11.901,34.214,157.71,-31.817,6.342,7.13,-12.742,46,-333.679,24.733,8.093,1.772,-9.585,-10.412,-0.519,-7.298,0,0
0,77.456,3.022,0.962,-47.928,-10.254,15,5,10,0,1,2.642,0.369,-16.947,-50.611,176.031,8.153,10.517,-0.853,-11.202,22.656,157.496,-34.031,3.667,8.005,-20.07,48.962,-317.191,8.366,9.391,0.616,-8.205,-17.878,-1.725,-5.13,0,0
0,77.437,2.522,0.445,-51.636,-1.831,15,5,10,0,1,9.769,-4.527,-15.278,-40.794,188.351,-2.931,8.761,2.821,-11.125,8.656,164.397,-18.611,2.821,14.278,-23.203,31.985,372.641,0,6.922,0.374,-8.9,-14.733,-8.779,-4.107,0,0
0,77.193,1.983,-0.056,-50.16,-24.456,15,5,10,0,1,3.578,-5.892,-16.768,4.366,211.13,-2.26,7.01,-0.922,-14.111,17.527,160.489,-13.786,2.831,17.882,-17.12,-75.496,373.74,83.298,6.014,0.268,-10.16,0.122,-18.458,-3.191,0,0
0,76.635,1.406,-0.386,-33.005,-55.744,15,5,10,0,1,3.267,-5.853,-18.492,33.878,226.55,-11.328,7.132,-2.584,-11.831,29.603,157.695,-3.649,3.449,6.538,-13.824,-11.16,-67.176,2.076,8.229,0.261,-9.542,6.168,-30.931,-2.824,0,0
0,75.83,0.79,-0.412,-2.563,-80.544,15,5,10,0,1,2.555,-2.967,-18.411,54.076,238.824,-22.947,6.399,-4.031,-12.95,43.099,145.176,8.901,5.71,14.314,-16.152,-10.214,-197.573,-5.008,10.876,4.282,-5.861,-1.924,-42.626,-2.336,0,0
0,74.816,0.136,-0.28,13.218,-101.429,15,5,10,0,1,2.127,-3.018,-17.239,63.389,252.947,-33.267,5.463,-3.516,-12.912,61.74,131.45,17.038,6.177,7.796,-11.812,-2.26,-47.176,-5.924,11.324,4.567,-6.093,-26.29,-42.305,-6.046,0,0
0,73.618,0,-0.152,12.76,-119.774,15,5,10,0,1,2.522,-1.686,-18.063,63.084,264.305,-39.954,4.141,-3.212,-12.622,81.191,115.542,18.885,4.258,5.75,-12.799,-10.397,-111.099,-19.176,9.448,0.17,-8.287,-31.099,-41.435,-9.45,0,0
0,72.27,0,-0.24,-8.755,-134.743,15,5,10,0,1,0.75,-1.219,-19.86,52.046,268,-46.748,3.916,-1.26,-12.236,97.542,102,16.321,3.37,5.245,-12.682,-16.702,-56.702,-10.718,7.779,-1.672,-8.67,-20.962,-46.763,-7.42,0,0
0,70.765,0,-0.204,3.628,-150.536,15,5,10,0,1,1.885,-1.111,-19.148,43.389,273.527,-51.237,3.921,-2.714,-11.154,109.817,88.931,11.282,2.721,4.609,-15.735,-30.214,-126.611,-20.519,9.736,-0.096,-7.228,-8.336,-48.901,-5.176,0,0
0,69.063,0,-0.211,-0.71,-170.231,15,5,10,0,1,3.269,-2.769,-18.334,38.382,282.855,-55.313,4.73,-3.111,-11.312,123.282,75.969,6.672,2.457,4.553,-12.909,-7.634,-63.282,-10.672,10.148,0.546,-7.595,1.16,-49.649,-4.275,0,0
0,67.114,0,-0.214,-0.366,-194.836,15,5,10,0,0,4.263,-2.912,-19.366,28.779,289.206,-58.748,3.102,-2.867,-12.864,140.168,63.527,-2.733,3.621,4.062,-12.049,8.84,-61.893,-10.153,9.937,0.654,-8.033,9.435,-51.221,-2.229,0,0
0,65.031,0,-0.211,0.366,-208.352,15,5,10,0,0,3.559,-1.202,-21.206,25.695,290.855,-57.832,3.236,-2.167,-13.728,153.145,48.427,-13.145,3.631,4.289,-12.662,22.427,-60.672,-9.466,9.848,1.533,-8.615,13.527,-52,-0.687,0,0
0,62.753,0,-0.211,-0,-227.807,15,5,10,0,0,2.934,-2.484,-23.169,25.939,288.611,-56.122,2.311,-0.371,-13.168,155.603,40.015,-20.458,3.166,4.998,-13.644,32.046,-59.42,-11.053,10.109,1.497,-8.682,16.29,-54.214,-1.557,0,0
0,60.402,0,-0.211,-0,-235.119,15,5,10,0,0,-1.451,-3.911,-23.797,31.924,275.42,-55.618,6.481,1.459,-8.778,149.298,29.939,-36.29,3.094,10.717,-17.733,77.725,-241.603,-52.275,9.662,0.16,-8.232,22.244,-56.763,-1.389,0,0
0,57.941,0,-0.211,-0,-246.071,15,5,10,0,0,5.226,-4.021,-22.173,42.611,278.519,-50.183,3.243,2.881,-10.141,121.023,15.954,-37.939,4.299,3.248,-12.789,41.435,-62.015,-20.183,8.459,-0.515,-7.875,31.313,-60.58,-1.573,0,0
0,55.458,0,-0.211,-0,-248.326,15,5,10,0,0,2.764,-4.297,-24.393,42.305,265.481,-48.504,3.549,2.8,-8.897,101.466,5.42,-39.053,2.955,2.791,-23.51,371.282,479.252,-161.344,9.362,-1.394,-8.699,44.244,-62.931,-0.534,0,0
0,52.975,0,-0.211,-0,-248.314,15,5,10,0,0,-1.456,-2.481,-27.085,30.763,239.939,-44.916,5.427,4.189,-5.571,79.802,-8.809,-35.252,5.068,8.884,-16.899,198.885,-210.641,-80.855,14.107,3.901,-2.623,44.183,-68.809,4.977,0,0
0,50.638,0,-0.17,4.028,-233.609,15,5,10,0,0,0.661,-4.761,-26.254,15.74,214.382,-36.458,4.606,4.922,-5.703,55.969,-21.573,-31.618,3.796,7.803,-13.551,47.252,-119.038,-84.519,12.004,3.2,-7.35,39.542,-64.565,4.046,0,0
0,48.477,0,-0.148,2.232,-216.099,15,5,10,0,0,1.085,-4.486,-26.57,-0.305,185.008,-25.954,4.546,4.167,-4.836,34.351,-35.45,-26.87,4.685,6.338,-16.746,71.649,475.588,-202.26,9.539,2.603,-11.01,31.084,-71.817,2.427,0,0
0,46.533,0,0.097,24.525,-194.47,15,5,10,0,0,2.321,-5.305,-25.497,-20.55,152.519,-14.672,4.232,4.476,-4.618,18.015,-48.046,-22.977,5.734,5.942,-13.968,40.534,-45.878,-54.779,11.961,1.245,-8.737,33.74,-91.618,3.496,0,0
0,44.793,0,0.708,61.123,-173.951,15,5,10,0,0,1.779,-4.026,-26.498,-41.756,119.527,-1.634,5.456,3.066,-2.139,4.641,-59.206,-18.824,6.241,7.798,-14.547,35.313,-58.336,-34.504,7.937,3.137,-11.561,26.397,-107.695,2.992,0,0
0,43.256,0,1.639,93.041,-153.729,15,5,10,0,0,2.29,-6.44,-25.588,-53.557,87.42,13.985,5.7,3.806,-2.534,-6.656,-65.679,-18.366,4.809,15.416,-21.143,60.504,-49.878,-28.702,12.758,4.191,-9.063,2.763,-112.382,-0.183,0,0
0,41.9,0,2.627,98.854,-135.578,15,5,10,0,0,0.872,-5.389,-26.479,-66.641,53.466,28.489,5.166,4.61,-4.184,-20.931,-72.137,-16.076,5.753,6.395,-15.115,24.031,-27.588,-12.824,11.561,0.786,-10.979,-12.137,-116.779,-1.359,0,0
0,40.721,0,3.584,95.616,-117.909,15,5,10,0,0,1.399,-7.202,-24.817,-73.939,22.321,40.031,4.972,3.719,-4.764,-37.313,-79.16,-10.046,5.197,4.351,-20.511,40.229,-62.061,-21.282,14.02,-1.111,-9.274,-11.099,-109.985,1.786,0,0
0,39.674,0,4.473,88.944,-104.737,15,5,10,0,0,7.93,-6.134,-22.427,-73.649,0.412,35.557,13.407,1.866,-0.424,-48.824,-77.878,-6.473,4.306,4.06,-13.611,27.435,-130.397,-18.504,14.109,-1.854,-8.311,-5.466,-107.008,4.55,0,0
0,38.759,0,5.304,83.153,-91.507,15,5,10,0,0,6.878,-3.978,-24.125,-61.282,-10.031,27.023,13.867,-3.291,-4.68,-62.153,-79.481,7.298,3.554,2.421,-14.502,41.466,-31.893,-4.794,16.394,-2.175,-6.04,18.885,-102.504,12,0,0
0,37.985,0,5.978,67.383,-77.328,15,5,10,0,0,0.438,-3.358,-29.72,-43.649,-47.954,9.16,9.41,-3.961,-6.194,-42.687,-86.855,27.206,6.131,2.462,-12.713,53.893,-31.847,10.626,11.805,-2.776,-9.041,37.969,-104.137,14.947,0,0
0,37.532,0,6.626,64.797,-45.376,15,5,10,0,0,-1.935,-1.674,-24.132,-6.55,-80.916,-8.931,5.176,-2.11,-8.351,-19.084,-104.244,42.58,5.791,5.494,-11.841,63.252,-24.458,8.168,14.986,-0.307,-5.238,49.008,-103.924,17.588,0,0
0,37.561,0,7.19,56.385,2.941,15,5,10,1,0,15.982,-2.975,-6.833,15.328,-60.397,-15.786,12.447,-5.834,-6.397,6.763,-77.924,41.282,6.809,4.802,-12.27,69.115,-23.664,12.076,11.465,0.177,-7.393,52.061,-105.298,20.443,1,0
0,37.565,0,7.846,65.632,0.355,5,5,10,1,0,13.925,-6.689,-5.47,48.687,-49.985,-5.695,18.382,-4.766,-4.249,43.191,-47.618,46.763,8.694,7.397,-12.239,131.771,-58.504,124.458,12.763,0.455,-7.235,60.412,-118.473,24.702,0,0
0.662,37.656,0,8.714,86.792,9.167,5,5,10,1,0,9.58,0.769,-11.889,33.344,-53.237,6.962,10.176,-3.293,-6.488,82.046,-31.71,54.947,8.45,9.489,-11.889,57.115,226.687,29.679,14.48,1.221,-7.441,50.397,-118.794,25.939,0,0
1.286,38.278,0,9.743,102.86,62.222,5,15,10,1,0,3.449,0.611,-15.913,7.893,-102.137,4.656,8.852,2.989,-0.584,95.832,-23.42,76.824,0.881,20.124,-11.75,76.336,18.565,61.252,14.629,3.037,-6,29.802,-132.824,26.534,0,0
1.871,39.436,0,10.977,123.368,115.711,5,15,10,1,0,3.118,-8.713,-17.347,32.26,-119.802,4.489,3.602,1.394,-2.462,69.573,-28.855,83.924,12.691,9.422,-9.072,17.863,50.962,3.908,12.509,2.484,-7.281,16.992,-143.115,24.473,0,0
2.417,40.593,0,12.64,166.329,115.734,5,15,10,1,0,4.208,-6.498,-19.012,80.809,-116.244,1.527,4.483,-3.267,-6.584,39.878,-44.015,87.786,12.722,8.186,-8.172,-6.382,52.031,12.336,11.882,3.451,-4.385,-6.26,-161.863,17.924,0,0
2.925,41.329,0,14.632,199.231,73.643,5,15,10,1,0,5.849,-2.455,-20.59,106.901,-93.481,-10.702,6.409,-4.371,-10.576,35.344,-64.046,78.947,9.817,7.367,-7.717,-56.305,132.885,23.45,14.483,1.667,-3.899,-27.679,-156.229,14.031,0,0
3.394,41.578,0,16.884,225.174,24.88,5,15,10,1,0,8.818,-0.017,-18.07,101.008,-69.435,-11.282,10.562,-1.478,-13.764,44.229,-81.954,65.038,5.437,8.541,0.22,-87.969,197.71,0.763,17.421,-1.37,-1.092,-36.504,-168.809,8.473,0,0
3.824,41.248,0,19.525,264.061,-32.97,5,15,10,1,0,13.168,-1.085,-16.403,78.916,-46.092,0.916,11.611,2.92,-11.879,42,-100.84,48.656,0.992,4.57,10.969,-457.649,5.374,45.924,16.626,1.392,-1.059,-31.45,-168.321,11.069,0,0
4.215,40.323,0,22.491,296.654,-92.583,5,15,10,1,0,11.788,3.42,-16.902,30.229,-24.733,21.45,12.32,4.608,-9.084,35.466,-120.901,26.137,11.01,7.089,-3.89,-60.595,152.977,18.718,18.971,2.769,-1.03,-34.672,-167.008,8.031,0,0
4.567,38.941,0,25.691,320.035,-138.13,5,15,10,1,0,11.259,5.058,-17.223,-42.611,-9.817,30.824,11.8,4.333,-12.253,10.382,-144.26,7.908,8.234,6.922,-5.391,-55.206,356.397,21.527,18.497,3.988,-3.655,-40.504,-162.336,8.092,0,0
4.881,37.037,0,29.078,338.7,-190.43,5,15,10,1,0,10.416,1.401,-17.941,-81.511,8.565,37.985,10.821,0.57,-12.33,-5.328,-162.626,-2.702,8.823,7.65,-6.792,-48.947,201.527,29.038,16.356,3.478,-10.085,-40,-163.74,9.344,0,0
5.156,34.576,0,32.719,364.049,-246.071,5,15,10,1,0,6.435,5.461,-20.02,-97.985,26.229,41.618,13.467,0.901,-10.912,-39.435,-173.924,-8.565,9.609,9.774,-9.355,-52.84,218.626,24.305,13.446,4.654,-15.342,-51.115,-186.412,10.962,0,0
5.393,31.69,0,36.726,400.67,-288.609,5,15,10,1,0,10.071,6.122,-18.643,-122.061,43.939,37.817,9.427,4.462,-12.387,-58.214,-192.046,-10.061,7.295,10.793,-15.577,-144.55,-88.748,-20.58,14.701,6.91,-17.946,-78.458,-208.244,11.817,0,0
5.59,28.611,0,41.05,432.484,-307.904,5,15,10,1,0,5.343,1.195,-10.205,-150.412,49.344,48.855,7.678,6.974,-9.396,-70.611,-198.962,-3.282,4.407,7.166,-17.776,-87.924,234.702,-27.237,17.227,2.498,-19.189,-111.389,-206.366,5.16,0,0
5.749,25.315,0,45.653,460.282,-329.602,5,15,10,1,0,7.518,-0.599,-13.515,-177.969,51.359,53.496,8.579,6.265,-9.012,-87.664,-198.305,-3.847,6.716,7.077,-19.095,-100.183,491.893,-91.664,16.095,6.292,-14.861,-147.664,-210.26,5.802,0,0
5.869,22.21,0,50.36,470.651,-310.559,5,15,10,1,0,3.13,-0.994,-14.214,-189.038,23.313,45.099,11.702,1.712,-6.404,-97.908,-185.191,-9.053,8.862,4.311,-19.785,-101.16,-485.023,-262.473,18.825,9.994,-13.819,-164.901,-184.015,15.023,0,0
5.95,19.676,0,55.077,471.669,-253.384,5,15,10,1,0,3.624,-3.937,-16.945,-162.458,8.443,37.878,11.223,1.801,-6.277,-107.145,-168.275,-5.985,5.703,4.958,-19.33,-103.664,-467.282,-167.206,15.915,0.479,-16.056,-146.58,-173.16,7.496,0,0
5.993,17.734,0,59.782,470.559,-194.127,5,15,10,1,0,5.346,-9.788,-16.006,-97.542,-5.374,33.969,13.776,-2.057,-6.656,-106.122,-147.771,1.481,9.223,0.917,-19.285,-81.832,271.344,-165.313,16.971,0.46,-21.476,-120.061,-158.611,-3.115,0,0
5.997,16.259,0,64.481,469.872,-147.595,5,15,10,1,0,6.148,-8.742,-14.813,-59.099,-8.26,30,13.292,-4.948,-9.034,-100.901,-135.344,17.832,8.229,2.005,-17.802,-60.519,-448.931,-157.435,12.059,3.47,-19.249,-132.626,-151.389,-16.031,0,0
5.962,15.09,0,68.882,440.164,-116.81,5,15,10,1,0,9.427,-11.676,-12.952,-14.58,-1.74,28.656,9.53,-8.122,-10.33,-91.328,-130.534,32.565,8.847,3.221,-16.015,-37.863,-466.519,-150.626,17.05,1.296,-11.647,-107.908,-128.168,-15.634,0,0
5.888,13.823,0,72.779,389.661,-126.709,5,15,10,1,0,8.198,-11.295,-13.199,-10.443,-0.519,28.794,8.098,-9.827,-11.57,-67.42,-141.282,35.298,10.711,1.298,-15.532,-24.55,258.153,-58.336,15.675,-2.912,-11.561,-83.313,-82.137,-13.573,0,0
5.776,12.475,0,76.046,326.672,-134.789,5,15,10,1,0,6.85,-5.657,-14.171,-15.313,0.626,19.542,8.897,-6.826,-9.973,-35.695,-146.84,33.115,0.158,4.398,-19.069,-11.45,495.557,-79.786,15.86,-6.304,-9.547,-27.053,-24.824,-4.427,0,0
5.625,11.08,0,78.675,262.883,-139.538,5,15,10,1,0,3.444,-5.293,-15.287,-17.771,2.962,17.893,7.099,-5.137,-9.048,-20.763,-150.611,24.672,9.645,2.357,-14.423,-0.046,237.802,-21.527,11.86,-6.577,-9.894,30.595,24.031,2.519,0,0
5.435,9.604,0,80.656,198.143,-147.595,5,15,10,1,0,7.214,-4.206,-13.041,-31.695,2.351,11.634,9.345,-3.346,-8.452,-16.321,-146.779,19.038,5.542,2.407,-17.405,0.489,443.023,4.214,8.038,-6.129,-13.455,78.962,73.13,2.611,0,0
5.207,8.238,0,82.114,145.775,-136.563,5,15,10,1,0,8.572,-5.247,-12.883,-33.13,3.908,7.328,10.62,-1.492,-7.619,-14.229,-138.366,18.824,4.186,2.661,-15.678,-5.038,419.176,29.466,6.778,-3.736,-15.455,104.733,105.328,-1.908,0,0
4.939,6.887,0,83.142,102.86,-135.132,5,15,10,1,0,5.168,-2.263,-13.939,-21.237,1.466,9.191,11.293,-0.357,-7.923,-21.053,-133.588,15.802,3.145,2.239,-16.909,1.939,202.031,26.473,6.684,-1.415,-16.241,113.771,123.466,-4.84,0,0
4.633,5.828,0,83.838,69.58,-105.869,5,15,10,1,0,6.059,-3.343,-13.448,-25.344,-9.008,5.756,13.228,0.992,-6.737,-32.794,-119.71,15.13,2.282,2.961,-21.847,11.695,390.107,59.42,3.799,0.999,-17.699,104.55,148.855,-9.679,0,0
4.288,4.913,0,84.245,40.638,-91.507,5,15,10,1,0,9.178,-6.62,-11.115,6.412,-2.885,10.046,9.132,-0.618,-9.259,-42.046,-113.527,18.122,2.991,3.987,-21.565,30.656,-254.351,117.13,2.991,0.532,-17.122,84.55,171.832,-5.924,0,0
3.905,3.881,0,84.296,5.127,-103.272,5,15,10,1,0,5.271,1.207,-14.305,11.023,-3.908,14.702,8.723,0.012,-9.709,-33.573,-120.916,12.794,2.898,4.457,-16.037,13.832,351.298,29.069,4.448,0.194,-15.422,48.504,196.626,1.954,0,0
3.483,2.896,0,84.216,-7.988,-98.477,5,15,10,1,0,3.557,-0.486,-14.497,-8.595,-13.603,12.321,9.784,1.406,-10.016,-30.443,-122.931,7.145,7.046,6.107,-12.346,25.313,342.962,65.771,2.474,2.223,-10.517,39.771,198.061,20.702,0,0
3.022,2.024,0,83.886,-33.039,-87.158,5,15,10,1,0,7.997,-4.172,-12.974,0.58,-15.023,12.229,10.141,0.117,-12.001,-33.206,-118.718,9.069,1.715,6.584,-16.741,13.618,313.863,6.534,6.22,1.703,-13.668,-12.183,232.916,25.389,0,0
2.522,1.211,0,83.139,-74.65,-81.322,5,15,10,1,0,6.728,-4.419,-12.583,12.687,-16.244,13.557,10.615,-2.134,-10.66,-28.443,-116.687,10.718,0.093,5.791,-18.554,10.489,134.336,-11.298,7.202,-0.417,-16.334,-35.328,257.71,31.038,0,0
1.983,0.412,0,82.07,-106.945,-79.88,5,15,10,1,0,6.565,-2.414,-13.937,12.412,-16.641,13.817,11.254,-1.181,-11.853,-21.496,-113.679,12.992,0.089,6.823,-17.172,-5.985,134.992,-13.359,5.607,0.357,-16.363,-49.191,273.237,41.893,0,0
1.406,-0.254,0,80.674,-139.538,-66.651,5,15,10,1,0,3.66,-1.243,-15.139,1.527,-22.183,12.809,12.593,-1.574,-11.156,-19.023,-106.458,10.351,-0.759,5.923,-17.658,-24.489,241.145,-27.878,4.028,-1.214,-17.414,-53.71,282.992,54.076,0,0
0.79,-0.664,0,78.964,-170.998,-41.004,5,15,10,1,0,5.791,-4.531,-13.338,5.435,-30,11.618,13.218,-3.08,-10.833,-23.527,-92.397,11.298,-1.427,7.89,-20.861,-85.924,419.954,-48.489,2.589,-1.171,-17.177,-55.115,291.267,64.947,0,0
0.136,-0.891,0,76.972,-199.208,-22.694,5,15,10,1,0,5.295,-5.236,-11.491,10.855,-39.328,7.573,14.892,-1.506,-8.701,-21.374,-80.092,19.023,-2.764,8.373,-16.94,-60.824,180.076,-32,4.529,-0.81,-15.656,-55.603,306.107,74.611,0,0
0,-0.957,0,74.679,-229.317,-6.58,5,15,10,1,0,7.276,-6.474,-11.132,19.374,-36.198,8.504,10.102,-3.348,-9.628,-18.656,-77.725,20.504,-3.866,7.784,-16.952,-80.855,73.74,-11.725,5.858,0.424,-15.865,-35.252,311.221,83.832,0,0
0,-1.027,0,72.167,-251.221,-6.958,5,15,10,1,0,7.149,-6.577,-10.993,21.053,-36.504,8.427,11.733,-2.738,-8.943,-5.908,-85.878,14.153,-4.886,6.148,-17.424,-108.672,118,-13.496,3.638,-4.007,-20.262,-16.809,314.458,82.992,0,0
0,-1.148,0,69.49,-267.643,-12.131,5,15,10,1,0,8.404,-6.031,-9.42,8.885,-41.603,5.771,8.672,-3.942,-7.676,0.244,-86.626,17.42,-6.275,5.808,-17.965,-119.176,47.573,-3.771,5.956,-0.987,-17.898,-17.573,318.656,81.969,0,0
0,-1.62,0,66.751,-273.938,-47.23,5,15,10,0,0,9.297,-3.897,-10.804,10.87,-32.748,6.031,6.73,-2.493,-8.493,8.565,-100.305,19.588,-4.242,3.239,-22.81,-243.603,82.244,-4.519,9.372,3.578,-16.72,-6.366,311.832,79.924,0,0
0,-2.348,0,63.982,-276.856,-72.819,5,15,10,0,0,7.18,-3.791,-9.405,-13.435,-32.275,6.626,7.983,-0.347,-7.219,4.427,-104.214,13.176,-3.094,4.021,-13.843,-119.298,33.496,14.382,5.058,2.829,-20.722,5.099,296.153,74.397,0,0
0,-3.129,0,61.243,-273.949,-78.037,5,15,10,0,0,6.543,-1.564,-11.918,-37.328,-35.069,5.099,11.783,1.715,-7.544,-10.473,-96.809,7.45,-4.883,1.568,-19.452,-213.985,108.061,291.42,4.397,-1.004,-24.743,0.305,290.382,69.511,0,0
0,-3.795,0,58.544,-269.909,-66.628,5,15,10,0,0,5.892,-4.654,-12.253,-46.626,-42.198,3.298,13.949,0.812,-7.575,-32.107,-80.107,7.969,-3.363,2.83,-24.908,357.74,161.954,210.687,5.585,0.934,-24.47,-9.74,279.023,64.962,0,0
0,-4.257,0,55.911,-263.26,-46.2,5,15,10,0,0,5.743,-5.53,-11.961,-45.954,-54.794,2.763,16.782,0.786,-7.12,-51.405,-60.29,12.901,-3.808,3.152,-11.573,-61.557,8.855,-490.748,4.857,2.934,-23.905,-17.099,259.298,60.412,0,0
0,-4.396,0,53.358,-255.284,-13.916,5,15,10,0,0,2.172,-6.273,-12.37,-38.031,-68.504,2.718,16.645,-0.616,-7.401,-61.252,-45.878,19.771,-3.07,2.886,-9.137,-17.069,-1.191,30.473,7.41,2.627,-22.633,-17.588,229.084,54.611,0,0
0,-4.308,0,50.971,-238.759,8.846,5,15,10,0,0,8.145,-5.772,-9.664,-24.702,-66.885,2.947,8.572,-2.929,-10.825,-59.069,-48.29,33.069,-2.632,3.949,-7.535,1.679,-12.58,2.412,6.059,1.928,-23.196,2.55,196.718,49.817,0,0
0,-4.315,0,48.763,-220.791,-0.71,5,15,10,0,0,4.682,-1.842,-15.199,-21.069,-68.458,4.153,10.33,-3.712,-10.631,-45.527,-57.267,27.603,-0.843,4.467,-6.89,8.931,-50.26,498.809,6.083,4.141,-22.844,24.992,161.71,44.031,0,0
0,-4.286,0,46.811,-195.237,2.93,5,15,10,0,0,6.97,-3.399,-13.889,-20.87,-71.786,-2.153,10.279,-2.187,-11.185,-33.023,-63.573,25.267,-1.2,4.919,-4.876,4.504,-261.252,236.58,3.89,5.463,-25.964,35.115,133.099,32.351,0,0
0,-4.224,0,45.192,-161.866,6.145,5,15,10,0,0,7.702,-2.582,-14.428,-23.908,-75.328,-5.298,10.945,-0.783,-11.855,-30.855,-64.107,21.893,-2.005,4.788,-7.089,6.87,-44.061,27.786,6.136,7.913,-23.512,37.603,93.237,13.527,0,0
0,-3.946,0,43.874,-131.768,27.832,5,15,10,0,0,10.816,-5.238,-10.706,-22.031,-85.832,-11.45,10.586,-0.841,-12.557,-41.115,-52.244,23.756,-2.776,3.801,-7.07,13.542,-98.26,6.656,3.662,8.133,-23.905,34.809,61.969,1.817,0,0
0,-3.531,0,42.855,-101.876,41.462,5,15,10,0,0,5.813,-2.021,-15.843,-15.588,-85.053,-9.344,13.359,-0.877,-10.617,-50.229,-46.947,14.947,-0.309,3.602,-6.694,2.214,-246.122,-94.779,6.294,6.172,-22.386,28.489,5.008,-13.359,0,0
0,-3.001,0,42.229,-62.611,53.043,5,15,10,0,0,8.622,-3.394,-12.945,-11.023,-91.817,-14.29,12.042,-0.175,-10.833,-55.252,-43.618,14.321,2.479,6.792,-1.322,41.084,-250.031,-226.198,6.835,1.051,-24.599,47.359,-18.351,-14.229,0,0
0,-2.433,0,42.024,-20.496,56.774,5,15,10,0,0,10.751,-3.509,-12.818,-9.344,-90.092,-17.038,10.406,-2.718,-10.529,-55.573,-49.282,12.473,5.971,7.805,-5.224,-0.763,-57.267,-19.863,3.99,6.069,-26.099,39.954,-65.649,-2.427,0,0
0,-2.059,0,42.189,16.445,37.388,5,15,10,0,0,10.687,-3.343,-12.124,-13.191,-85.878,-18.214,10.502,-1.42,-10.512,-53.939,-57.863,10.473,1.363,8.996,-11.649,-15.74,-141.786,-60.885,6.653,5.887,-29.162,-0.595,-86.565,0.794,0,0
0,-1.755,0,42.669,48.042,30.396,5,15,10,0,0,13.24,-2.278,-10.045,-37.267,-86.519,-23.328,12.799,0.034,-9.204,-59.45,-56.015,4.504,2.326,0.241,-14.868,-81.878,-288.015,-416.733,9.829,9.175,-7.027,-79.756,-105.008,8.397,0,0
0,-1.481,0,43.153,48.351,27.454,5,15,10,0,0,12.536,-0.285,-10.83,-40.87,-85.206,-22.229,13.592,-0.946,-9.968,-69.282,-53.863,0.366,1.279,17.942,-2.357,-354.473,-360.565,5.374,5.247,-7.413,-2.273,-108.55,-46.641,7.221,0,0
0,-1.199,0,43.244,9.155,28.141,5,15,10,0,1,6.668,-3.212,-12.679,-72.153,-92.153,-26.504,17.608,-1.205,-7.401,-73.908,-45.053,-4.58,8.213,6.134,-11.134,-68.595,-66.824,-132.092,12.785,-8.718,0.821,-121.328,-24.504,8.641,0,1
0,-0.811,0,43.229,-1.522,38.83,5,5,10,0,1,11.3,-7.209,-9.764,-71.954,-96.382,-31.42,16.535,-2.045,-8.847,-75.939,-33.893,-4.794,5.221,4.431,-3.66,133.359,272.565,457.282,13.834,-15.014,-11.46,-67.282,-46.412,0.733,0,0
0,-0.811,0,43.229,-1.522,38.83,5,5,10,0,1,11.3,-7.209,-9.764,-71.954,-96.382,-31.42,16.535,-2.045,-8.847,-75.939,-33.893,-4.794,5.221,4.431,-3.66,133.359,272.565,457.282,13.834,-15.014,-11.46,-67.282,-46.412,0.733,0,0
0,0.478,1.293,43.987,66.948,74.707,5,5,10,0,1,12.301,-5.521,-9.59,-63.985,-106.55,-35.191,16.947,-3.547,-8.622,-56.229,-10.366,-12.275,-0.301,-22.033,13.68,164.137,353.435,-53.985,5.437,4.488,-21.241,-2.214,-135.466,-34.565,0,0
0,1.449,1.881,45.141,115.391,97.103,5,5,10,0,1,12.212,-4.824,-9.561,-55.099,-115.542,-36.763,18.482,-1.882,-6.708,-42.458,6.534,-13.573,-0.128,-8.411,19.869,-274.336,-385.13,-1.954,6.943,7.88,-14.102,-24.061,-135.13,-38.687,0,0
0,2.675,2.429,46.258,111.729,122.612,15,5,10,0,1,11.185,-2.692,-9.331,-40.214,-119.267,-35.282,15.924,-1.779,-7.116,-33.45,17.679,-14.443,0.299,3.54,-11.901,34.321,-62.519,-60.305,9.774,1.65,-12.277,-62.321,-93.527,-28.046,0,0
0,4.134,2.939,47.023,76.47,145.832,15,5,10,0,1,9.137,-4.879,-6.888,-28.687,-130.626,-37.237,17.33,-0.208,-4.567,-26.015,36.107,-12.198,0.256,1.85,-23.447,114.611,-307.863,-228.458,15.867,-4.352,-11.091,-47.16,-57.878,-13.176,0,0
0,5.866,3.409,46.924,-9.853,173.195,15,5,10,0,1,12.349,-3.042,-6.447,-20.336,-133.344,-35.282,15.848,0.194,-4.498,-19.817,54.107,-8.916,2.007,18.518,-5.077,299.817,477.053,192,31.092,-5.786,-13.953,-40.153,-17.954,-9.573,0,0
0,8.044,3.84,46.254,-67.063,217.839,15,5,10,0,1,6.227,-3.619,-6.445,-18.809,-151.588,-39.313,19.586,2.014,-3.487,-25.908,85.527,-6.519,4.771,2.441,-11.982,4.229,-490.519,-151.511,18.387,-3.964,-11.594,20.58,-44.443,-19.588,0,0
0,10.594,4.232,45.166,-108.753,254.952,15,5,10,0,0,13.137,-1.267,-9.484,-25.328,-146.015,-37.786,15.611,1.303,-4.685,-32.061,108.321,-13.16,1.377,3.742,-22.925,3.588,-306.031,-32.305,17.515,1.36,-14.387,21.954,1.847,-26.87,0,0
0,13.556,4.584,43.409,-175.77,296.265,15,5,10,0,0,11.388,-10.196,-4.785,-15.298,-166.427,-41.053,17.316,1.849,-4.036,-41.176,143.969,-12.244,2.836,7.008,-14.756,7.344,369.221,12.641,7.439,-1.269,-13.17,43.786,8.809,-26.947,0,0
0,16.731,4.898,41.065,-234.341,317.483,15,5,10,0,1,12.622,-5.54,-11.649,-22.763,-167.45,-31.969,14.84,-1.875,-6.591,-37.282,167.13,-24.427,1.351,5.006,-18.049,13.42,-180.519,26.656,8.933,-1.492,-16.77,54.809,42,-15.359,0,0
0,20.236,5.172,38.142,-292.283,350.476,15,5,10,0,1,8.397,-4.309,-19.048,-11.954,-186.305,-26.595,17.565,-4.079,-4.893,-26.275,187.527,-24,0.062,4.487,-36.759,236.763,-115.542,213.74,14.95,-5.566,-16.389,69.206,61.511,-9.405,0,0
0,24.172,5.407,34.784,-335.828,393.643,15,5,10,0,1,8.155,-7.47,-18.937,18.214,-211.389,-30.916,18.161,-5.988,-7.518,-6.244,210.458,-10.443,1.317,5.538,-12.272,68.656,185.099,88.55,1.909,-6.079,-7.609,97.038,41.435,-14.84,0,0
0,28.648,5.603,31.386,-339.822,447.556,15,5,10,0,1,13.934,-12.835,-16.346,54.901,-218.519,-39.344,15.663,-4.457,-11.786,17.832,228.443,6.824,-2.335,2.134,-15.285,34.626,-198.565,15.053,13.098,-5.113,-10.263,130.107,43.252,-26.29,0,0
0,33.408,5.76,28.002,-338.334,476.052,15,5,10,0,1,15.225,-3.822,-18.549,83.053,-218.962,-38.214,8.89,-6.086,-14.013,39.099,229.74,26.305,1.073,0.509,-14.931,72.84,187.603,69.74,6.347,-9.333,-16.748,145.878,22.046,-23.664,0,0
0,38.37,5.878,25.065,-293.759,496.205,15,5,10,0,1,10.514,-4.745,-20.904,115.374,-214.031,-41.649,13.838,-4.201,-14.399,57.359,243.328,40.076,6.471,0.643,-12.421,65.267,254.168,149.74,7.125,1.099,-13.968,131.359,7.71,-17.191,0,0
0,43.26,5.956,22.85,-221.524,488.927,15,5,10,0,1,20.152,-35.48,-14.516,150,-183.802,-41.878,12.643,-4.107,-17.503,40.351,255.634,66.504,6.605,2.162,-11.774,193.756,378.26,16,10.246,8.265,-11.908,92.794,-3.237,-20.076,0,0
0,48.207,5.995,21.161,-168.869,494.729,15,5,10,0,1,12.284,-0.908,-21.543,134.382,-212.153,-41.084,8.517,0.812,-17.977,90.092,225.405,102.351,6.548,4.776,-11.417,63.053,-138.977,1.023,10.488,6.605,-10.555,34.931,-9.389,-27.145,0,0
0,52.975,5.995,19.81,-135.098,476.762,15,5,10,0,1,12.54,-10.409,-15.031,150.168,-176.595,-37.542,13.728,0.788,-15.821,63.878,230.947,97.267,3.07,7.381,-14.65,69.649,-134.443,-10.901,11.455,3.981,-8.933,5.618,-2.137,-29.084,0,0
0,57.326,5.956,18.517,-129.273,435.128,15,5,10,0,1,17.196,-10.445,-10.55,160.458,-158.275,-30.916,5.065,-0.534,-20.873,38.611,229.725,122.275,3.37,7.216,-13.235,60.962,-260.137,-35.908,10.009,-0.719,-9.065,12.214,-1.435,-27.267,0,0
0,60.801,5.878,17.254,-126.32,347.523,15,5,10,0,1,5.715,2.144,-18.461,142.489,-106.244,-16.336,17.292,1.162,-14.296,58.046,235.084,90.092,2.448,7.386,-13.97,61.084,-268.931,-35.145,11.53,0.208,-8.411,31.008,4.702,-20.366,0,0
0,63.727,5.76,15.954,-130.005,292.569,15,5,10,0,1,7.343,4.601,-18.66,123.374,-70.443,-11.389,15.204,-0.496,-10.878,54.427,226.092,77.115,4.222,5.989,-14.083,120.168,-260.473,-28.672,9.786,1.554,-8.682,53.71,-1.496,-17.038,0,0
0,66.198,5.603,14.679,-127.499,247.17,15,5,10,0,1,5.686,5.121,-18.231,96.885,-38.29,-3.282,10.557,-0.515,-10.344,50.931,210.977,58.382,3.43,12.046,-22.168,-446.702,-150.977,-382.046,10.306,2.747,-8.641,66.58,4.672,-11.71,0,0
0,68.422,5.407,13.379,-130.005,222.348,15,5,10,0,1,6.553,1.53,-15.908,55.802,-21.649,4.214,11.336,-0.031,-11.192,48.641,200.122,35.954,4.311,9.2,-24.487,-391.603,-2.336,-178.809,8.969,0.714,-11.046,85.374,4.641,-6,0,0
0,70.385,5.172,12.277,-110.207,196.301,15,5,10,0,1,4.244,0.311,-16.985,27.206,-1.359,16.137,12.658,1.236,-11.453,37.42,201.237,16.733,3.511,8.9,-13.295,76.916,-115.145,-14.26,11.403,6.998,-7.951,77.053,8.641,-0.855,0,0
0,72.15,4.898,11.226,-105.091,176.48,15,5,10,0,1,4.134,0.462,-16.626,-2.931,20.244,23.328,12.303,0.098,-10.924,27.817,201.542,4.046,4.725,9.503,-12.272,75.511,-111.344,-31.756,8.723,4.438,-10.363,56.656,4.534,-4.611,0,0
0,73.699,4.584,10.292,-93.35,154.896,15,5,10,0,1,3.296,0.563,-17.17,-28.427,44.29,25.771,12.107,0.721,-11.202,28.122,199.237,-8.031,4.553,8.234,-12.025,68.687,-121.053,-68.275,8.641,3.569,-10.9,41.664,1.817,-3.282,0,0
0,75.123,4.232,9.596,-69.649,142.468,15,5,10,0,1,2.943,0.525,-17.017,-55.74,63.71,24.473,12.193,-0.11,-10.507,23.786,198.183,-15.053,4.871,6.744,-13.055,61.695,-195.13,-64,7.484,1.969,-12.037,30.061,-4.26,-3.557,0,0
0,76.317,3.84,9.153,-44.277,119.351,15,5,10,0,1,2.632,0.091,-16.851,-64.58,85.954,26.321,10.2,-1.332,-10.61,22.931,192.58,-18.672,2.453,6.926,-13.64,52.687,-88.672,-16.168,9.384,4.021,-8.572,-0.718,-6.977,-5.267,0,0
0,77.335,3.409,8.707,-44.643,101.818,15,5,10,0,1,2.697,0.613,-16.902,-69.832,107.542,29.863,9.947,-0.913,-10.054,20.321,182.122,-25.084,1.897,5.177,-24.477,262.076,-342.489,-155.603,10.394,-0.742,-9.024,-14.214,-9.603,-6.702,0,0
0,78.049,2.939,8.271,-43.568,71.434,15,5,10,0,1,3.684,-1.334,-14.684,-73.008,128.031,24.885,11.47,1.03,-9.388,7.954,178.626,-26,1.825,9.107,-15.156,35.099,-155.053,13.313,8.138,-1.602,-8.912,0.168,-17.023,-4.855,0,0
0,78.372,2.429,8.015,-25.623,32.227,15,5,10,0,1,6.893,-0.771,-15.984,-55.924,161.45,27.588,9.161,-0.733,-13.06,9.405,170.427,-33.74,6.907,1.59,-6.744,104.168,119.939,63.756,9.393,2.855,-6.862,18.641,-28.504,-2.061,0,0
0,78.419,1.881,8.007,-0.755,4.726,15,5,10,0,1,3.628,-0.707,-18.116,-47.45,182.305,23.802,9.997,-0.769,-12.476,11.481,170.611,-31.756,4.711,7.978,-12.732,15.267,-48.58,4.198,10.447,4.426,-7.214,6.809,-26.214,-2.672,0,0
0,78.185,1.293,8.077,6.935,-23.392,15,5,10,0,1,4.685,-5.382,-16.049,-15.679,202.229,17.618,7.923,-1.051,-13.774,11.328,163.771,-17.42,6.316,7.231,-10.081,4.015,-81.435,7.115,8.339,1.964,-8.914,-9.084,-35.481,-4.977,0,0
0,77.661,0.666,8.194,11.753,-52.391,15,5,10,0,1,2.146,-4.639,-17.618,11.481,221.405,12.198,7.899,-1.978,-12.013,22.626,158.901,-11.603,2.39,8.732,-13.132,0.321,-187.374,-42.382,9.628,2.347,-8.811,-20.382,-36.748,-5.069,0,0
0,77.661,0.666,8.194,11.753,-52.391,15,5,10,0,1,2.146,-4.639,-17.618,11.481,221.405,12.198,7.899,-1.978,-12.013,22.626,158.901,-11.603,2.39,8.732,-13.132,0.321,-187.374,-42.382,9.628,2.347,-8.811,-20.382,-36.748,-5.069,0,0
0,75.782,0,8.512,11.375,-103.306,15,5,10,0,1,0.75,-1.641,-19.155,48.885,249.084,-4.534,5.93,-1.914,-12.088,41.099,133.176,4.916,4.289,6.013,-13.139,-43.069,-103.786,-120.183,7.863,-0.486,-10.883,-20.061,-46.397,-4.382,0,0
0,74.549,0,8.612,9.945,-123.345,15,5,10,0,1,2.63,-2.85,-17.864,56.855,261.771,-12.748,4.951,-2.532,-12.224,50.382,119.634,9.313,-0.783,7.614,-14.998,-23.45,-53.832,-10.229,11.853,0.874,-7.403,-16.015,-44,-3.267,0,0
0,73.142,0,8.612,-0,-140.671,15,5,10,0,1,2.57,-1.605,-18.458,56.427,263.038,-13.802,5.726,-3.494,-11.321,64.595,106.504,8.718,-0.79,7.331,-15.407,-23.511,-55.985,-9.038,9.757,-0.041,-9.733,-8.321,-51.969,-2.916,0,0
0,71.52,0,8.612,-0,-162.175,15,5,10,0,1,3.425,-1.959,-18.296,37.069,275.573,-27.389,5.794,-2.829,-12.241,78.489,92.198,9.908,2.843,4.527,-13.577,-15.679,-114.427,-10.901,9.812,0.716,-10.399,-3.542,-51.985,-2.595,0,0
0,69.755,0,8.607,-0.446,-176.56,15,5,10,0,1,2.967,-0.865,-19.725,26.031,284.031,-34.733,5.667,-2.824,-11.122,91.206,77.679,6.366,2.694,4.105,-14.159,-5.405,-59.038,-6.107,9.985,1.047,-11.067,-5.16,-52.504,-3.435,0,0
0,67.814,0,8.607,-0,-194.046,15,5,10,0,1,2.761,-2.026,-20.14,11.527,285.084,-40.153,5.959,-2.045,-9.748,107.023,65.679,0.641,2.462,3.99,-14.691,6,-121.634,-14.534,9.592,0.165,-11.515,-4.504,-53.863,-5.16,0,0
0,65.719,0,8.607,-0,-209.473,15,5,10,0,1,2.484,-2.227,-18.866,11.221,285.603,-39.389,5.327,-2.946,-11.304,118.168,53.435,-9.802,2.316,3.942,-14.818,15.679,-128.351,-14.84,9.523,-0.685,-11.348,0.55,-54.794,-4.519,0,0
0,63.453,0,8.604,-0.366,-226.685,15,5,10,0,0,4.572,-2.807,-19.51,0.702,292.137,-37.267,3.825,0.048,-11.75,124.656,42.641,-16.229,2.335,4.316,-15.034,23.557,-133.817,-29.557,9.764,-0.069,-11.235,6.718,-55.206,-3.878,0,0
0,61.09,0,8.604,-0,-236.252,15,5,10,0,0,5.54,1.449,-26.19,6.702,301.176,-33.038,1.571,2.065,-12.933,125.42,29.008,-32.916,2.663,9.802,-20.65,57.634,-137.603,-13.649,9.951,0.249,-11.477,11.588,-56.718,-4.061,0,0
0,58.618,0,8.604,-0,-247.204,15,5,10,0,0,-0.826,-3.542,-24.4,14.901,283.099,-31.359,3.473,3.978,-9.568,104.611,21.557,-41.359,2.797,1.623,-32.496,130.672,-285.084,-56.55,10.799,1.059,-10.873,14.687,-56.321,-3.863,0,0
0,56.143,0,8.589,-1.465,-247.525,15,5,10,0,0,1.832,-4.036,-24.199,17.115,267.267,-29.908,4.591,4.299,-7.039,67.817,15.298,-39.145,3.171,5.846,-15.263,34.702,-299.863,-120.427,11.048,2.203,-10.706,13.069,-54.321,-4.748,0,0
0,53.645,0,8.586,-0.286,-249.733,15,5,10,0,0,1.863,-1.504,-27.246,17.267,256.412,-26.214,3.822,2.378,-6.701,47.008,1.649,-41.069,4.898,6.002,-14.095,32.534,-76.901,-11.237,6.414,0.192,-12.928,17.695,-59.71,-5.832,0,0
0,51.239,0,8.545,-4.086,-240.601,15,5,10,0,0,0.201,-4.345,-24.954,5.252,226.305,-23.389,2.603,1.978,-5.87,36.626,-13.695,-28.504,4.038,9.306,-27.274,259.145,-221.328,-306.321,11.417,1.952,-8.55,13.588,-56.443,-1.649,0,0
0,49.045,0,8.436,-10.929,-219.429,15,5,10,0,0,0.065,-3.561,-26.664,-12.351,193.771,-17.145,2.402,1.734,-4.311,32.519,-29.298,-22.244,-0.51,9.08,-17.694,21.878,-343.771,-55.817,14.169,3.058,-7.59,-1.679,-41.863,-0.748,0,0
0,47.039,0,8.132,-30.407,-200.627,15,5,10,0,0,0.093,-4.062,-26.98,-30.992,154.26,-9.298,2.414,3.399,-4.814,29.679,-41.466,-22.366,2.675,3.169,-14.959,16.595,-87.71,-18.748,9.575,0.247,-12.885,9.878,-56.107,-2.672,0,0
0,45.269,0,7.989,-14.294,-176.949,15,5,10,0,0,1.698,-9.685,-23.375,-34.641,116.855,1.863,3.319,4.285,-4.507,22.626,-51.786,-22.779,1.88,8.265,-15.814,16.687,-82.061,-9.038,13.685,2.481,-7.578,15.573,-65.847,0.55,0,0
0,43.783,0,7.861,-12.817,-148.636,15,5,10,0,0,0.953,-4.728,-25.399,-49.863,83.557,12.275,6.105,2.639,-2.802,8.076,-57.542,-24.198,9.947,4.824,-11.563,2.153,-142.351,7.573,9.958,0.874,-12.155,20.702,-72.275,1.389,0,0
0,42.505,0,7.854,-0.732,-127.831,15,5,10,0,0,1.894,-6.965,-25.239,-49.42,54.931,22.122,6.273,3.458,-3.966,-9.206,-64.458,-23.527,6.361,5.667,-14.54,5.969,-131.42,7.725,12.706,1.312,-8.933,11.985,-65.466,2.794,0,0
0,41.454,0,7.854,-0,-105.091,15,5,10,0,0,9.3,-5.992,-22.544,-49.053,31.969,19.435,13.386,3.305,-0.378,-22.595,-56.229,-23.725,5.008,5.859,-19.318,40.718,-124.855,6.198,12.033,0.548,-8.759,7.344,-66.031,1.939,0,0
0,40.52,0,7.854,-0,-93.361,15,5,10,0,0,5.161,-6.989,-25.121,-37.45,1.939,19.74,11.324,-1.981,-3.133,-20.824,-51.908,-7.939,4.867,5.693,-13.467,22.244,-249.466,8.061,11.592,-1.554,-8.028,11.45,-68.641,5.298,0,0
0,39.799,0,7.854,-0,-72.132,15,5,10,0,0,15.402,-9.925,-29.705,-13.053,-23.466,17.267,6.917,1.906,-3.679,-13.374,-56.565,8.534,4.984,4.879,-12.124,28.84,-61.893,1.893,11.604,-1.859,-7.638,22.061,-69.649,10.733,0,0
0,39.615,0,7.854,-0,-18.379,15,5,10,0,0,-3.619,-4.093,-33.772,-5.038,-106.168,6.565,7.657,-1.128,-3.861,-1.099,-61.389,31.634,5.324,4.203,-11.158,40.534,-60.611,3.496,11.319,-1.188,-8.181,34.992,-72.901,14.931,0,0
0,39.923,0,7.886,3.296,30.83,15,5,10,0,0,9.295,-6.342,-16.274,29.344,-109.618,0.534,6.028,-4.139,-8.076,1.634,-74.763,51.176,5.635,4.591,-10.893,55.573,-57.832,14.29,12.337,-0.268,-7.971,44.702,-74.366,18.992,0,0
0,40.285,0,7.901,1.465,36.209,15,5,10,1,0,7.178,-6.107,-6.577,56.55,-98.061,-10.641,11.728,-5.755,-9.652,22.443,-71.115,70.855,7.911,5.834,-9.245,71.573,-60.58,23.206,20.619,1.147,-3.195,44.412,-84.55,27.328,1,0
0,40.63,0,7.975,7.347,34.447,5,5,10,1,0,16.293,-3.945,-2.888,60.55,-64.901,-13.969,13.211,-7.719,-11.681,55.802,-51.298,76,7.971,4.869,-12.107,71.802,-84.214,68.885,11.743,-1.157,-10.155,64.443,-77.893,26.29,0,0
0.67,41.106,0,8.323,34.79,47.608,5,15,10,1,0,4.225,-2.922,-9.82,57.496,-63.786,-13.74,11.407,-2.493,-9.053,77.969,-30.626,96.809,7.832,0.334,-33.147,-337.481,319.511,-375.206,12.358,4.785,-3.978,67.786,-100.901,26.824,0,0
1.3,41.897,0,8.853,53.055,79.136,5,15,10,1,0,5.111,-0.271,-14.282,44.931,-76.534,-11.099,12.543,3.097,-3.121,78.26,-14.092,104.198,4.426,12.094,-18.729,306.183,-91.969,132.885,11.839,0.671,-8.955,63.313,-109.939,22.763,0,0
1.891,43.109,0,9.666,81.276,121.159,5,15,10,1,0,7.813,-2.11,-19.651,35.145,-91.023,-5.954,6.507,3.243,-4.814,56.55,-16.962,104.611,5.825,16.491,-12.052,233.16,28.092,48.855,15.18,1.909,-5.219,55.771,-124.626,21.282,0,0
2.442,44.369,0,10.768,110.264,126.023,5,15,10,1,0,5.221,-2.057,-25.799,44.183,-106.183,-0.137,5.068,1.882,-4.412,45.191,-32.534,79.649,8.474,14.049,-7.645,64.489,95.389,11.847,14.705,0.891,-6.045,48.061,-126.26,19.756,0,0
2.953,45.241,0,12.307,153.809,87.158,5,15,10,1,0,10.224,-1.554,-21.05,57.496,-92.397,7.42,8.589,-0.184,-6.536,33.542,-55.527,50.275,3.985,12.65,-6.993,40.519,97.618,12.611,12.246,2.275,-4.728,28.962,-149.16,15.344,0,0
3.424,45.274,0,14.24,193.314,3.284,5,15,10,1,0,13.913,1.317,-17.448,60.183,-52.84,15.328,11.096,-0.371,-10.517,17.725,-84.702,22.031,8.615,6.989,-8.641,2.443,135.756,2.504,14.202,2.194,-2.326,-2.718,-148.687,12.672,0,0
3.857,44.303,0,16.411,217.163,-97.046,5,15,10,1,0,9.36,4.266,-16.875,22.901,-29.481,23.023,11.266,1.662,-9.966,6.824,-116.336,4.534,12.119,14.418,12.904,-121.893,-264.183,63.389,9.918,2.611,-2.266,-14.489,-172.153,16.473,0,0
4.249,42.535,0,18.957,254.529,-176.857,5,15,10,1,0,14.531,2.254,-16.459,-26.244,1.267,34.656,14.432,3.564,-10.057,-13.863,-146.26,-11.405,4.019,9.733,11.372,-207.756,-37.145,-42.992,17.326,1.942,-0.867,-17.847,-168.351,13.313,0,0
4.602,40.176,0,21.89,293.37,-235.863,5,15,10,1,0,13.561,-2.266,-16.265,-75.466,27.115,46.458,15.055,6.711,-11.633,-23.191,-169.069,-20.214,7.628,6.91,-7.008,-33.679,290.336,-2.534,15.953,4.737,-1.114,-35.74,-165.023,9.847,0,0
4.915,37.403,0,25.04,314.953,-277.245,5,15,10,1,0,10.986,7.556,-21.409,-136.076,43.359,53.725,11.211,1.983,-16.691,-61.16,-191.74,-26.794,9.151,8.569,-8.941,-61.16,331.42,5.618,18.37,1.887,-5.873,-43.847,-160.107,4.855,0,0
5.188,34.221,0,28.401,336.159,-318.215,5,15,10,1,0,11.946,-5.236,-13.486,-149.359,52.565,53.374,11.585,-0.244,-15.831,-63.481,-197.924,-25.405,8.234,6.615,-9.281,-66.26,381.603,-6.046,16.552,1.588,-12.1,-59.466,-162.214,4.611,0,0
5.422,30.797,0,32.052,365.067,-342.419,5,15,10,1,0,4.412,3.046,-12.634,-167.802,61.252,52.031,10.564,0.057,-12.037,-68.809,-209.74,-19.511,7.446,7.698,-11.237,-81.832,416.901,-14.565,13.209,4.536,-16.166,-74.702,-179.221,4.382,0,0
5.616,27.157,0,36.077,402.478,-364.037,5,15,10,1,0,2.433,2.833,-15.96,-184.702,53.084,55.969,7.968,-0.046,-7.71,-61.023,-219.298,-9.832,6.61,13.454,-26.125,180.168,-431.649,-283.847,12.969,2.721,-19.563,-103.45,-199.298,2.061,0,0
5.771,23.677,0,40.416,433.961,-347.924,5,15,10,1,0,-1.059,-0.786,-18.93,-180.779,35.435,44.656,10.176,0.065,-4.579,-74.015,-206.336,-9.603,3.178,9.059,-20.645,-241.099,-61.145,-142.473,12.811,6.258,-15.877,-130.779,-218.962,0.382,0,0
5.886,20.54,0,45.013,459.63,-313.798,5,15,10,1,0,-0.012,-4.127,-20.264,-149.74,29.298,35.893,8.318,-0.05,-8.83,-84.672,-195.664,1.893,4.632,7.175,-18.652,-117.344,241.191,-54.214,19.869,-2.201,-18.636,-150.305,-195.679,-0.015,0,0
5.961,18.193,0,49.631,461.816,-234.696,5,15,10,1,0,4.227,-13.707,-16.157,-90.321,20.137,32.87,11.398,-0.388,-8.22,-86.962,-169.679,9.924,7.391,6.146,-18.566,-114.351,251.053,-84.794,14.064,-0.556,-16.631,-167.221,-205.42,5.176,0,0
5.997,16.423,0,54.296,466.554,-176.949,5,15,10,1,0,6.625,-11.372,-13.156,-33.634,7.023,30.412,15.23,-4.4,-8.083,-93.13,-142.733,26.305,7.197,2.544,-17.833,-113.344,-484.229,-158.84,14.741,1.497,-19.335,-152.489,-179.527,6.779,0,0
5.993,15.079,0,58.859,456.277,-134.377,5,15,10,1,0,5.013,-8.809,-12.856,9.649,9.527,29.115,9.669,-6.268,-10.519,-64.397,-136.534,40.031,8.119,1.487,-18.777,-98.519,259.679,-161.466,11.932,6.996,-17.261,-160.198,-170.489,2.809,0,0
5.949,13.772,0,63.261,440.164,-130.703,5,15,10,1,0,6.519,-2.52,-13.144,16.153,11.115,25.664,7.463,-6.031,-10.701,-40.107,-142.794,40.748,5.089,-0.163,-22.892,-66.565,248.718,-109.496,14.346,-8.993,-27.569,-165.496,-131.084,-4.595,0,0
5.866,12.468,0,67.106,384.557,-130.44,5,15,10,1,0,6.16,-4.807,-12.804,2.885,6.397,21.649,8.078,-3.935,-9.594,-21.145,-146.061,37.557,6.481,1.714,-1.686,-448.962,-238.198,-238.656,12.512,-1.964,-13.185,-161.695,-96.916,2.916,0,0
5.743,11.04,0,70.285,317.814,-142.823,5,15,10,1,0,6.16,-4.807,-12.804,2.168,7.74,21.527,6.912,-2.893,-7.973,-14.275,-151.405,28,7.647,5.626,-15.819,-48.244,436.748,-126.809,14.368,-6.359,-11.757,-115.649,-58.244,9.313,0,0
5.581,9.513,0,72.757,247.193,-152.63,5,15,10,1,0,7.935,-4.258,-13.228,-16.092,9.725,16.397,7.803,-1.435,-9.02,-19.588,-149.618,19.42,8.373,4.752,-13.915,-59.969,415.191,-100.58,16.938,-6.704,-10.493,-66.244,-6.702,21.145,0,0
5.379,7.872,0,74.658,190.133,-164.086,5,15,10,1,0,6.299,-5.839,-13.491,-18.458,13.115,17.557,7.647,-1.085,-10.636,-18.809,-148.855,14.519,7.722,8.913,-23.241,-412.046,145.573,490.992,11.434,-6.694,-13.103,1.252,32.84,28.366,0,0
5.137,6.235,0,76.126,146.771,-163.708,5,15,10,1,0,3.502,-0.98,-13.922,-25.008,10,15.206,10.624,1.284,-9.317,-28.427,-147.176,12.366,5.758,2.966,-17.699,-115.282,123.359,78.901,10.174,-4.304,-14.794,49.45,64.58,28.489,0,0
4.855,4.705,0,77.334,120.85,-153.088,5,15,10,1,0,11.539,-5.053,-12.306,-23.191,15.221,10.763,9.503,-0.857,-8.687,-38.702,-143.542,14.992,4.072,2.548,-13.927,-49.649,194.962,15.954,11.992,-0.683,-14.212,69.634,86.718,20.702,0,0
4.534,3.148,0,78.429,109.509,-155.606,5,15,10,1,0,8.701,-2.56,-12.26,-16.336,14.656,12.626,9.808,1.164,-9.901,-42.397,-142.153,14.504,4.004,5.371,-17.263,-74.931,-208.794,126.534,10.246,3.985,-12.332,82.168,95.588,13.237,0,0
4.174,1.771,0,79.389,95.993,-137.707,5,15,10,1,0,6.352,-4.586,-12.294,-24.916,9.496,11.71,11.429,0.651,-11.024,-53.008,-134.733,12.458,4.613,1.621,-13.072,-9.802,200.107,30.382,6.313,0.469,-15.63,94.183,105.466,5.863,0,0
3.773,0.541,0,80.29,90.054,-123.081,5,15,10,1,0,5.159,-6.661,-13.11,0.305,10.336,13.649,9.846,-0.496,-10.495,-48.977,-131.954,14.275,2.112,1.497,-16.114,5.802,377.588,116.458,5.219,0.187,-15.695,83.221,124.565,2.427,0,0
3.333,-0.601,0,81.037,74.742,-114.201,5,15,10,1,0,5.71,-2.845,-13.407,4.794,6.244,13.053,11.467,-1.784,-10.881,-45.695,-126.779,14.87,2.84,1.693,-15.517,12.458,388.794,18.931,5.053,0.314,-14.545,72.824,141.802,6.092,0,0
2.854,-1.543,0,81.62,58.251,-94.139,5,15,10,1,0,5.885,-4.194,-12.478,8.626,-1.267,10.229,12.152,-0.513,-12.121,-37.099,-118.916,16.26,1.832,5.293,-14.866,23.725,373.221,25.649,5.65,0.01,-14.447,54.733,164.84,12.153,0,0
2.335,-2.352,0,81.963,34.39,-80.956,5,15,10,1,0,8.399,-5.923,-11.963,21.985,-4.351,10.809,10.229,-3.272,-10.222,-24.626,-112.534,14.824,0.469,4.919,-16.245,23.573,355.786,2.809,4.282,-1.497,-15.594,39.588,184.611,21.542,0,0
1.776,-3.081,0,81.919,-4.406,-72.865,5,15,10,1,0,7.619,-0.481,-14.246,22.214,-6.183,11.542,11.647,-2.67,-10.54,-10.046,-105.786,11.344,0.833,9.392,-34.594,137.771,-311.466,-30.534,5.731,-1.262,-16.193,15.038,209.664,29.634,0,0
1.177,-3.73,0,81.732,-18.688,-64.865,5,15,10,1,0,9.422,-4.79,-11.036,21.023,-13.45,8.947,10.011,-1.128,-10.469,3.481,-101.221,12.168,-0.117,6.407,-17.658,13.069,321.847,-31.634,12.543,4.706,-11.431,-6.382,225.725,37.176,0,0
0.539,-4.271,0,81.201,-53.112,-54.142,5,15,10,1,0,2.553,-2.536,-11.913,14.718,-25.542,12.015,13.197,-1.506,-8.418,12.763,-93.649,6.443,-0.699,2.59,-36.395,4.153,351.74,-164.885,8.354,-0.577,-16.528,-32.962,239.74,39.313,0,0
0,-4.524,0,80.341,-86.048,-25.257,5,15,10,1,0,7.7,-6.114,-8.972,15.038,-34.092,7.344,13.826,-1.011,-8.129,10.626,-72.626,6.641,-1.035,7.457,-35.82,-97.435,126.031,-309.252,6.21,1.114,-14.72,-47.847,253.817,45.954,0,0
0,-4.546,0,79.049,-129.215,-2.22,5,15,10,1,0,8.323,-7.801,-7.726,30.687,-35.344,8.565,10.282,-2.505,-7.762,9.496,-60.198,9.405,-1.109,4.859,-15.522,-25.527,118.031,-5.74,3.691,-2.9,-17.577,-48.443,269.573,53.282,0,0
0,-4.586,0,77.371,-167.805,-4.063,5,15,10,1,0,8.771,-2.486,-9.673,20.87,-39.099,8.931,8.476,-2.402,-6.634,11.282,-66.183,10.412,-0.742,3.745,23.471,-345.878,300.947,5.863,3.997,-2.249,-16.487,-54.992,288.458,62.992,0,0
0,-4.601,0,75.335,-203.614,-1.465,5,15,10,1,0,5.659,-5.305,-8.761,7.405,-47.206,6.107,10.418,-0.881,-5.183,7.878,-65.374,11.802,-3.657,5.949,-16.066,-53.328,85.695,4.122,3.585,-0.723,-16.2,-40.137,294.809,71.115,0,0
0,-4.63,0,72.987,-234.742,-2.872,5,15,10,1,0,6.045,-5.204,-9.307,0.366,-50.947,4.229,11.137,-0.611,-4.783,0.901,-64.427,14.824,-4.17,6.366,-17.675,-73.252,136.305,17.588,7.331,-3.446,-17.721,-31.786,312.595,73.71,0,0
0,-4.744,0,70.442,-254.471,-11.387,5,15,10,1,0,8.969,-7.307,-8.198,-1.191,-50.061,2.977,9.472,-2.156,-6.835,-6.809,-63.405,18.122,-3.952,7.141,-36.893,316.092,-118.718,103.084,7.712,2.268,-15.055,-10.534,310.443,77.282,0,0
0,-5.114,0,67.71,-273.217,-36.999,5,15,10,1,0,9.367,-3.308,-10.49,-8.901,-44.504,3.176,8.938,-0.376,-8.718,-12.855,-75.069,18,-2.098,5.373,24.774,228.885,313.771,150.229,5.489,0.16,-19.469,16.122,301.221,74.26,0,0
0,-5.403,0,64.913,-279.717,-28.942,5,15,10,0,0,2.045,-0.498,-14.428,-39.542,-56.061,4.763,12.466,0.469,-7.451,-27.695,-70.901,12.687,-2.927,3.688,-16.219,-103.053,57.924,18.076,2.917,-1.653,-22.18,28.595,302.107,67.893,0,0
0,-5.601,0,62.063,-284.993,-19.753,5,15,10,0,0,4.256,-5.528,-12.912,-33.298,-63.74,-0.244,13.941,0.57,-7.901,-42.641,-63.298,19.13,-4.438,4.778,-15.508,-89.893,50.015,36.947,7.513,2.002,-20.911,21.374,306.992,63.756,0,0
0,-5.542,0,59.269,-279.397,5.859,5,15,10,0,0,5.918,-7.25,-10.933,-31.023,-74.489,-1.267,14.138,-0.69,-8.565,-50.046,-52.061,25.771,-2.79,3.343,-14.277,-62.443,50.565,102.779,9.432,2.994,-21.433,27.282,295.908,57.206,0,0
0,-5.52,0,56.501,-276.822,2.209,5,15,10,0,0,15.992,-8.447,-9.424,-6.824,-60.931,1.069,5.327,-2.544,-12.866,-49.756,-56.168,36.916,-3.511,1.648,-11.896,-27.573,15.42,0.855,9.127,4.402,-22.353,22.779,275.42,49.145,0,0
0,-5.465,0,53.817,-268.41,5.482,5,15,10,0,0,6.665,-2.884,-13.35,-14.733,-69.481,4.824,8.598,-1.277,-10.852,-40.305,-57.832,27.588,-2.335,3.027,-8.205,5.74,3.42,10.931,6.855,6.107,-21.752,20.672,249.344,41.954,0,0
0,-5.264,0,51.234,-258.248,20.13,5,15,10,0,0,2.201,0.754,-16.859,-37.008,-86.809,-0.565,17.091,0.352,-7.616,-45.298,-43.893,18.931,-3.315,5.853,-5.154,66.947,-55.573,138.26,5.492,3.011,-24.115,29.786,219.008,32.779,0,0
0,-4.769,0,48.836,-239.857,49.45,5,15,10,0,0,8.476,-5.844,-11.396,-29.328,-91.603,-6.351,13.323,-2.541,-11.156,-55.221,-31.847,25.359,-3.08,3.478,-6.299,47.511,-29.878,29.069,4.175,2.979,-23.222,44.672,183.893,25.267,0,0
0,-4.136,0,46.613,-222.29,63.366,5,15,10,0,0,8.792,-4.752,-12.543,-18.214,-94.55,-7.527,12.598,-2.268,-11.3,-55.282,-24.229,27.786,-3.652,3.195,-6.756,49.634,-32.733,110.107,4.766,4.574,-22.484,64.275,147.573,17.359,0,0
0,-3.458,0,44.654,-195.866,67.738,5,15,10,0,0,8.129,-2.39,-14.126,-15.282,-90.534,-8.855,12.289,-2.388,-12.267,-47.924,-26.229,19.893,-2.297,5.734,-1.279,99.924,-247.695,55.695,4.218,5.24,-24.044,76.214,112.519,5.817,0,0
0,-2.707,0,42.966,-168.869,75.119,5,15,10,0,0,7.968,-3.24,-13.889,-14.748,-93.313,-12.87,11.489,-2.079,-11.738,-36.076,-25.695,14.931,-2.742,5.245,-6.268,44.977,-72.107,4.198,3.99,8.39,-23.562,74.26,69.557,-8.672,0,0
0,-2.012,0,41.585,-138.016,69.546,5,15,10,0,0,8.857,-5.216,-13.206,-7.405,-92.29,-14.718,9.99,-2.038,-12.768,-27.695,-28.229,12.137,-2.807,5.355,-6.998,43.145,-79.145,-5.237,6.023,8.289,-23.064,60.702,33.389,-24.641,0,0
0,-1.353,0,40.523,-106.213,65.872,5,15,10,0,0,8.069,-1.839,-15.002,-5.496,-90.366,-14.702,11.558,-0.491,-12.904,-21.069,-28.412,9.115,2.685,6.15,-1.624,72.779,-171.679,-21.618,5.671,7.913,-23.126,50.534,-19.053,-28.931,0,0
0,-0.664,0,39.842,-68.173,68.871,5,15,10,0,0,8.081,-2.4,-14.605,-12,-94.656,-17.756,12.296,0.498,-11.875,-23.252,-26.565,8.168,7.69,9.3,-5.511,25.573,-151.45,2.076,10.912,-1.667,-25.701,61.267,-33.939,-14.626,0,0
0,0.083,0,39.655,-18.631,74.742,5,15,10,0,0,9.856,-1.875,-15.053,-16.992,-94.992,-19.053,12.679,0.951,-11.664,-33.74,-24.611,8.87,6.567,5.125,-1.945,-67.817,-92.595,-178.321,8.814,5.808,-22.645,44.885,-72.626,5.847,0,0
0,0.804,0,39.86,20.519,72.098,5,15,10,0,0,8.783,-2.211,-13.563,-21.053,-94.015,-20.046,11.661,0.268,-11.211,-42.977,-28.198,7.771,5.602,5.212,-4.301,-358.382,-77.45,-370.321,6.548,7.12,-17.927,-18.015,-97.023,13.649,0,0
0,1.46,0,40.241,38.063,65.586,5,15,10,0,0,9.034,-0.546,-13.989,-26.198,-88.702,-21.145,12.167,0.086,-11.831,-47.771,-33.42,3.359,-2.014,4.784,-25.588,-463.649,403.038,221.557,12.88,4.347,-4.51,-102.229,-90.427,9.038,0,0
0,1.962,0,40.449,20.84,50.182,5,15,10,0,0,8.344,-3.104,-13.151,-29.42,-85.664,-22.458,9.97,-0.457,-11.582,-47.939,-39.099,-0.107,2.984,23.76,-17.905,-153.176,-176.443,-231.328,13.141,0.462,1.818,-144.168,-58.397,8.916,0,0
0,2.342,0,40.343,-10.62,38.063,5,15,10,0,0,10.121,-1.674,-13.757,-34.305,-78.534,-22.641,13.28,-1.073,-10.497,-45.634,-41.221,-8.214,6.287,7.942,-11.168,-115.038,-300.718,444.947,12.227,-10.996,-0.589,-122.84,-41.511,11.893,0,0
0,2.654,0,40.325,-1.831,31.117,5,15,10,0,1,9.491,-3.25,-10.713,-41.847,-82.382,-26.534,13.64,-1.679,-10.129,-43.527,-38.824,-9.695,3.389,3.518,-8.886,-143.847,-62.58,-98.84,9.824,-3.07,-11.345,-104.565,-41.664,11.023,0,1
0,2.925,0,40.38,5.528,27.1,15,5,10,0,1,14.955,-1.902,-9.606,-48.718,-69.969,-25.557,11.125,-0.898,-11.97,-39.603,-39.756,-15.954,-1.72,-3.032,-8.914,-154.931,-58.397,-123.573,17.215,-0.635,-14.782,-105.069,-57.588,-8.763,0,0
0,3.291,0.662,40.607,22.694,36.633,15,5,10,0,1,8.706,-1.384,-11.23,-58.748,-81.298,-27.954,15.378,-0.953,-7.381,-40.473,-26.885,-23.267,3.83,-2.91,-1.665,-138.84,-58.626,-70.87,6.182,-2.321,-21.325,-68.336,-108.672,-18.473,0,0
0,3.759,1.286,41.373,76.573,46.852,15,5,10,0,1,11.209,-3.387,-8.938,-58.901,-84.015,-30.015,16.123,-0.747,-6.325,-43.344,-14.809,-18.321,2.273,-3.228,-6.653,-89.924,-60.824,-63.389,8.009,2.021,-14.315,-49.817,-120.458,-24.809,0,0
0,4.455,1.871,42.222,84.892,69.569,15,5,10,0,1,8.799,-4.668,-7.343,-57.924,-95.237,-29.695,17.967,-0.402,-4.1,-47.13,2.611,-16.534,1.563,-1.973,-5.346,-212.427,-129.74,-23.939,10.265,0.635,-10.387,-51.893,-100.718,-25.985,0,0
0,5.393,2.417,42.932,71.057,93.785,15,5,10,0,1,11.532,-5.731,-4.493,-54.519,-97.344,-31.313,17.057,-0.431,-3.456,-49.542,18.382,-11.13,3.044,0.63,-13.946,15.038,-332.534,-239.206,13.165,-8.476,-12.567,-20.763,-67.939,-17.664,0,0
0,6.605,2.925,43.306,37.365,121.205,15,5,10,0,1,8.711,-1.437,-5.609,-60.565,-102.992,-32.336,17.637,1.221,-2.994,-51.664,38.366,-15.496,-0.213,3.037,-18.14,37.573,-203.74,-118.473,13.343,-7.889,-14.55,3.786,-51.16,-16,0,0
0,8.261,3.394,42.94,-36.61,165.551,15,5,10,0,1,13.386,-3.578,-4.278,-68.443,-110.916,-35.084,14.545,1.159,-4.974,-53.435,62.687,-13.832,-1.14,9.532,-18.169,40.229,-125.832,-47.603,17.448,-0.316,-13.91,9.863,-23.496,-21.099,0,0
0,10.271,3.824,41.981,-95.936,201.062,15,5,10,0,0,12.847,-3.693,-8.057,-58.916,-115.008,-31.145,13.635,1.178,-3.719,-50.794,86.672,-22.244,-0.975,2.91,-16.118,36.519,-143.679,-27.038,17.508,-3.784,-14.514,43.802,-4.046,-16.031,0,0
0,12.622,4.215,40.593,-138.771,235.051,15,5,10,0,1,7.35,-4.251,-11.601,-59.221,-137.878,-34.656,15.398,-0.869,-0.968,-52.962,116.29,-23.74,2.208,11.327,-11.055,237.267,136.779,472.916,8.541,3.183,-8.486,54.183,-3.863,-16.55,0,0
0,15.46,4.567,38.575,-201.828,283.871,15,5,10,0,0,7.42,-9.01,-13.994,-53.344,-163.237,-41.847,16.463,-0.941,-0.477,-56.977,142.611,-22.916,0.012,5.53,-14.887,31.389,-182.672,-3.664,14.028,-0.632,-12.533,60.244,27.786,-16.489,0,0
0,18.679,4.881,36.011,-256.325,321.843,15,5,10,0,0,10.866,-7.511,-18.171,-20.672,-179.344,-38.015,15.91,-4.359,-3.842,-50.305,165.359,-33.374,-0.992,5.671,-15.412,26.641,264.794,9.527,10.375,-4.757,-12.603,65.664,44.824,-16.321,0,0
0,22.466,5.156,33.015,-299.595,378.72,15,5,10,0,1,13.577,-6.574,-20.2,26.336,-200.397,-33.771,17.055,-6.95,-5.504,-25.527,193.13,-30.427,-3.712,3.382,-15.805,29.359,-377.679,26.076,11.077,-0.477,-7.745,77.038,45.939,-8.351,0,0
0,26.673,5.393,29.859,-315.652,420.743,15,5,10,0,1,9.24,-9.563,-18.652,71.206,-229.527,-39.359,15.879,-5.897,-9.872,5.496,213.405,-13.374,-1.909,6.579,-15.271,24.534,227.664,64.55,10.023,-2.948,-8.524,99.878,39.405,-22.29,0,0
0,31.408,5.59,26.592,-326.684,473.477,15,5,10,0,1,9.309,-8.488,-15.786,108.351,-239.908,-44,14.119,-5.971,-12.277,34.687,228.641,9.924,2.405,1.633,-12.732,7.466,229.618,84.214,8.282,-5.511,-15.443,125.374,16,-22.366,0,0
0,36.349,5.749,23.842,-275.013,494.054,15,5,10,0,1,14.861,-7.848,-16.415,129.389,-227.908,-42.824,14.234,-3.81,-13.007,59.634,246.626,38.046,6.687,1.782,-11.247,18.763,296.916,110.718,6.21,1.154,-14.744,137.359,-8.321,-17.466,0,0
0,41.615,5.869,21.751,-209.05,526.658,15,5,10,0,1,11.604,-4.522,-22.149,131.557,-238.214,-48.855,13.472,-2.972,-14.99,77.74,251.969,68.55,8.133,3.072,-14.547,70.031,-298.718,1.344,11.031,8.78,-11.915,86.031,-7.756,-21.435,0,0
0,46.921,5.95,20.14,-161.133,530.595,15,5,10,0,1,13.28,-5.92,-21.045,136.748,-229.344,-48.626,16.121,5.664,-15.254,81.145,258.168,90.565,5.609,7.062,-17.417,103.557,-273.649,0.244,10.435,8.404,-10.641,30.366,-7.053,-26.473,0,0
0,52.326,5.993,18.641,-149.861,540.494,15,5,10,0,1,5.209,-5.382,-20.398,170.611,-226.382,-46.351,11.762,-0.972,-16.791,78.687,270.122,116.076,3.449,8.595,-21.158,104.84,449.756,-52.641,10.557,4.098,-10.162,1.649,-3.176,-27.45,0,0
0,57.329,5.997,17.166,-147.549,500.268,15,5,10,0,1,14.133,-5.81,-16.36,185.847,-176.427,-33.267,18.463,4.594,-14.952,59.115,274.687,100.626,2.893,8.507,-15.927,41.053,419.588,-90.87,9.602,-1.011,-12.476,14.702,-2.229,-22.443,0,0
0,61.84,5.962,15.847,-131.871,451.15,15,5,10,0,1,19.143,-7.484,-14.99,154.489,-143.771,-31.481,19.483,2.886,-13.197,58.321,292.779,93.237,3.348,8.1,-13.814,27.496,434.183,-32.122,9.645,2.788,-9.997,32.885,-7.908,-16.718,0,0
0,65.668,5.888,14.617,-123.047,382.771,15,5,10,0,1,14.895,-3.779,-13.165,136.718,-99.069,-18.336,15.043,-0.747,-15.194,34.779,279.084,88.779,4.038,11.663,-25.493,263.893,498.794,476.824,9.992,3.494,-9.101,38.519,-4.916,-14.107,0,0
0,69.044,5.776,13.76,-85.671,337.636,15,5,10,0,1,10.366,1.427,-15.376,89.466,-56.977,-10.076,15.05,-2.613,-12.507,34.153,259.099,68.641,33.133,-7.061,9.477,34.565,-80.137,-3.267,-3.59,-6.687,-18.317,112.336,-55.374,-6.458,0,0
0,71.908,5.625,13.658,-10.208,286.366,15,5,10,0,1,7.983,0.081,-15.182,39.405,-25.969,-8.092,15.139,-1.162,-12.045,40.656,242.046,50.397,0.596,0.023,-40.227,-381.084,14.275,-283.847,18.195,19.666,-3.566,-12.046,22.443,-11.267,0,0
0,74.223,5.435,12.284,-137.375,231.446,15,5,10,0,1,6.677,0.831,-17.9,8.489,9.557,1.557,13.57,-1.087,-11.657,45.038,223.527,28.183,-5.18,3.857,-20.655,62.626,-90.885,-227.786,10.608,-6.675,-6.78,-14.412,16.962,-17.252,0,0
0,76.072,5.207,10.45,-183.426,184.903,15,5,10,0,1,4.321,0.819,-18.933,-14.031,43.481,13.084,13.223,-1.827,-10.186,50.137,213.863,6.137,-0.766,10.642,-24.391,133.084,227.649,-268.214,5.192,-8.11,-14.133,63.237,-3.038,-1.588,0,0
0,77.581,4.939,8.919,-153.088,150.914,15,5,10,0,1,3.094,1.832,-19.313,-42.458,67.42,18.931,13.055,-1.43,-11.692,55.649,204.672,-12,4.824,5.282,-13.498,131.618,-245.267,-44.947,9.271,5.674,-8.076,95.924,-14.748,2.427,0,0
0,78.745,4.633,7.806,-111.34,116.398,15,5,10,0,1,2.613,0.855,-18.576,-66.275,92.031,21.664,11.851,-0.659,-10.974,55.664,197.786,-25.649,0.891,6.777,-12.176,406.702,124.458,8.061,9.087,8.304,-9.312,62.824,-14.672,-0.321,0,0
0,79.606,4.288,7.026,-77.957,86.14,15,5,10,0,1,2.026,-0.479,-17.469,-74.916,117.45,26.962,10.988,1.289,-11.283,45.053,191.313,-36.107,6.251,6.905,-14.016,73.023,-90.015,-2.565,12.356,9.163,-6.428,12.534,-7.664,-4.214,0,0
0,80.147,3.905,6.4,-62.622,54.131,15,5,10,0,1,2.788,0.199,-16.327,-76.748,142.321,28.046,10.354,0.378,-11.503,28.611,185.466,-41.573,3.803,9.776,-14.234,60.321,-80.855,-3.16,5.916,1.406,-10.22,-11.985,-19.573,-11.084,0,0
0,80.382,3.483,5.953,-44.735,23.483,15,5,10,0,1,-1.087,3.528,-19.97,-80.489,172.519,29.878,12.363,0.472,-10.289,12.977,180.718,-44.947,1.784,8.906,-22.671,76.901,-315.557,-8.977,8.145,-1.341,-11.877,-9.771,-18.87,-10.84,0,0
0,80.378,3.022,5.696,-25.635,-0.401,15,5,10,0,1,0.386,1.205,-19.989,-64.824,193.588,28.611,11.774,1.097,-12.456,-2.458,174.626,-39.939,8.38,4.843,-11.072,14.763,-132.885,12.733,5.485,0.127,-11.604,1.45,-33.45,-9.527,0,0
0,80.316,2.522,5.686,-1.064,-6.248,15,5,10,0,1,2.417,-2.929,-18.288,-52.153,205.588,20.656,11.455,0.647,-12.931,-19.664,184.626,-25.282,4.004,9.09,-42.67,95.618,42.489,-53.74,10.792,4.376,-7.913,-9.069,-27.893,-9.344,0,0
0,80.049,1.983,5.689,0.332,-26.699,15,5,10,0,1,4.148,-2.86,-19.246,0.229,235.237,22.931,7.944,-2.457,-14.284,-12.763,176.137,-13.298,4.309,6.898,-13.012,7.496,-56.031,-8.702,10.277,2.239,-8.256,-19.42,-35.176,-12.397,0,0
0,79.43,1.406,5.719,2.964,-61.89,15,5,10,0,1,-1.688,-1.315,-19.855,23.771,248.076,16.397,6.692,-2.069,-12.95,-0.992,166.198,2.779,2.405,6.958,-13.216,7.344,-235.679,-45.13,9.908,0.733,-8.052,-16.992,-38.947,-10.458,0,0
0,78.489,0.79,5.747,2.895,-94.139,15,5,10,0,1,0.323,-1.15,-19.685,43.206,265.053,5.557,7.049,-3.492,-13.273,16,151.679,9.45,2.838,5.209,-13.695,5.817,-55.557,-12.427,8.553,0.311,-10.279,-4.031,-42.397,-7.069,0,0
0,77.28,0.136,5.938,19.1,-120.804,15,5,10,0,1,1.969,-2.785,-18.631,53.237,278.763,-3.466,5.518,-3.037,-13.218,35.802,135.115,14.244,6.867,5.806,-10.32,10.366,-94.244,-14.229,4.402,0.383,-11.307,14.626,-61.359,-6.962,0,0
0,75.761,0,6.359,42.091,-151.978,15,5,10,0,0,0.829,-0.929,-19.263,52.336,289.45,-10,4.558,-3.928,-12.042,57.557,119.298,13.374,2.955,16.172,-16.133,72.046,-168.687,-5.13,11.441,5.377,-6.103,-3.847,-58.458,-5.924,0,0
0,73.999,0,6.747,38.807,-176.205,15,5,10,0,0,1.073,-1.104,-18.904,48.336,300.565,-16.779,4.107,-4.84,-12.555,76.641,100.519,10.763,0.901,7.362,-14.911,17.115,-94.824,-41.13,11.851,1.48,-9.343,-16.87,-46.718,-9.267,0,0
0,71.967,0,6.846,9.876,-203.167,15,5,10,0,0,1.253,1.126,-21.435,35.328,310.137,-25.42,3.389,-3.684,-13.587,105.206,81.313,7.42,2.314,5.98,-13.743,13.481,-48.733,-14.443,9.585,-0.223,-10.311,-9.191,-51.237,-6.321,0,0
0,69.718,0,6.923,7.656,-224.865,15,5,10,0,0,0.992,-1.004,-21.05,25.405,310.931,-31.45,3.013,-3.118,-13.261,125.45,63.435,3.053,0.146,6.589,-15.728,14.305,-54.427,-12.855,12.227,1.277,-8.339,-2.718,-45.573,-4.092,0,0
0,67.315,0,6.923,-0,-240.292,15,5,10,0,0,0.493,-3.121,-19.979,17.16,306.916,-34.565,2.273,-0.845,-12.725,141.573,49.878,-0.763,1.691,5.451,-14.456,14.015,-57.237,-10.748,9.017,-0.481,-10.54,10.718,-51.634,-3.084,0,0
0,64.807,0,6.923,-0,-250.821,15,5,10,0,0,2.259,-0.709,-22.496,8.305,309.267,-34.137,1.844,-0.642,-13.929,146.473,39.786,-15.908,2.421,5.379,-14.538,19.496,-60.29,-9.695,9.274,0.582,-10.473,21.206,-52.489,-1.145,0,0
0,62.266,0,6.923,-0,-254.162,15,5,10,0,0,-0.105,-2.371,-23.938,5.282,302.901,-32.58,2.534,-0.625,-11.448,136.092,31.527,-29.313,3.039,5.597,-14.674,25.344,-62.214,-22.718,10.009,1.483,-10.243,22.672,-52.84,-0.84,0,0
0,59.684,0,6.923,-0,-258.145,15,5,10,0,0,0.805,-2.953,-24.305,9.817,284.244,-34.336,1.947,1.248,-9.355,105.282,19.313,-30.855,3.516,6.067,-14.567,27.863,-124.718,-26.412,10.418,1.566,-9.784,20.26,-53.282,-1.16,0,0
0,57.165,0,6.923,-0,-251.942,15,5,10,0,0,-1.135,0.625,-29.602,14.611,275.237,-31.71,1.226,2.524,-9.549,84.855,6.076,-43.466,3.001,6.397,-14.708,28.366,-62.763,-14.534,10.301,1.243,-9.53,17.969,-52.916,-1.252,0,0
0,54.641,0,6.92,-0.286,-252.343,15,5,10,0,0,-0.184,-4.196,-26.604,18.336,247.176,-32.427,2.86,3.382,-7.841,59.206,-7.527,-38.855,2.663,5.377,-14.559,22.58,-260.29,-206.412,9.856,0.79,-9.429,18.244,-55.099,-2.779,0,0
0,52.293,0,6.92,-0,-234.787,15,5,10,0,0,-0.153,-3.782,-27.507,8.153,217.45,-30.962,4.354,2.735,-6.237,37.863,-20.733,-32.382,3.434,6.464,-13.917,20.519,-67.74,-19.176,9.827,0.611,-10.227,18.748,-58.534,-2.244,0,0
0,50.03,0,6.92,-0,-226.296,15,5,10,0,0,0.656,-5.156,-27.639,5.649,190.534,-25.695,4.366,1.377,-5.679,27.282,-34.962,-28.672,4.28,5.868,-13.319,13.313,-65.679,-13.313,11.76,0.754,-9.556,19.603,-58.397,0.153,0,0
0,48.031,0,6.92,-0,-199.974,15,5,10,0,0,-0.496,-4.654,-28.419,-5.145,153.634,-20.748,4.325,2.199,-5.638,22.458,-47.374,-21.634,4.649,4.94,-16.368,31.221,-246.672,-34.443,12.09,1.03,-9.923,19.756,-60.076,0.977,0,0
0,46.233,0,6.92,-0,-179.776,15,5,10,0,0,0.053,-6.136,-27.926,-12.931,116.244,-13.725,4.234,2.558,-4.874,20.183,-57.786,-15.466,4.704,4.589,-13.479,24.168,-60.046,-5.679,11.405,0.496,-10.028,19.115,-61.969,0.168,0,0
0,44.665,0,6.92,-0,-156.784,15,5,10,0,0,-0.326,-6.308,-28.343,-19.191,77.817,-3.084,3.925,0.848,-4.122,21.237,-67.542,-13.191,4.677,4.009,-13.989,31.191,-59.389,-4.916,12.171,-0.29,-9.063,18.885,-61.664,2.916,0,0
0,43.337,0,6.92,-0,-132.855,15,5,10,0,0,0.769,-7.041,-26.498,-23.969,43.16,9.405,3.585,1.93,-5.291,23.893,-80.962,-8.458,3.904,8.484,-18.552,162.977,-244.412,-39.206,11.36,-1.095,-10.727,24.473,-61.45,5.038,0,0
0,42.252,0,6.938,1.808,-108.433,15,5,10,0,0,0.98,-5.959,-26.431,-35.16,9.252,17.511,7.156,2.251,-4.325,17.679,-89.053,-5.084,3.909,5.112,-18.93,94.397,-125.878,-10.29,11.661,-0.151,-10.174,27.863,-66.733,6.198,0,0
0,41.37,0,6.953,1.465,-88.257,15,5,10,0,0,8.797,-6.222,-23.375,-32.366,1.115,12.351,12.016,-0.556,-3.003,-8.489,-81.405,-1.664,4.4,4.586,-14.059,51.573,-66.519,-3.344,11.827,-1.267,-11.017,33.389,-68.015,7.435,0,0
0,40.725,0,6.963,1.041,-64.43,15,5,10,0,0,3.731,-1.528,-31.42,-45.664,-42.229,1.511,13.288,-1.703,-2.91,7.374,-76.885,10.885,4.91,4.345,-13.388,60.962,-67.145,0.183,12.152,-0.354,-10.083,38.916,-71.573,9.847,0,0
0,40.359,0,6.989,2.563,-36.61,15,5,10,0,0,5.202,-1.703,-29.78,-21.893,-72.992,-7.023,12.037,1.384,-2.536,7.817,-81.893,8.58,5.286,4.663,-13.261,73.328,-65.176,4.168,12.212,-0.515,-9.317,43.511,-71.817,13.74,0,0
0,40.443,0,7.062,7.347,8.366,15,5,10,0,0,15.436,-6.002,-8.495,-2.626,-81.252,-13.023,9.297,-2.941,-3.894,9.924,-79.282,27.435,7.983,4.82,-13.848,329.634,80.122,377.649,10.723,-1.241,-11.197,52.29,-75.588,16.824,0,0
0,40.381,0,7.414,35.168,-6.168,15,5,10,1,0,13.204,-3.806,-5.473,10.107,-63.298,-8.061,16.329,-3.561,-2.596,13.145,-66.229,33.16,9.422,6.659,-12.258,178.061,-86.26,5.557,9.513,3.913,-7.369,52.931,-96.321,21.939,1,0
0,40.418,0,7.985,57.118,3.639,5,5,10,1,0,14.396,-4.179,-4.266,10.656,-57.802,3.176,13.379,-0.347,-4.306,45.664,-48.137,49.573,8.122,8.272,-13.065,81.359,-125.069,108.336,14.78,3.542,-4.551,42.855,-99.252,21.969,0,0
0.666,40.487,0,8.582,59.692,6.981,5,5,10,1,0,3.995,-3.411,-13.089,17.511,-52.931,11.786,11.829,-0.479,-4.639,50.595,-42.26,69.374,8.133,2.3,-17.632,129.45,-81.252,409.649,15.441,3.102,-3.001,32.534,-96.244,22.29,0,0
1.293,40.956,0,9.183,60.093,46.852,5,5,10,1,0,3.183,-0.941,-18.025,2.626,-86.427,3.679,9.194,2.009,-3.315,35.618,-42.641,93.71,12.138,17.264,-11.094,231.618,-2.076,79.511,14.413,-0.029,-4.637,48.504,-110.794,24.244,0,0
1.881,41.872,0,10.04,85.682,91.576,5,15,10,1,0,1.332,-5.207,-19.553,29.252,-101.237,-3.588,6.814,1.384,-4.455,1.893,-41.939,103.664,10.282,9.623,-11.079,38.473,0.183,29.191,15.915,1.921,-2.757,52.321,-116.489,25.878,0,0
2.429,42.812,0,11.167,112.747,94.048,5,15,10,1,0,4.742,-4.965,-21.706,74.382,-93.618,-3.038,4.38,-4.507,-9.175,-7.893,-55.374,92.031,12.65,7.614,-8.241,14.779,33.679,12.107,11.257,2.117,-6.265,50.275,-135.664,21.16,0,0
2.939,43.358,0,12.724,155.674,54.554,5,15,10,1,0,7.571,-1.99,-20.36,86.809,-78.656,-6.687,7.42,-5.394,-11.391,20.55,-73.237,66.718,7.429,13.915,0.661,0.489,107.908,14.076,11.757,4.663,-3.918,38.809,-147.771,15.634,0,0
3.409,43.369,0,14.603,187.878,1.156,5,15,10,1,0,12.286,1.231,-19.256,63.053,-53.298,-2.794,10.689,-2.539,-9.053,48.504,-89.45,34.855,8.869,7.848,-6.934,-14.412,129.74,0.824,15.606,4.503,-2.965,0.885,-139.817,11.13,0,0
3.409,43.369,0,14.603,187.878,1.156,5,15,10,1,0,12.286,1.231,-19.256,63.053,-53.298,-2.794,10.689,-2.539,-9.053,48.504,-89.45,34.855,8.869,7.848,-6.934,-14.412,129.74,0.824,15.606,4.503,-2.965,0.885,-139.817,11.13,0,0
4.232,41.454,0,19.122,246.14,-130.715,5,15,10,1,0,10.711,-0.091,-18.856,5.878,-16.183,19.435,12.833,-1.36,-10.418,44.626,-133.359,4.916,10.679,4.517,-3.432,-14.87,124.489,0.947,17.031,-1.775,-3.614,-12.412,-154.321,14.214,0,0
4.584,39.594,0,21.901,277.92,-186.013,5,15,10,1,0,8.387,1.142,-18.463,-26.244,6.84,27.115,11.225,-0.647,-11.939,42.214,-158.397,-5.771,7.774,7.633,-6.74,-17.298,142.885,3.893,15.486,4.553,-1.238,-29.069,-153.832,13.389,0,0
4.898,37.221,0,24.908,300.706,-237.305,5,15,10,1,0,7.374,-1.526,-18.616,-66.763,22.015,22.947,13.043,-0.922,-12.912,26.229,-177.542,2.137,7.767,8.814,-7.609,-27.13,164.366,6.137,18.102,1.832,-4.397,-37.969,-147.802,8.885,0,0
5.172,34.419,0,28.064,315.652,-280.186,5,15,10,1,0,6.069,-0.381,-16.353,-73.695,39.099,28.321,13.498,-0.113,-10.96,-0.733,-190.733,5.817,7.643,7.441,-9.082,-37.771,181.908,6.397,15.845,1.327,-11.096,-43.359,-153.679,7.038,0,0
5.407,31.324,0,31.441,337.67,-309.449,5,15,10,1,0,9.312,3.331,-15.774,-94.076,57.939,33.328,10.33,1.229,-9.214,-17.817,-206.901,5.695,8.83,8.56,-11.398,-52.412,199.939,0.687,15.762,4.409,-14.813,-53.802,-172.855,6.656,0,0
5.603,28.04,0,35.151,370.984,-328.446,5,15,10,1,0,3.59,3.588,-12.291,-132.504,49.924,39.908,5.338,2.33,-9.585,-29.42,-213.863,7.832,10.193,8.258,-13.218,-77.603,215.374,-8.397,16.415,5.767,-15.992,-81.267,-196,7.496,0,0
5.76,24.792,0,39.216,406.461,-324.818,5,15,10,1,0,-0.532,-1.578,-15.46,-149.71,35.527,37.145,4.191,3.312,-7.995,-35.053,-205.847,8.809,10.818,6.196,-15.268,-97.252,456.229,-103.145,19.472,4.064,-16.835,-113.374,-203.267,4.763,0,0
5.878,22.026,0,43.57,435.426,-276.536,5,15,10,1,0,9.137,-6.61,-13.961,-138,23.649,30.397,9.319,5.568,-6.687,-42.626,-180.305,10.153,5.983,10.13,-29.909,136.321,-13.206,-345.405,10.052,3.763,-15.335,-150.855,-211.786,6.275,0,0
5.956,19.777,0,48.14,457.021,-224.877,5,15,10,1,0,4.768,-8.213,-14.14,-82.137,6.702,33.511,12.16,5.137,-7.271,-53.588,-157.359,10.382,8.201,7.559,-18.42,-109.985,-489.695,-129.405,24.41,0.992,-15.551,-154.351,-177.298,9.328,0,0
5.995,18.049,0,52.795,465.512,-172.806,5,15,10,1,0,4.768,-8.213,-14.14,-75.405,5.176,32.626,11.027,-0.381,-6.476,-49.695,-140.321,16.87,7.786,6.251,-19.517,-121.969,256.107,-165.13,15.807,2.211,-16.346,-153.16,-170.916,15.863,0,0
5.995,16.519,0,57.574,477.906,-153.065,5,15,10,1,0,5.897,-1.859,-13.771,-2.519,-3.618,32.107,12.334,-0.723,-8.897,-50,-137.634,28.763,7.166,2.287,-18.377,-111.802,282.031,-107.45,13.788,4.33,-22.322,-127.908,-169.099,8.137,0,0
5.956,15.244,0,62.356,478.204,-127.453,5,15,10,1,0,8.268,-4.163,-12.258,1.603,0.122,30.168,9.683,-1.272,-8.857,-43.023,-134.504,33.756,8.893,1.672,-18.504,-87.924,283.573,-84.733,13.932,8.565,-17.321,-157.802,-157.557,-7.13,0,0
5.878,13.9,0,66.923,456.654,-134.445,5,15,10,1,0,9.42,-1.911,-12.037,-8.534,5.511,29.42,9.319,-1.514,-10.73,-49.786,-135.008,31.511,8.738,-0.61,-31.394,-425.008,239.13,254.168,18.451,-1.873,-13.597,-143.908,-133.573,-14.733,0,0
5.76,12.575,0,70.794,387.154,-132.489,5,15,10,1,0,7.738,-0.113,-13.415,-13.115,7.405,30.122,11.132,-1.212,-8.27,-48.824,-129.359,23.786,7.669,1.54,-16.394,-62.137,-470.611,-270.718,10.423,-6.289,-12.44,-129.16,-80.168,-10.137,0,0
5.603,11.175,0,73.983,318.902,-139.962,5,15,10,1,0,4.665,-4.785,-15.738,-49.557,10.107,26.733,7.937,-0.757,-10.873,-57.954,-131.969,20.046,6.972,3.284,-13.872,-36.824,-12.901,-203.359,12.066,-8.591,-9.889,-70.55,-27.145,1.71,0,0
5.407,9.744,0,76.485,250.123,-143.132,5,15,10,1,0,5.3,-3.866,-14.617,-62.458,5.42,22.443,9.599,-0.939,-10.426,-68.443,-133.374,20.718,7.283,4.633,-18.485,-49.405,464.504,-52.855,9.877,-10.162,-10.902,-7.344,29.756,10.321,0,0
5.172,8.367,0,78.408,192.318,-137.718,5,15,10,1,0,8.929,-7.001,-12.519,-63.71,6.427,18.29,10.124,-1.013,-10.394,-78.916,-133.481,25.557,7.611,4.299,-11.834,-21.359,215.832,-13.588,10.878,-6.641,-11.807,51.328,60.275,12.336,0,0
4.898,6.927,0,79.861,145.352,-143.956,5,15,10,1,0,7.061,-3.207,-13.707,-51.237,10.58,19.42,9.501,-0.611,-10.313,-84.763,-136.443,28.687,3.942,3.129,-18.279,-36.763,-199.511,18.87,7.008,-3.777,-14.713,75.069,80.489,12,0,0
4.584,5.61,0,80.923,106.178,-131.768,5,15,10,1,0,8.236,-4.057,-12.545,-57.954,7.771,16.412,10.754,0.048,-9.614,-89.664,-130.046,26.076,3.224,2.668,-13.695,-9.649,192.611,17.16,4.634,0.843,-16.305,86.977,113.542,1.954,0,0
4.232,4.313,0,81.652,72.922,-129.662,5,15,10,1,0,8.404,-7.434,-12.612,-35.13,15.298,20.901,8.399,-1.859,-10.72,-89.664,-128.809,24.046,2.996,2.436,-14.921,2.977,187.038,23.206,4.917,2.237,-15.673,71.359,139.664,-4.489,0,0
3.84,3.017,0,82.029,37.708,-129.639,5,15,10,1,0,7.326,-0.517,-13.848,-33.084,12.168,20.733,8.67,-1.609,-10.933,-80.168,-128.153,20.137,2.505,3.164,-15.56,2.748,-280,94.412,6.265,1.253,-15.165,56.427,164.198,-3.969,0,0
3.409,1.888,0,82.176,14.648,-112.85,5,15,10,1,0,6.172,-4.989,-12.576,-35.008,4.641,17.466,10.593,-1.633,-9.865,-71.023,-118.412,15.557,1.535,3.82,-16.952,28.58,174.137,15.008,7.326,1.518,-13.731,43.725,186.733,2.031,0,0
2.939,0.838,0,82.11,-6.569,-105.034,5,15,10,1,0,7.729,-7.065,-12.868,-7.542,7.237,20.153,10.538,-2.68,-11.077,-62.107,-113.756,13.939,3.928,4.867,-13.802,39.573,168.565,11.298,3.59,-0.196,-15.182,48.87,189.069,12.718,0,0
2.429,-0.17,0,81.989,-12.108,-100.754,5,15,10,1,0,7.343,-3.406,-13.546,0.916,3.237,18.275,9.958,-2.575,-11.795,-53.664,-112.168,14.275,0.019,6.366,-17.043,38.687,317.939,-8.336,8.692,4.5,-10.639,5.573,213.817,15.679,0,0
1.881,-1.045,0,81.465,-52.414,-87.479,5,15,10,1,0,5.027,-4.804,-14.267,3.908,-5.573,17.038,12.306,-1.25,-11.589,-39.374,-104.992,12.305,-1.399,6.215,-17.702,26.321,289.023,-20.031,8.138,-1.523,-14.21,-11.573,237.74,18.046,0,0
1.293,-1.748,0,80.59,-87.513,-70.336,5,15,10,1,0,3.901,-5.628,-13.606,20.046,-7.832,18.275,9.776,-3.123,-13.52,-33.695,-100.702,9.176,-1.083,7.353,-16.653,15.191,131.71,-12.733,4.685,-0.992,-13.467,-13.45,252.534,28.84,0,0
0.666,-2.352,0,79.341,-124.867,-60.436,5,15,10,1,0,4.903,-2.39,-14.406,28.809,-9.42,16.244,10.076,-4.5,-12.938,-13.237,-97.557,10.229,-1.164,10.245,-33.636,-55.206,-69.511,-54.962,4.795,-3.284,-16.339,-12.382,273.267,39.771,0,0
0,-2.796,0,77.774,-156.739,-44.323,5,15,10,1,0,5.71,-3.545,-14.068,27.053,-19.771,15.45,11.697,-3.554,-11.685,0.519,-92.656,7.084,-3.851,7.175,-18.59,-24.458,101.847,-4.244,6.347,-1.631,-17.024,-14.977,289.069,49.237,0,0
0,-2.982,0,75.895,-187.867,-18.62,5,15,10,1,0,-8.277,5.168,-19.261,16.504,-33.695,21.832,8.888,-4.028,-12.327,11.817,-95.817,2.611,-3.231,7.01,-16.765,-59.847,178.794,-4.977,4.927,-1.123,-17.28,-20.595,297.115,56.29,0,0
0,-3.294,0,73.727,-216.82,-31.197,5,15,10,1,0,9.628,-6.795,-11.786,39.344,-16.992,15.16,3.983,-5.465,-12.423,22.29,-99.13,11.45,-3.128,8.246,-17.029,-61.496,155.71,-92.336,7.712,1.916,-15.484,-29.817,309.084,64.977,0,0
0,-4.11,0,71.288,-243.886,-81.631,5,15,10,1,0,8.95,-2.738,-9.82,28.275,-7.802,17.939,4.824,-2.203,-10.315,34.87,-118.641,14.397,-2.589,7.494,-15.656,-75.664,129.267,-2.565,6.491,2.232,-16.073,-27.023,310.198,72.443,0,0
0,-5.293,0,68.656,-263.249,-118.275,5,15,10,1,0,8.383,-1.351,-8.373,-14.031,-3.313,16.412,7.147,1.332,-7.798,25.939,-130.107,11.588,-5.262,4.912,-17.852,-87.45,101.084,-8.366,5.247,-2.297,-20.899,-28.626,318.534,73.924,0,0
0,-6.776,0,65.84,-281.594,-148.339,5,15,10,1,0,7.144,-3.087,-8.682,-41.817,0.733,14.901,9.089,3.971,-6.778,-1.405,-134.443,8.901,-7.334,6.444,-26.479,-204.641,137.023,-29.191,5.135,-0.807,-18.384,-32.214,318.687,72.427,0,0
0,-8.307,0,62.968,-287.156,-153.076,5,15,10,1,0,4.507,-3.183,-10.416,-69.786,-5.985,13.725,13.985,1.911,-3.746,-34.427,-127.176,6.962,-4.119,5.261,-21.867,-224,246.214,-80.855,8.732,1.758,-16.363,-24.382,312.137,73.45,0,0
0,-9.72,0,60.064,-290.383,-141.335,5,15,10,0,0,5.408,-6.165,-10.311,-73.328,-12.275,10.397,15.86,2.872,-5.075,-71.511,-109.344,14.29,-1.672,4.682,-13.568,-113.099,9.176,-1.954,6.162,2.34,-17.345,-15.221,298.611,72.55,0,0
0,-10.855,0,57.215,-284.958,-113.514,5,15,10,0,0,4.512,-8.308,-9.628,-66.687,-26.779,7.42,15.656,-0.462,-6.946,-96.412,-87.908,27.603,-3.07,5.285,-15.726,-227.969,45.435,76.336,7.082,4.254,-19.656,-11.252,285.985,69.099,0,0
0,-11.588,0,54.399,-281.594,-73.3,5,15,10,0,0,2.749,-5.032,-12.983,-61.298,-41.695,4.107,15.335,-2.544,-7.343,-99.053,-80,30.427,-1.056,2.31,-13.733,-197.618,39.511,41.16,4.598,3.154,-21.51,-16.504,273.802,63.557,0,0
0,-11.855,0,51.616,-278.275,-26.688,5,15,10,0,0,3.818,-6.766,-11.657,-54.519,-52.931,-0.351,16.459,-5.358,-8.486,-87.282,-64,25.221,-0.699,4.905,-9.178,429.557,0.977,133.252,7.789,2.603,-23.035,-28.962,256.336,59.328,0,0
0,-11.716,0,48.935,-268.124,13.916,5,15,10,0,0,5.089,-8.828,-10.186,-27.985,-66.382,-3.634,13.297,-7.528,-9.745,-59.618,-52.168,26.336,-0.996,1.303,-6.931,-49.298,-22.168,80.061,6.292,1.296,-23.335,-22.382,230.763,55.756,0,0
0,-11.746,0,46.467,-246.815,-2.964,5,15,10,0,0,9.865,-3.631,-11.338,1.924,-55.511,0.565,6.452,-8.304,-11.954,-32.901,-64.763,28.122,-1.82,3.669,-2.539,-60.962,-367.878,-322.443,6.823,2.663,-23.088,-4.214,199.389,51.115,0,0
0,-11.599,0,44.189,-227.772,14.671,5,15,10,0,0,3.648,-2.723,-13.728,0.137,-78.321,-5.374,12.873,-1.777,-8.004,-18.595,-60.26,19.466,-2.141,2.412,-5.643,14.397,-43.237,68.519,6.455,4.321,-22.489,12.84,165.328,38.626,0,0
0,-11.116,0,42.108,-208.054,48.294,5,15,10,0,0,3.042,-6.555,-10.66,-2.198,-99.435,-11.374,13.671,1.159,-7.391,-19.328,-46.611,22.931,2.134,3.564,3.31,37.42,-190.168,68.763,13.939,-1.779,-23.086,28.641,137.878,37.115,0,0
0,-10.416,0,40.373,-173.539,69.969,5,15,10,0,0,8.548,-4.479,-10.059,6.015,-104.214,-14.305,12.392,1.425,-9.036,-29.71,-37.969,28.031,4.625,6.32,-0.896,14.366,-112,26.137,10.239,6.273,-21.986,59.573,88.061,31.267,0,0
0,-9.596,0,39.073,-129.982,82.031,5,15,10,0,0,9.477,-2.915,-10.152,-1.267,-109.16,-16.641,12.016,0.069,-7.939,-44.397,-34.55,23.649,1.983,1.48,-1.114,1.206,-50.519,9.221,6.134,12.162,-28.573,59.908,30.824,8.427,0,0
0,-8.768,0,38.3,-77.259,82.798,5,15,10,0,0,9.834,-3.085,-10.794,-11.42,-107.954,-16.687,11.419,1.023,-11.281,-56.122,-33.664,17.008,0.005,8.306,6.946,6.153,-196.153,2.321,1.363,9.932,-34.06,38.992,-43.74,-10.656,0,0
0,-7.948,0,38.26,-4.063,82.054,5,15,10,0,0,10.141,-1.621,-12.377,-22.076,-109.298,-19.252,11.515,-0.951,-9.872,-65.023,-34.244,11.145,-0.139,8.296,-40.16,-19.924,309.969,-186.87,9.503,5.631,-27.55,33.969,-121.832,-11.817,0,0
0,-7.197,0,38.897,63.744,75.028,5,15,10,0,0,9.472,-2.17,-13.795,-31.71,-110.855,-24.458,11.348,-1.973,-10.62,-68.595,-37.847,10.489,-0.963,7.082,-4.783,-2.076,-58.733,-25.588,8.347,4.941,-16.851,15.466,-157.237,-10.534,0,0
0,-6.472,0,40.091,119.396,72.498,5,15,10,0,0,10.598,-3.839,-13.18,-36.153,-109.527,-27.435,12.361,-2.357,-11.393,-67.969,-41.16,9.176,1.997,18.766,-14.658,-203.618,-431.405,-347.481,14.054,4.735,2.326,-19.298,-166.183,-8.794,0,0
0,-5.817,0,41.325,123.368,65.54,5,15,10,0,1,12.318,-3.765,-11.381,-41.954,-108.153,-30.382,13.146,-1.427,-12.385,-66.351,-41.023,7.679,3.339,1.069,-21.134,-65.908,-110.122,-233.954,18.547,2.879,8.66,-69.618,-103.176,-13.374,0,1
0,-5.202,0,42.314,98.866,61.535,5,5,10,0,1,12.227,-1.665,-11.915,-48.763,-99.466,-30.702,14.784,-2.436,-13.905,-63.374,-39.985,-1.176,3.049,0.214,-46.885,-493.206,344.153,-296.305,13.891,-7.381,0.541,-73.969,-68.336,-12.29,0,0
0,-4.623,0.666,42.991,67.726,57.907,5,5,10,0,1,11.824,-2.845,-10.385,-54.824,-98.595,-33.435,13.987,-1.535,-12.682,-62.427,-33.786,-4.58,5.341,7.202,-11.575,-110.55,-130.641,-382.229,10.356,8.799,1.962,-70.427,-99.481,-4.702,0,0
0,-3.931,1.293,43.826,83.553,69.203,5,5,10,0,1,9.872,-2.474,-10.164,-63.084,-102.779,-36.168,16.245,-0.041,-10.914,-58.565,-17.298,-9.099,1.396,-1.363,-8.565,-122.031,-173.328,424.305,7.58,-2.797,-21.754,-37.542,-104.595,-8,0,0
0,-3.122,1.881,45.031,120.472,80.887,5,5,10,0,1,9.556,-3.945,-9.027,-65.954,-107.847,-37.221,18.24,-0.491,-8.565,-58.992,-3.206,-10.29,-1.839,-1.25,-5.274,-89.038,-49.053,-105.344,8.102,1.772,-20.88,-34.763,-130.534,-17.42,0,0
0,-2.118,2.429,46.36,132.9,100.411,15,5,10,0,1,13.386,-3.523,-8.021,-68.351,-107.405,-37.924,17.764,-0.422,-7.556,-54.84,10.305,-4.412,0.316,2.989,-5.358,-50.122,-234.275,488.427,11.956,5.291,-15.929,-50.244,-124.244,-24.382,0,0
0,-0.946,2.939,47.361,100.044,117.153,15,5,10,0,1,12.816,-2.335,-7.877,-67.466,-112.29,-39.969,15.944,-0.081,-7.892,-53.252,17.527,-2.382,2.606,7.237,-12.655,35.16,432.962,199.817,12.303,0.034,-15.752,-60.504,-97.893,-24.824,0,0
0,0.519,3.409,47.815,45.41,146.462,15,5,10,0,1,8.917,-5.168,-6.354,-61.496,-125.542,-42.031,17.158,0.644,-4.951,-48.824,36.275,0.061,6.114,5.511,-13.058,8.84,-173.053,-89.832,12.559,-2.055,-13.216,-39.527,-75.496,-26.015,0,0
0,2.2,3.84,47.463,-35.191,168.137,15,5,10,0,1,12.248,-4.567,-6.471,-48.489,-126.84,-40.763,16.722,-1.526,-3.777,-48.427,54.641,-3.191,7.671,3.003,-12.708,14.931,-111.954,-22.473,11.463,-2.829,-12.914,-13.725,-60.87,-23.664,0,0
0,4.111,4.232,46.646,-81.654,191.151,15,5,10,0,1,9.882,-4.654,-7.384,-36.489,-134.504,-40.397,16.332,-0.781,-3.396,-43.817,70.198,-8.947,3.451,-0.741,-30.924,32.29,461.298,-359.573,17.136,-4.931,-14.581,19.267,-21.878,-23.313,0,0
0,6.309,4.584,45.295,-135.121,219.704,15,5,10,0,1,10.847,-6.931,-6.591,-39.45,-148.244,-41.023,15.702,-0.096,-3.458,-38.229,91.511,-15.817,0.338,8.144,-24.894,39.099,369.145,-40.061,17.273,3.763,-8.612,12.26,10.794,-30.275,0,0
0,8.982,4.898,43.171,-212.449,267.335,15,5,10,0,1,12.435,-5.916,-6.764,-58.092,-169.924,-36.702,18.102,-0.402,-2.16,-39.13,132.076,-18.733,8.289,5.207,-14.047,19.954,-339.481,9.16,13.213,-3.854,-11.786,56.214,25.908,-21.252,0,0
0,12.157,5.172,40.519,-265.149,317.54,15,5,10,0,1,8.042,-12.464,-13.68,-39.298,-188.183,-35.053,20.077,-0.271,-3.497,-29.588,166.366,-24.397,7.084,7.731,-3.133,243.603,7.328,-258.443,7.738,0.249,-11.872,74.58,42.794,-12.809,0,0
0,15.877,5.407,37.337,-318.192,372.002,15,5,10,0,1,10.073,-11.939,-20.978,2.855,-208.489,-28.55,18.25,-1.463,-6.337,-14.153,197.359,-21.405,3.382,0.005,-13.719,54.183,-267.298,64.397,9.532,1.629,-9.705,93.328,65.634,-13.863,0,0
0,20.177,5.603,33.777,-355.969,430.001,15,5,10,0,1,9.156,-8.098,-21.074,51.786,-231.573,-25.893,17.117,-5.446,-10.169,6.87,223.359,-5.588,3.397,-15.238,-21.89,-481.771,-302.901,-39.573,4.742,-9.923,-9.894,133.969,64.092,-22.153,0,0
0,25.117,5.76,30.086,-369.107,493.985,15,5,10,0,1,13.271,-14.226,-12.734,85.588,-243.802,-35.527,18.413,-6.684,-11.17,39.634,249.023,24.229,-2.199,2.214,-18.945,154.611,112.55,124.824,7.736,-6.246,-15.204,153.16,54.672,-33.16,0,0
0,30.446,5.878,26.372,-371.396,532.838,15,5,10,0,1,9.159,2.124,-21.948,97.374,-250.641,-35.756,11.233,-7.008,-15.833,64.107,248.779,47.756,1.008,0.514,-15.232,351.252,96,143.756,4.958,-4.634,-16.59,174.473,21.786,-28.443,0,0
0,36.016,5.956,23.223,-314.908,557.008,15,5,10,0,1,11,-9.204,-16.72,114.641,-254.748,-46.305,14.751,-1.183,-14.246,101.328,258.443,68.443,5.607,0.886,-11.498,100.809,-204.198,3.939,9.559,5.173,-12.892,177.954,2.397,-17.893,0,0
0,41.714,5.995,20.74,-248.303,569.86,15,5,10,0,1,7.408,-2.297,-25.469,125.115,-265.023,-29.466,15.685,3.049,-17.433,84.947,263.206,96.244,6.5,4.322,-17.249,252.962,285.252,91.908,10.782,7.734,-13.05,135.206,0.55,-20.718,0,0
0,47.39,5.995,18.781,-195.946,567.628,15,5,10,0,1,8.064,-12.897,-17.275,190.885,-248.29,-43.664,5.71,-4.282,-20.961,76.076,271.405,132.931,8.124,20.34,-16.286,252.565,362.198,26.565,9.542,11.106,-9.748,79.847,-0.672,-19.969,0,0
0,52.803,5.956,17.089,-169.178,541.215,15,5,10,0,1,14.787,-4.991,-15.798,236.565,-183.084,-29.725,9.606,6.344,-20.159,68.504,268.183,129.649,3.255,12.416,-17.647,128.015,-440.321,-42.137,11.261,5.76,-10.972,46.885,13.023,-17.557,0,0
0,57.52,5.878,15.551,-153.82,471.715,15,5,10,0,1,7.678,2.369,-16.657,210.931,-142.412,-32.397,9.456,4.079,-15.821,87.466,277.573,118.366,4.028,26.895,-32.045,-256.031,-193.603,-281.405,9.082,5.794,-10.023,42.321,10.137,-14.397,0,0
0,61.394,5.76,14.145,-140.579,387.44,15,5,10,0,1,7.666,-2.139,-13.908,175.832,-104.046,-28.718,10.919,-0.163,-14.047,64.763,270.733,109.237,2.1,6.252,-21.799,280.015,169.023,351.267,10.447,5.43,-10.145,30.366,14.061,-9.389,0,0
0,64.635,5.603,12.75,-139.55,324.074,15,5,10,0,1,5.746,5.42,-16.011,123.038,-69.237,-16.153,10.897,-0.141,-10.081,55.618,246.641,86.015,3.933,2.162,-16.693,77.664,416.565,387.42,9.935,4.22,-8.821,32.015,15.221,-8.595,0,0
0,67.276,5.407,11.387,-136.242,264.084,15,5,10,0,1,6.483,7.041,-17.642,68.626,-33.664,-8.534,13.834,-1.449,-10.095,54.947,219.588,53.725,1.655,2.904,-15.778,110.397,411.221,-19.786,9.149,4.766,-8.227,23.008,15.267,-7.282,0,0
0,69.392,5.172,9.944,-144.299,211.613,15,5,10,0,1,4.972,0.508,-16.665,37.466,0.122,1.847,12.562,-3.011,-9.446,56.656,197.954,29.481,1.605,13.464,-25.579,157.389,359.557,386.931,8.09,-0.477,-10.572,31.16,15.511,-5.313,0,0
0,71.018,4.898,8.645,-129.959,162.655,15,5,10,0,1,6.196,-0.453,-16.612,3.756,30.443,7.618,13.664,-3.128,-9.307,55.969,186.321,6.214,2.182,6.737,-13.407,12.153,-130.962,-14.351,9.757,3.578,-8.627,26.794,10.733,-0.046,0,0
0,72.259,4.584,7.509,-113.571,124.077,15,5,10,0,1,4.335,0.168,-18.269,-19.634,57.084,8.534,13.474,-3.506,-11.633,58.901,178.55,-12.885,4.095,6.017,-16.037,58.427,-472.687,-73.038,9.563,3.322,-8.55,11.878,5.695,-1.939,0,0
0,73.245,4.232,6.531,-97.779,98.557,15,5,10,0,1,4.273,-0.057,-18.358,-39.771,80.076,7.42,12.976,-2.8,-11.561,63.389,176.015,-24.183,4.148,5.376,-15.831,33.878,-217.45,-11.176,7.913,2.618,-9.269,-1.924,1.71,-3.527,0,0
0,74.003,3.84,5.719,-81.253,75.829,15,5,10,0,1,3.133,-0.989,-17.692,-48.992,100.153,6.702,11.63,-0.668,-12.011,59.939,173.893,-29.924,3.82,6.471,-11.304,13.679,-100.26,-2.504,8.014,1.226,-8.081,-11.802,-1.847,-5.664,0,0
0,74.556,3.409,5.019,-69.992,55.264,15,5,10,0,1,2.8,-0.889,-16.657,-54.443,118.763,6.687,8.862,-1.336,-11.585,54.412,169.206,-30.504,3.528,5.015,-11.93,13.634,-173.496,8.092,7.858,-1.408,-9.724,-8.534,-4.183,-6.672,0,0
0,74.936,2.939,4.484,-53.444,38.075,15,5,10,0,1,2.67,-0.915,-15.831,-58.153,139.405,7.206,8.019,0.326,-11.623,46.931,164.763,-30.534,4.424,7.674,-12.322,12.718,-143.206,22.626,7.968,1.674,-6.886,-3.802,-18.031,-5.634,0,0
0,75.131,2.429,4.071,-41.348,19.444,15,5,10,0,1,2.522,-1.138,-16.265,-56.137,162.244,3.679,10.83,-1.104,-11.654,35.45,167.084,-34.397,3.612,7.183,-14.684,11.511,-70.076,16.427,10.485,0.275,-8.385,-0.137,-16.992,-7.481,0,0
0,75.061,1.881,3.777,-29.331,-7.015,15,5,10,0,1,3.365,-1.166,-16.844,-44.641,186.809,-2.336,11.762,-1.174,-12.052,29.924,169.115,-32.55,9.508,8.499,-10.988,-0.443,-243.985,150.962,4.45,0.795,-10.715,6,-32.061,-6.366,0,0
0,75.043,1.293,3.821,4.406,-1.808,15,5,10,0,1,2.551,-6.062,-16.382,-41.221,191.023,-16.366,14.325,1.509,-9.642,21.74,185.389,-20.092,4.153,7.215,-14.174,14.641,-381.679,10.626,12.859,3.66,-6.055,-13.817,-35.71,-7.038,0,0
0,74.838,0.666,3.883,6.191,-20.508,15,5,10,0,1,6.97,-8.133,-14.835,12.458,224.885,-16.397,7.228,-1.921,-14.722,24.382,181.817,-7.328,4.215,7.913,-13.158,3.863,-108.473,-25.954,8.687,1.59,-9.044,-23.069,-33.282,-8.183,0,0
0,74.358,0,4.019,13.607,-47.962,15,5,10,0,1,2.369,-3.605,-19.373,37.634,241.893,-19.878,7.556,-3.499,-14.023,41.328,173.038,1.496,7.252,12.698,-8.56,-9.756,-176.565,-30.107,5.506,-0.908,-10.481,-13.649,-54.153,-6.84,0,0
0,73.633,0,4.304,28.496,-72.487,15,5,10,0,1,0.218,-2.776,-20.748,60.061,254,-30.885,7.039,-2.041,-13.3,53.847,159.908,14.244,7.266,6.349,-9.185,-5.221,-41.756,-9.405,10.294,2.275,-7.616,-22.321,-48.275,-5.191,0,0
0,72.695,0,4.378,7.359,-93.785,15,5,10,0,1,1.339,-1.969,-20.671,71.099,265.74,-38.031,6.268,-3.221,-12.447,70.947,144.992,18.076,0.747,7.156,-14.569,-4.794,-64.992,-13.908,10.675,-0.999,-11.084,-21.878,-36.626,-7.252,0,0
0,71.56,0,4.349,-2.895,-113.537,15,5,10,0,1,2.687,-4.527,-18.109,79.756,273.924,-44.779,4.953,-2.553,-12.555,86.092,128.489,24.931,2.098,4.407,-13.297,-5.618,-65.496,-14.611,8.694,-0.941,-9.681,-3.679,-49.878,-4.458,0,0
0,70.158,0,4.345,-0.423,-140.202,15,5,10,0,1,1.882,-2.297,-19.074,77.145,285.573,-49.053,4.778,-3.226,-12.521,104.183,110.26,21.557,2.668,7.488,-16.856,14.427,-259.435,-51.725,9.911,0.788,-9.113,5.954,-49.893,-3.206,0,0
0,68.506,0,4.337,-0.732,-165.173,15,5,10,0,0,-0.146,2.541,-21.663,60.412,294.672,-54.824,4.141,-2.599,-13.764,126.855,90.458,11.618,2.843,3.834,-13.676,12.046,-127.863,-22.595,10.035,0.445,-9.551,10.595,-48.336,-3.527,0,0
0,66.595,0,4.327,-1.076,-191.151,15,5,10,0,0,2.259,0.359,-20.434,44.84,297.344,-58.641,4.033,-3.135,-12.543,143.893,69.603,4.458,2.994,4.222,-13.922,33.725,-119.954,-18.779,9.774,0.378,-9.688,16.931,-50.626,-3.008,0,0
0,64.492,0,4.319,-0.755,-210.24,15,5,10,0,0,2.635,-0.297,-20.14,42.626,297.191,-58.718,3.116,-0.798,-12.921,162.641,55.405,-8.992,2.402,5.154,-14.638,41.985,-59.313,-8.229,10.301,0.879,-9.039,18.489,-49.237,-2.351,0,0
0,62.163,0,4.316,-0.309,-232.922,15,5,10,0,0,0.798,-3.729,-21.385,22.336,297.237,-53.389,3.672,0.204,-11.479,163.16,44.122,-23.252,2.093,5.913,-15.029,43.771,-61.115,-6.931,10.061,0.41,-9.52,20.412,-46.687,-1.939,0,0
0,59.761,0,4.316,-0,-240.223,15,5,10,0,0,3.272,-1.485,-23.471,11.893,290.443,-49.557,2.606,3.712,-9.815,140.58,31.74,-31.542,4.309,6.126,-13.268,39.435,-123.191,-5.069,5.978,1.332,-9.695,26.947,-56.076,-0.977,0,0
0,57.263,0,4.293,-2.266,-249.779,15,5,10,0,0,-0.872,1.291,-28.343,5.344,283.573,-44.519,1.593,3.552,-9.18,109.664,17.71,-50.718,3.973,7.017,-14.099,35.756,-60.336,-4.702,10.272,2.565,-9.851,25.084,-54.687,-0.473,0,0
0,54.781,0,4.293,-0,-248.234,15,5,10,0,0,0.057,-4.768,-24.194,8.473,262.275,-40.412,3.537,4.567,-7.607,73.725,7.176,-51.359,3.094,15.66,-19.831,56.076,-127.527,-17.405,10.243,3.243,-10.354,14.885,-58.183,-3.847,0,0
0,52.326,0,4.293,-0,-245.442,15,5,10,0,0,2.927,-4.848,-24.197,3.16,242.153,-35.069,4.785,4.804,-6.095,43.725,-3.802,-43.557,3.406,7.846,-14.978,3.954,-136.534,-21.618,10.715,2.752,-10.466,4.901,-61.282,-5.435,0,0
0,49.976,0,4.293,-0,-235.062,15,5,10,0,0,1.526,-4.903,-25.258,3.573,221.466,-26.58,4.311,3.667,-5.561,26.901,-16.641,-40.779,3.178,7.494,-14.914,7.771,-72.977,-13.191,10.344,2.172,-10.021,-1.527,-63.344,-6.626,0,0
0,47.778,0,4.293,-0,-219.761,15,5,10,0,0,1.198,-5.106,-25.263,3.802,218.855,-25.71,5.01,3.53,-4.627,15.878,-27.45,-31.985,3.499,5.317,-14.08,4.748,-153.878,-44,9.594,1.075,-9.439,-4.718,-67.756,-8.794,0,0
0,45.783,0,4.293,-0,-199.517,15,5,10,0,0,1.621,-5.121,-25.066,-13.832,159.069,-7.099,5.2,2.203,-3.073,10.595,-37.664,-29.099,2.857,4.711,-13.288,9.511,-80.641,-24.183,10.797,-1.19,-8.538,4.031,-71.359,-8.992,0,0
0,44.017,0,4.293,-0,-176.571,15,5,10,0,0,2.093,-5.109,-24.642,-27.023,126.962,3.328,5.061,3.89,-4.495,9.71,-41.908,-27.053,4.893,4.289,-12.363,16.687,-301.084,-82.321,11.446,-0.956,-7.731,18.198,-75.618,-6.29,0,0
0,42.471,0,4.293,-0,-154.564,15,5,10,0,0,2.076,-5.885,-24.149,-42.26,95.588,13.969,5.125,3.87,-4.972,4.137,-46,-25.817,5.137,3.446,-11.075,31.191,-67.969,-11.115,12.155,-1.42,-7.116,32.885,-75.008,-0.687,0,0
0,41.146,0,4.298,0.446,-132.5,15,5,10,0,0,5.279,-4.151,-22.65,-60.565,61.481,15.954,12.454,1.811,0.383,4.992,-42.168,-28.87,6.22,3.444,-10.993,52.382,-112.733,0.366,10.835,-0.826,-9.082,47.924,-76.458,5.359,0,0
0,40.103,0,4.309,1.076,-104.393,15,5,10,0,0,9.144,-4.028,-24.187,-71.466,47.573,18.26,16.506,1.705,-0.58,-13.771,-34.26,-26.046,1.478,5.487,-15.948,69.359,-50.794,0.26,12.08,2.381,-8.155,42.366,-63.771,5.221,0,0
0,39.37,0,4.356,4.749,-73.288,15,5,10,0,0,3.578,-5.818,-32.809,-88.336,1.069,22.947,11.525,3.051,-1.162,-5.954,-25.115,-30.977,3.54,6.857,-15.314,73.42,-117.13,28.763,9.872,1.473,-10.811,38.595,-74.641,10.351,0,0
0,39.121,0,4.481,12.474,-24.868,15,5,10,0,0,-1.878,-3.691,-36.764,-92.565,-66.382,22.611,11.587,2.419,0.91,-21.466,-18.061,-20.153,8.852,5.659,-12.476,75.588,-95.237,20.672,5.149,-1.571,-16.415,56.443,-92.87,11.389,0,0
0,39.433,0,5.041,56.03,31.174,15,5,10,1,0,8.105,-6.093,-28.47,-71.084,-112.092,13.389,7.072,-2.012,-2.541,-36.962,-32.748,-2.244,5.154,7.781,-15.563,73.908,-42.763,-4.58,13.819,4.34,-6.596,44.748,-104.504,12.55,1,0
0,40.136,0,5.693,65.174,70.29,5,5,10,1,0,3.14,-3.267,-18.844,-55.038,-148.87,-0.748,8.907,-1.035,-2.33,-39.145,-46.718,24.901,5.607,9.107,-21.814,126.824,-163.924,-16.122,12.03,2.115,-10.517,36.168,-100.29,11.267,0,0
0.666,41.132,0,6.421,72.819,99.598,5,5,10,1,0,8.675,-8.902,-4.891,-26.153,-141.939,-9.985,9.525,-4.824,-4.634,-39.802,-55.969,51.328,8.572,7.949,-12.648,66.214,-61.344,3.023,13.7,0.69,-8.902,36.153,-111.939,15.771,0,0
1.293,42.08,0,7.194,77.328,94.849,5,5,10,1,0,9.559,-12.792,-1.988,32.855,-95.527,-3.298,7.575,-6.737,-12.1,-38.824,-62.595,75.115,8.811,6.718,-13.721,63.145,-23.359,8.977,15.898,0.18,-5.772,36.244,-105.527,21.374,0,0
1.881,42.812,0,7.993,79.834,73.208,5,15,10,1,0,8.014,-5.497,-2.575,51.939,-75.969,-5.511,12.219,-6.582,-13.038,-1.664,-53.099,110.58,1.418,16.244,-12.478,120.565,-14.656,-358.84,14.933,-0.319,-5.358,48.489,-113.344,25.344,0,0
2.429,43.204,0,8.835,84.183,39.196,5,15,10,1,0,12.821,-3.513,-9.355,56.046,-29.298,1.053,4.859,-2.167,-11.791,19.084,-53.557,124.565,11.786,7.901,-11.681,53.466,8.076,22.031,14.619,0.424,-5.482,60.382,-113.573,25.328,0,0
2.939,43.365,0,9.809,97.401,16.09,5,15,10,1,0,3.846,4.105,-28.982,36.901,-61.252,-3.267,4.481,-3.09,-9.918,86.305,-72.351,89.603,14.025,8.045,-9.515,40.763,27.115,16.305,17.862,1.25,-2.9,67.542,-128.595,23.771,0,0
3.409,43.498,0,11.04,123.116,13.252,5,15,10,1,0,8.234,-0.295,-29.145,14.733,-83.908,-0.107,4.498,0.798,-6.5,105.969,-82.992,51.756,14.404,7.813,-6.991,21.573,39.863,8.992,12.607,1.317,-6.32,66.412,-141.649,19.145,0,0
3.84,43.391,0,12.695,165.482,-10.677,5,15,10,1,0,5.671,0.532,-24.76,8.244,-87.588,8.794,8.663,3.037,-6.251,82.26,-92.214,10.198,9.427,4.167,11.084,9.282,237.496,23.328,12.291,3.149,-4.864,43.878,-157.527,12.779,0,0
4.232,42.955,0,14.738,204.335,-43.591,5,15,10,1,0,8.196,-3.909,-15.122,18.412,-60.901,14.489,10.766,0.105,-9.197,48.473,-96.183,-8.885,10.289,9.542,6.419,-55.939,426.504,107.969,15.093,2.512,-4.596,4.412,-152.214,7.282,0,0
4.584,41.915,0,17.06,232.19,-103.947,5,15,10,1,0,10.864,-0.893,-16.902,23.954,-25.481,19.511,15.793,-0.534,-10.172,-1.939,-114.137,-1.405,3.775,8.536,2.112,-15.084,419.725,0.489,15.965,-0.299,-3.497,-9.145,-169.466,8.489,0,0
4.898,40.323,0,19.806,274.67,-159.279,5,15,10,1,0,13.975,0.292,-17.072,2.718,-1.252,23.023,15.127,4.548,-9.367,-11.954,-135.847,7.756,9.374,16.554,0.508,-36.519,-500.153,45.557,14.878,2.536,-1.76,-24.29,-174.382,13.038,0,0
5.172,38.355,0,22.82,301.369,-196.724,5,15,10,1,0,8.646,5.664,-21.062,-49.679,6.824,30.779,13.69,3.339,-10.586,-51.023,-158.122,4.198,9.621,6.421,-8.454,-18.29,305.618,10.992,20.154,0.01,-5.315,-36.229,-155.282,7.176,0,0
5.407,36.158,0,25.992,317.185,-219.727,5,15,10,1,0,8.569,-1.921,-16.88,-74.183,29.13,35.511,10.243,3.478,-13.676,-52.992,-170.489,6.412,7.827,14.121,2.433,-279.084,-258.931,137.038,18.767,1.071,-9.329,-52.366,-160.351,7.969,0,0
5.603,33.705,0,29.317,332.452,-245.339,5,15,10,1,0,8.763,2.215,-15.728,-114.779,40.168,43.298,8.574,-0.762,-14.612,-73.511,-191.115,0.763,7.999,10.141,-9.8,-105.023,-434.076,91.847,14.212,5.001,-12.727,-60.168,-174.901,6.565,0,0
5.76,30.899,0,32.972,365.514,-280.541,5,15,10,1,0,6.548,2.179,-10.849,-137.053,41.405,44.366,9.844,-1.085,-9.487,-68.489,-195.786,-0.504,7.801,3.263,-14.499,-171.237,-175.771,-14.779,15.843,3.111,-16.923,-72.565,-202.672,4.595,0,0
5.878,27.937,0,36.992,402.066,-296.208,5,15,10,1,0,4.649,3.233,-17.239,-166.015,41.252,45.374,7.786,0.342,-7.403,-57.817,-201.435,-8.87,6.253,8.514,-15.97,-112.672,214.733,-41.344,16.205,4.313,-15.879,-95.252,-208.763,4.748,0,0
5.956,24.868,0,41.347,435.494,-306.897,5,15,10,1,0,-0.072,-2.148,-16.123,-163.206,36.198,39.466,9.35,3.557,-7.769,-60.519,-192.412,-7.298,5.743,13.382,-1.839,-55.802,-392.321,387.42,16.372,1.952,-16.128,-117.893,-198.626,3.45,0,0
5.995,21.99,0,45.891,454.4,-287.831,5,15,10,1,0,11.482,-9.247,-12.631,-144.061,36.473,31.985,10.267,4.251,-7.726,-72.748,-182.015,-1.725,7.065,2.437,24.381,-68.992,-181.023,94.534,17.294,13.019,-8.593,-144.733,-190.962,15.405,0,0
5.995,19.62,0,50.422,453.061,-236.973,5,15,10,1,0,4.333,-5.212,-17.287,-110.58,18.733,32.962,11.786,2.024,-7.971,-96.733,-167.908,0.672,5.772,5.059,-31.351,-278.046,-498.061,-145.588,15.498,4.96,-12.703,-158.458,-176.55,17.435,0,0
5.956,17.628,0,54.93,450.829,-199.231,5,15,10,1,0,3.475,-7.839,-16.873,-51.099,10.992,30.916,13.738,-1.655,-8.529,-94.87,-151.145,11.389,6.716,2.989,-18.765,-120,262.87,-93.221,12.607,4.179,-15.826,-138.779,-161.206,13.725,0,0
5.878,15.999,0,59.336,440.553,-162.918,5,15,10,1,0,5.176,-5.616,-14.08,-35.878,9.267,27.634,10.871,-3.619,-9.139,-87.115,-146.656,23.13,7.07,3.664,-18.126,-103.084,-461.389,-160.489,11.213,6.285,-18.87,-158.382,-147.298,7.924,0,0
5.76,14.552,0,63.532,419.656,-144.699,5,15,10,1,0,4.783,-5.693,-14.432,-20.122,9.389,25.267,9.475,-4.117,-10.172,-78.031,-147.435,31.71,6.368,5.246,-25.488,356.55,98.29,-231.573,10.512,-0.046,-19.38,-153.176,-128.183,3.115,0,0
5.603,13.138,0,67.385,385.243,-141.346,5,15,10,1,0,6.953,-4.876,-12.639,-27.695,12.748,20.687,9.257,-3.59,-10.018,-65.817,-152.534,35.802,4.225,6,-18.463,-69.405,244.885,-75.695,16.54,-4.567,-16.806,-136.733,-94.885,8.763,0,0
5.407,11.713,0,70.669,328.458,-142.479,5,15,10,1,0,9.678,-4.651,-13.034,-32.718,17.466,18.763,8.272,-2.908,-9.506,-55.16,-151.878,31.832,6.299,4.213,-15.56,-60.427,230,-57.725,14.111,-4.661,-12.263,-113.573,-51.756,12.504,0,0
5.172,10.212,0,73.321,265.194,-150.124,5,15,10,1,0,6.922,-4.067,-13.532,-31.405,17.74,16.198,8.838,-2.014,-8.426,-55.13,-150.611,25.924,6.582,4.212,-18.767,-109.13,-140.412,-166.107,11.568,-7.774,-10.699,-62.718,-6.137,19.725,0,0
4.898,8.725,0,75.423,210.183,-148.682,5,15,10,1,0,7.722,-4.859,-13.759,-37.511,18.489,14.198,9.372,-2.555,-8.26,-59.527,-148.366,19.13,5.075,3.616,-14.782,-49.832,403.649,-228.885,10.349,-6.174,-9.594,-1.786,34.351,29.969,0,0
4.584,7.205,0,77.012,158.924,-152.001,5,15,10,1,0,5.192,-4.943,-14.236,-26.183,16.58,13.939,8.272,-1.954,-9.477,-58.641,-149.008,16.702,3.652,3.71,-14.329,-48.244,381.45,-20.366,9.106,-5.401,-12.109,46.412,66.076,31.71,0,0
4.232,5.705,0,78.228,121.548,-150.067,5,15,10,1,0,6.335,-4.27,-11.52,-31.466,13.496,10.214,9.171,-2.211,-8.854,-59.527,-146.229,15.069,3.228,2.666,-13.711,-60.611,370.595,14.351,6.285,-1.08,-13.824,81.939,86.321,27.542,0,0
3.84,4.177,0,79.103,87.525,-152.733,5,15,10,1,0,6.85,-5.784,-13.553,-17.985,19.298,12.168,8.11,-1.152,-10.224,-49.42,-149.679,11.863,2.711,1.162,-14.842,-38.87,358.382,25.038,5.073,-0.503,-16.861,92.229,106.534,21.496,0,0
3.409,2.746,0,79.806,70.347,-143.166,5,15,10,1,0,2.749,-0.953,-14.042,-25.053,7.603,11.664,9.592,-0.891,-9.604,-50.229,-145.496,7.282,1.844,2.481,-14.674,-21.099,175.802,27.115,4.491,0.903,-16.071,90.183,123.634,18.29,0,0
2.939,1.511,0,80.268,46.12,-123.448,5,15,10,1,0,7.211,-6.495,-12.425,-12.275,6.626,8.351,9.326,-1.322,-10.715,-50.977,-135.542,5.893,2.716,2.474,-13.872,-4.58,344.489,110.718,4.864,0.445,-15.309,79.832,137.084,19.023,0,0
2.429,0.376,0,80.48,21.217,-113.56,5,15,10,1,0,6.431,-4.153,-12.847,11.008,4.58,10.992,12.011,-1.94,-10.117,-43.679,-126.153,4.962,3.822,4.062,-13.573,6.336,166.595,30.183,1.593,-3.858,-15.735,58.412,162.336,26.992,0,0
1.881,-0.649,0,80.564,8.434,-102.471,5,15,10,1,0,4.148,-3.578,-13.197,10.397,-2.076,9.908,11.678,-0.63,-11.254,-34.366,-119.618,2.687,2.024,4.426,-15.319,14.885,157.832,22.641,6.936,-0.465,-12.708,40.458,187.893,34.366,0,0
1.293,-1.418,0,80.444,-12.039,-76.904,5,15,10,1,0,6.213,-3.219,-13.549,13.344,-9.954,7.695,13.161,-1.461,-10.138,-24.122,-103.878,1.725,5.992,4.104,-19.045,182.473,441.649,370.809,6.548,-0.73,-14.789,47.45,192.107,42.947,0,0
0.666,-1.905,0,80.243,-20.119,-48.718,5,15,10,1,0,5.449,-6.167,-11.539,26.092,-21.206,8.687,14.835,-1.77,-10.054,-13.511,-87.084,0.718,-0.719,7.373,-28.386,37.74,297.282,22.962,7.892,0.527,-14.794,-0.489,226.489,36.748,0,0
0,-2.122,0,79.594,-64.831,-21.675,5,15,10,1,0,7.59,-5.365,-10.143,35.649,-26.992,6.076,12.296,-2.754,-10.32,-1.603,-73.908,5.359,0.869,5.154,-16.55,4.076,129.954,8.305,6.261,-1.478,-17.242,-21.557,241.206,39.649,0,0
0,-2.224,0,78.627,-96.726,-10.174,5,15,10,1,0,9.805,0.12,-14.547,41.038,-23.45,5.603,7.008,-0.611,-12.263,13.282,-80.794,6.748,0.766,7.277,-22.269,-20.947,-457.893,16.855,7.76,0.821,-14.636,-30.29,259.939,51.42,0,0
0,-2.4,0,77.324,-130.337,-17.612,5,15,10,1,0,8.258,-7.3,-7.149,42.122,-28.626,7.527,7.015,-1.945,-8.993,32.84,-82.473,5.725,0.108,7.683,-15.486,-26.198,247.695,6.229,7.798,-0.498,-14.95,-27.069,272.031,61.832,0,0
0,-2.994,0,75.745,-157.86,-59.372,5,15,10,1,0,7.623,-1.657,-10.473,27.282,-19.13,13.008,6.368,-2.646,-9.532,45.206,-101.328,0.015,-0.163,7.223,-14.499,-50.168,221.313,17.71,6.682,0.814,-15.948,-23.282,282.473,68.779,0,0
0,-3.909,0,73.889,-185.646,-91.553,5,15,10,1,0,7.106,-2.215,-9.966,0.87,-16.214,8.916,8.031,-0.141,-8.634,48.26,-114.565,1.298,-2.124,7.173,-16.739,-50.931,93.466,7.145,7.022,0.666,-16.653,-22.183,295.45,72.656,0,0
0,-4.978,0,71.816,-207.299,-106.877,5,15,10,1,0,7.01,-3.111,-9.69,-22.229,-19.649,7.466,11.527,1.753,-6.72,33.13,-113.954,3.191,-3.506,5.506,-16.32,-62.55,64.611,15.634,5.441,0.977,-17.996,-6.687,295.969,75.74,0,0
0,-6.095,0,69.549,-226.639,-111.74,5,15,10,1,0,6.579,-3.935,-10.878,-33.557,-17.863,6.397,12.162,1.406,-8.215,6.855,-109.71,6.443,-3.389,5.468,-17.874,-78.977,66.534,18.107,5.719,0.481,-18.901,-7.237,303.115,75.802,0,0
0,-7.08,0,67.15,-239.914,-98.454,5,15,10,1,0,5.255,-4.333,-10.921,-43.649,-25.924,3.985,13.69,1.679,-7.643,-15.985,-98.397,12.489,-2.112,5.869,-22.053,255.511,440.672,99.42,8.177,6.431,-15.103,-5.969,296.519,75.832,0,0
0,-7.08,0,67.15,-239.914,-98.454,5,15,10,1,0,5.255,-4.333,-10.921,-43.649,-25.924,3.985,13.69,1.679,-7.643,-15.985,-98.397,12.489,-2.112,5.869,-22.053,255.511,440.672,99.42,8.177,6.431,-15.103,-5.969,296.519,75.832,0,0
0,-8.267,0,62.056,-258.236,-42.847,5,15,10,1,0,4.474,-5.224,-12.095,-37.42,-45.053,0.366,15.093,-0.292,-7.69,-50.931,-66.534,19.878,-3.219,5.849,-16.358,-120.55,73.282,78.107,6.297,1.439,-20.693,-4.458,298.122,66.824,0,0
0,-8.362,0,59.449,-260.731,-9.522,5,15,10,0,0,8.138,-7.839,-9,-30.733,-54.015,-1.344,10.866,-2.218,-8.605,-52.382,-53.191,24.992,-2.345,4.553,-14.437,-92.794,65.038,93.679,9.515,3.339,-20.801,1.893,287.695,63.954,0,0
0,-8.366,0,56.812,-263.65,-0.366,5,15,10,0,0,6.811,-6.359,-10.258,-18.55,-59.924,0.214,10.608,-2.658,-8.787,-42.504,-48.55,24.504,-2.019,2,-11.487,-70.427,15.389,61.618,6.651,3.957,-23.55,-0.931,268.107,56.519,0,0
0,-8.336,0,54.198,-261.429,2.964,5,15,10,0,0,6,-4.335,-11.254,-19.252,-66.168,0.427,11.266,-2.043,-8.85,-35.908,-47.817,23.527,-2.237,4.052,-9.503,-277.74,67.298,274.565,4.409,4.871,-24.288,-6.473,241.008,49.237,0,0
0,-8.084,0,51.638,-255.982,25.223,5,15,10,0,0,3.679,-5.243,-11.237,-28.198,-85.252,-3.618,13.328,-1.94,-7.42,-36.763,-37.344,26.214,-2.371,2.52,-3.856,-5.176,-54.718,258.443,4.038,4.891,-25.291,-5.969,210.794,42.26,0,0
0,-7.574,0,49.213,-242.501,50.984,5,15,10,0,0,7.633,-4.867,-12.677,-19.618,-88.153,-4.794,13.235,-3.842,-9.968,-37.588,-33.344,25.511,-2.778,3.815,-5.978,4.931,-118.84,113.832,4.194,5.767,-25.339,2.58,175.069,30.626,0,0
0,-6.959,0,46.99,-222.268,61.478,5,15,10,0,0,8.941,-6.091,-12.89,0.947,-91.893,-7.328,9.879,-4.57,-11.065,-32.672,-36.809,27.603,-3.291,3.602,-6.615,18.611,-182.229,88.122,4.294,6.035,-24.496,16.565,134.763,16.718,0,0
0,-6.278,0,44.994,-199.608,68.127,5,15,10,0,0,7.76,-4.586,-13.283,10.321,-98.137,-9.863,9.966,-3.569,-10.651,-25.802,-38.595,25.023,-2.467,2.785,-6.859,15.344,-237.802,68.336,4.163,5.643,-25.629,34.26,96.702,0.092,0,0
0,-5.608,0,43.372,-162.186,66.982,5,15,10,0,0,8.019,-2.819,-14.004,8.092,-98.275,-14.305,10.773,-2.045,-10.509,-22.366,-41.679,18.198,-2.469,1.981,-8.524,21.695,-289.221,41.038,4.828,6.792,-24.966,52.626,61.603,-18.321,0,0
0,-5.011,0,42.065,-130.715,59.704,5,15,10,0,0,7.884,-3.808,-13.958,7.45,-101.649,-19.206,11.863,-2.546,-9.592,-22.55,-46.656,11.954,1.945,2.927,-2.045,55.649,-312.672,6.107,4.273,9.312,-22.049,58.351,12.84,-29.527,0,0
0,-4.473,0,41.12,-94.528,53.845,5,15,10,0,0,8.907,-0.39,-14.567,-5.71,-97.924,-21.176,13.949,0.417,-10.059,-32.718,-49.374,6.244,5.394,9.264,3.468,291.023,-232.565,-197.374,9.508,1.212,-24.341,73.786,-6.611,-25.893,0,0
0,-3.935,0,40.593,-52.7,53.799,5,15,10,0,0,10.873,-3.741,-11.877,-13.679,-99.176,-24.275,11.544,1.782,-10.423,-47.771,-49.237,5.344,5.032,8.785,-9.125,48.107,-153.511,-33.221,10.277,0.934,-26.779,74.55,-32.931,-11.115,0,0
0,-3.466,0,40.581,-1.156,46.887,5,15,10,0,0,9.884,-1.832,-12.684,-27.664,-95.435,-23.603,12.531,1.947,-10.299,-61.695,-49.802,1.695,4.843,6.013,-12.588,14.641,-299.679,-127.573,9.391,10.069,-19.072,12.58,-67.802,4.137,0,0
0,-2.986,0,40.685,10.323,47.962,5,15,10,0,0,10.701,-2.237,-10.452,-46.885,-95.008,-25.847,13.312,1.66,-10.974,-74.427,-45.542,3.221,3.372,27.805,-29.229,-49.13,-367.16,264.794,8.172,7.98,-10.279,-87.878,-67.664,9.954,0,0
0,-2.484,0,40.53,-15.45,50.205,5,15,10,0,0,11.982,-3.185,-9.75,-62.504,-94.611,-28.29,13.01,-0.517,-11.724,-81.084,-42.702,5.023,4.972,24.981,-18.298,-57.359,-179.832,-125.802,12.04,-3.801,-0.568,-126.58,-43.908,16.733,0,0
0,-2.026,0,40.267,-26.31,45.788,5,15,10,0,1,11.142,-4.103,-11.036,-61.954,-91.038,-28.687,12.071,-0.848,-12.452,-75.221,-41.649,1.099,4.874,9.074,-14.447,-158.916,295.176,-107.481,10.325,-8.79,-0.766,-136.107,-13.802,13.435,0,1
0,-1.543,0,39.831,-43.636,48.351,5,5,10,0,1,10.845,-2.419,-11.831,-60.779,-94.382,-29.527,13.429,-1.473,-11.245,-68.198,-29.863,-5.511,5.365,2.381,-5.746,-115.634,-70.305,-127.939,8.145,-12.509,-8.847,-78.534,-37.374,10.351,0,0
0,-0.891,0.662,39.674,-15.678,65.163,15,5,10,0,1,8.272,-2.91,-13.125,-54.229,-102.107,-34.672,16.648,-0.663,-11.542,-54.26,-17.145,-14.321,4.567,-2.517,-2.967,-145.481,-112.076,-113.466,7.92,-6.265,-16.329,-38.962,-68.321,-6.092,0,0
0,-0.023,1.286,39.963,28.908,86.781,15,5,10,0,1,8.423,-3.494,-11.134,-37.969,-107.954,-36.84,16.746,-2.247,-11.072,-48.458,-6.137,-18.244,4.212,-20.061,-16.133,-78.061,177.817,158.779,10.916,4.376,-16.353,-12.153,-106.397,-23.985,0,0
0,1.024,1.871,40.563,60.036,104.782,15,5,10,0,1,10.325,-1.085,-11.882,-24.916,-109.863,-37.71,16.823,-1.502,-9.415,-31.939,5.069,-20.214,2.259,-3.343,-3.346,-72.198,-114.702,-206.534,9.218,5.671,-16.633,-26.168,-103.588,-33.206,0,0
0,2.221,2.417,41.27,70.713,119.694,15,5,10,0,1,13.484,-7.278,-6.318,-7.084,-113.16,-40.534,16.322,-2.412,-9.269,-20.397,19.649,-18.061,0.647,2.401,-10.533,-8.84,-269.939,-247.084,10.141,4.136,-11.93,-59.969,-84.366,-29.985,0,0
0,3.547,2.925,41.786,51.567,132.592,15,5,10,0,1,12.291,-4.373,-7.197,1.634,-111.634,-40.031,15.752,-0.901,-7.983,-7.221,27.954,-18.611,5.444,4.327,-11.582,56.779,-330.763,-187.053,9.307,-6.031,-12.337,-44.336,-67.405,-19.649,0,0
0,5.016,3.394,41.732,-5.436,146.839,15,5,10,0,1,10.346,-1.023,-8.366,-1.618,-115.863,-41.053,16.255,-0.297,-6.469,-1.481,39.084,-17.802,8.038,4.675,-7.837,272.824,440.412,348.336,7.741,9.024,3.66,-46.412,-58.855,-10.382,0,0
0,6.744,3.824,40.977,-75.417,172.852,15,5,10,0,1,10.622,0.63,-6.728,-8.122,-118.26,-42.198,16.722,-1.236,-5.897,-0.427,52.672,-14.565,3.24,0.182,-15.592,36.611,-125.13,-39.649,17.781,-8.196,-14.131,23.42,-18,-18.519,0,0
0,8.836,4.215,39.769,-120.896,209.141,15,5,10,0,1,9.288,-6.622,-7.563,-23.038,-127.985,-48.092,16.523,0.22,-4.46,3.191,79.466,-14.947,-0.036,1.084,-24.314,74.122,387.038,-161.954,9.42,-7.274,-17.065,60.519,-2.214,-26.275,0,0
0,11.198,4.567,37.981,-178.746,236.195,15,5,10,0,1,9.24,-8.459,-8.169,-20.809,-127.924,-50.275,15,-0.144,-2.163,-5.328,96.397,-18.534,1.921,4.694,-17.285,43.008,325.13,11.603,15.115,-1.645,-17.014,74.076,22.748,-19.756,0,0
0,13.747,4.881,35.536,-244.549,254.906,15,5,10,0,1,15.594,-10.306,-7.384,-3.145,-140.397,-45.252,12.061,-0.074,-4.457,-7.847,123.511,-18.351,0.295,4.218,-18.504,54.992,-191.237,17.695,15.048,-0.843,-15.01,83.389,49.466,-10.779,0,0
0,16.584,5.156,32.455,-308.041,283.768,15,5,10,0,1,9.302,-7.365,-15.68,-2.504,-164.595,-37.405,15.56,-2.323,-4.457,4.458,149.313,-30.885,-0.431,4.487,29.305,491.206,311.939,126.046,14.109,-7.899,-15.745,96.382,70.412,-8.641,0,0
0,19.822,5.393,28.958,-349.755,323.731,15,5,10,0,1,9.52,-6.388,-20.24,25.191,-182.58,-37.252,15.69,-5.034,-5.564,13.985,170.244,-23.511,-4.129,7.052,-22.36,187.649,124.58,72,8.028,-6.627,-7.82,114.015,50.718,-16.733,0,0
0,23.7,5.59,25.172,-378.594,387.864,15,5,10,0,1,9.729,-8.368,-19.886,65.802,-208.656,-43.969,17.005,-6.684,-7.197,37.664,194.458,-10.137,-3.53,4.915,-14.914,25.206,109.13,72.427,5.161,-5.669,-16.133,146.656,26.519,-14.687,0,0
0,28.014,5.749,21.784,-338.792,431.329,15,5,10,0,1,10.15,-11.554,-13.642,101.939,-220.565,-48.427,18.152,-5.137,-10.524,58.229,215.405,6,4.725,1.514,-9.685,19.252,169.405,118.718,9.388,-3.808,-15.266,178.473,12.748,-2.824,0,0
0,32.72,5.869,19.264,-251.942,470.628,15,5,10,0,1,14.188,-8.148,-17.117,138.214,-215.084,-51.786,11.63,-4.184,-13.388,72.794,228.244,33.145,8.38,2.645,-14.188,185.008,-398.412,126.29,10.181,11.491,-11.34,133.389,11.725,-3.557,0,0
0,37.59,5.95,17.29,-197.4,487.016,15,5,10,0,1,10.454,-8.799,-15.819,159.374,-215.359,-52.901,11.815,-2.855,-13.58,91.817,237.481,51.389,6.517,6.3,-18.269,122,379.237,28.702,12.102,10.675,-9.992,42.611,10.534,-17.466,0,0
0,42.527,5.993,15.683,-160.721,493.699,15,5,10,0,1,7.714,1.95,-23.435,159.099,-212.763,-32.916,17.417,3.564,-14.102,80.565,247.084,74.595,5.942,8.814,-13.285,49.069,-135.282,-10.076,9.863,4.723,-9.954,-3.466,4.611,-21.374,0,0
0,47.371,5.997,14.339,-134.423,484.441,15,5,10,0,1,11.422,-0.529,-22.76,178.718,-210.702,-52.626,-0.841,-4.46,-21.385,98.061,234.076,115.176,3.066,15.964,-29.497,257.542,-249.176,438.718,9.12,2.357,-9.288,-17.206,6.305,-19.115,0,0
0,52.272,5.962,13.101,-123.768,490.06,15,5,10,0,1,15.666,-10.902,-13.575,188.183,-183.267,-43.863,13.8,0.376,-13.659,83.435,236.977,98.336,3.384,7.786,-12.639,14.153,-133.679,-18.076,8.507,-0.182,-9.702,-2.229,3.16,-17.13,0,0
0,56.743,5.888,11.885,-121.594,447.122,15,5,10,0,1,10.129,-1.696,-21.706,163.817,-172.351,-44.733,17.852,3.341,-12.512,73.053,258.55,103.634,1.181,7.238,-13.108,9.771,-135.42,-18.702,10.167,1.231,-8.258,3.405,4.611,-15.237,0,0
0,60.625,5.776,10.57,-131.481,388.219,15,5,10,0,1,12.667,3.432,-22.12,152.336,-120.183,-33.328,17.345,-0.139,-11.585,75.649,252.122,82.137,1.705,6.68,-12.504,14.534,-134.718,-15.374,9.772,-0.951,-7.875,23.298,4.26,-9.649,0,0
0,63.903,5.625,10.003,-56.797,327.748,15,5,10,0,1,8.682,1.847,-19.019,132.55,-90.046,-26.672,14.315,-0.944,-10.203,68.656,237.634,75.282,9.494,5.94,8.723,65.359,-209.237,-95.511,0.821,9.463,-0.608,89.817,-70.87,7.099,0,0
0,66.854,5.435,10.351,34.836,295.109,15,5,10,0,1,6.534,5.195,-17.361,92.763,-60.58,-19.344,13.304,-0.611,-10.102,58.809,223.802,54.168,5.444,8.757,-22.092,178.489,-132.931,-42.504,13.664,17.862,-5.7,5.832,-10.137,-4.29,0,0
0,69.487,5.207,10.531,17.967,263.352,15,5,10,0,1,8.842,2.129,-14.581,49.237,-32.718,-14.748,12.722,-0.031,-12.085,55.069,215.985,31.466,-0.786,7.287,-18.317,148.198,-193.664,-166.901,16.863,8.818,5.595,-51.45,-10.458,-13.832,0,0
0,71.827,4.939,9.904,-62.679,233.975,15,5,10,0,1,5.322,0.58,-16.559,6.885,-11.557,-6.885,13.022,1.281,-11.027,47.527,214.443,13.573,-3.722,9.477,-10.679,46.626,-81.954,-56.947,17.261,1.483,-0.12,-46.321,-8.122,-4.702,0,0
0,73.867,4.633,8.571,-133.278,203.957,15,5,10,0,1,3.449,1.746,-17.529,-27.786,17.71,3.542,12.976,0.362,-10.814,41.802,212.565,-7.939,-7.58,6.708,-12.694,-2.153,-129.817,-16.748,10.069,-7.36,-6.936,-3.405,10.672,-2.84,0,0
0,75.625,4.288,6.908,-166.26,175.827,15,5,10,0,1,4.409,0.776,-16.406,-58.534,47.405,8.031,12.466,0.354,-11.915,37.695,210.198,-23.634,-1.514,1.696,-13.065,-5.679,-142.626,19.817,7.47,-9.774,-13.266,68.656,-5.359,1.405,0,0
0,77.116,3.905,5.549,-135.887,149.071,15,5,10,0,1,3.015,0.093,-17.491,-81.649,72.534,11.328,11.64,-0.699,-10.854,33.847,205.389,-33.282,2.112,2.934,-15.647,5.542,-256.977,25.038,11.762,12.078,-5.125,71.573,-15.511,10.031,0,0
0,78.306,3.483,4.385,-116.444,119.007,15,5,10,0,1,2.711,0.17,-16.205,-93.374,92.458,14.779,10.6,-1.142,-10.524,29.328,196.229,-38.412,5.959,6.122,-14.322,37.176,-125.069,13.618,11.249,8.761,-8.866,16.244,-11.466,-1.313,0,0
0,79.214,3.022,3.411,-97.367,90.775,15,5,10,0,1,2.508,-0.68,-16.854,-101.008,116.412,17.389,11.182,0.479,-10.457,19.374,188.076,-45.771,4.912,6.862,-17.524,39.282,-193.557,0.519,8.747,1.526,-11.046,-5.847,-15.069,-1.893,0,0
0,79.763,2.522,2.832,-57.907,54.92,15,5,10,0,1,0.704,-0.68,-17.467,-92.275,145.954,20.565,13.204,0.06,-10.778,13.267,182.351,-52.687,8.1,7.071,-21.943,41.298,-326.473,1.954,5.046,-1.085,-13.517,-6.687,-32.214,-6.458,0,0
0,79.954,1.983,2.767,-6.557,19.089,15,5,10,0,1,4.974,-3.99,-14.377,-66.076,173.008,18.702,10.442,-2.12,-12.519,11.588,171.496,-44.672,3.245,8.777,-27.5,13.237,-261.695,-4.947,12.088,4.529,-6.644,-24.611,-30.168,-6.656,0,0
0,79.826,1.406,2.81,4.36,-12.806,15,5,10,0,1,0.251,2.069,-19.153,-66.901,192.718,12.214,12.746,0.833,-11.297,6.122,167.786,-40.687,4.158,9.22,-32.409,-91.008,54.214,-87.939,10.033,1.562,-8.447,-39.053,-33.588,-12.565,0,0
0,79.507,0.79,2.869,5.882,-31.895,15,5,10,0,1,-0.304,0.766,-19.529,-31.954,224.153,10.992,10.476,-1.588,-12.545,7.176,163.008,-37.832,3.353,6.555,-13.149,-23.221,-54.901,-6.382,8.715,0.031,-8.969,-35.847,-41.221,-12.015,0,0
0,78.785,0.136,2.979,11.021,-72.167,15,5,10,0,1,2.721,-4.443,-17.673,2.565,240.824,7.939,9.846,-2.27,-12.217,12.565,151.252,-19.557,1.483,5.568,-14.459,-29.237,-58.015,-6.992,9.58,-0.184,-9.429,-26.504,-44.168,-11.45,0,0
0,77.734,0,3.184,20.496,-105.057,15,5,10,0,1,0.345,-1.506,-20.034,25.13,261.359,3.817,5.473,-1.25,-13.546,19.42,138.779,-13.038,-1.973,7.463,-17.833,-32.168,-248.015,-38.168,11.192,0.936,-6.653,-22.519,-48.351,-10.855,0,0
0,76.35,0,3.198,1.408,-138.405,15,5,10,0,1,-0.412,-0.572,-19.958,39.74,273.038,-3.481,5.492,-0.987,-12.89,28.214,118.214,-7.985,2.788,4.689,-13.776,-33.863,-62.214,-6.55,9.75,1.406,-8.689,-15.221,-51.267,-11.084,0,0
0,74.735,0,3.089,-10.975,-161.511,15,5,10,0,1,0.788,-3.262,-19.436,46.809,286.931,-10.382,4.946,-0.855,-13.609,39.695,102.473,-8.351,2.912,4.098,-13.441,-24.687,-67.832,-10.015,11.015,-1.054,-10.991,-9.176,-45.42,-10.458,0,0
0,72.802,0,3.086,-0.309,-193.371,15,5,10,0,1,2.27,-2.817,-18.073,50.229,298.168,-16.061,4.96,-3.358,-12.581,54.076,85.221,-9.557,3.25,4.61,-12.957,-14.641,-281.908,-10.015,4.859,-1.387,-10.888,-0.29,-55.496,-11.542,0,0
0,70.608,0,3.071,-1.465,-219.361,15,5,10,0,1,3.475,-0.108,-17.263,35.786,311.42,-21.649,4.33,-4.622,-13.573,72.84,66.061,-7.145,2.366,10.717,-18.135,7.008,-131.649,-21.252,10.902,0.635,-7.338,-0.473,-54.779,-9.023,0,0
0,68.132,0,3.052,-1.854,-247.582,15,5,10,0,1,-0.101,4.56,-21.443,9.206,319.634,-28.718,4.725,-6.28,-13.05,104.015,46.824,-14.87,3.379,5.176,-13.407,10.992,-64.718,-9.893,11.082,0.445,-7.506,3.969,-53.832,-8.366,0,0
0,65.503,0,2.939,-11.33,-262.963,15,5,10,0,1,0.098,-2.862,-19.807,-14.962,311.084,-34,4.352,-2.361,-12.298,122.84,32.687,-18.931,-0.546,12.898,-35.054,58.733,-280.687,-50.748,15.39,2.994,-4.467,1.145,-39.053,-6.504,0,0
0,62.837,0,2.569,-37.056,-266.522,15,5,10,0,0,3.593,-0.352,-22.65,-32.84,304.275,-28.885,3.81,-0.881,-12.325,128.153,22.931,-28.992,1.806,6.371,-13.759,2.092,-156.229,-5.985,8.042,-2.52,-11.783,21.664,-44,-4.87,0,0
0,60.186,0,2.243,-32.581,-265.16,15,5,10,0,0,-0.35,-4.086,-25.488,-31.847,294.504,-24.092,6.481,1.013,-9.398,123.695,18.626,-45.42,5.542,4.06,-11.35,25.359,-72.137,-8.931,10.952,2.594,-6.5,30.626,-55.023,-0.626,0,0
0,57.501,0,2.045,-19.73,-268.456,15,5,10,0,0,2.541,-0.685,-27.272,-25.664,288.947,-17.878,3.238,2.467,-9.753,96.015,7.084,-53.237,4.287,3.822,-12.576,24.198,-143.679,-23.969,8.521,1.648,-7.717,38.626,-68.061,-3.374,0,0
0,54.865,0,1.91,-13.527,-263.627,15,5,10,0,0,0.575,-3.08,-26.417,-24.366,266.214,-13.985,4.443,3.796,-7.741,65.573,0.351,-60.809,5.659,4.783,-11.008,50.611,-65.725,-26.107,10.327,1.293,-6.562,34.168,-67.237,-5.237,0,0
0,52.326,0,1.936,2.541,-253.865,15,5,10,0,0,0.575,-3.176,-28.086,-33.42,237.282,-12.718,6.153,4.97,-5.295,32.214,-8.168,-53.634,4.014,6.991,-12.677,48.305,-65.954,-22.412,10.809,1.042,-6.778,34.305,-68.122,-2.656,0,0
0,49.939,0,1.92,-1.522,-238.77,15,5,10,0,0,0.374,-4.237,-28.589,-35.435,213.008,-6.84,4.915,3.743,-4.689,6.733,-21.267,-49.893,5.207,6.361,-10.521,53.252,-49.053,-44.336,19.955,-0.103,-4.366,34.092,-68.656,2.809,0,0
0,47.745,0,2.005,8.446,-219.326,15,5,10,0,0,-0.002,-4.752,-28.609,-41.282,175.053,-2.565,5.901,2.582,-3.327,-15.145,-33.359,-36.076,2.721,6.934,-14.056,45.969,-54.183,-11.756,10.121,0.544,-8.871,38.275,-73.832,4.962,0,0
0,45.805,0,2.287,28.187,-194.069,15,5,10,0,0,0.259,-5.796,-29.126,-39.603,139.267,0.198,4.864,0.781,-2.364,-27.115,-47.191,-22.947,5.317,5.719,-12.777,49.878,-39.008,-9.45,12.116,0.687,-9.412,47.069,-94.672,7.618,0,0
0,44.043,0,2.884,59.692,-176.205,15,5,10,0,0,-0.263,-7.104,-28.908,-39.664,97.863,5.664,1.918,1.456,-5.659,-24.504,-64.458,-13.176,4.426,6.477,-19.026,106.244,-63.954,-14.626,10.232,3.81,-8.313,32.122,-102.122,6.122,0,0
0,42.563,0,3.664,78.026,-147.95,15,5,10,0,0,5.7,-5.643,-27.126,-27.878,80.427,8.107,6.162,-3.952,-3.6,-16.748,-78.153,-14.046,4.761,6.081,-14.174,52.931,-29.008,-9.603,11.197,2.649,-9.939,15.344,-111.053,4.748,0,0
0,41.333,0,4.587,92.308,-123.036,15,5,10,0,0,-1.384,-4.867,-32.558,-41.16,15.908,6.137,8.22,-0.814,-1.212,24.55,-84.641,-0.519,5.554,6.069,-14.634,50.198,-28.84,-8.412,11.142,-1.004,-11.97,16.824,-117.16,5.084,0,0
0,40.513,0,5.63,104.313,-81.963,15,5,10,0,0,-2.797,-5.942,-41.125,-34.504,-47.405,11.573,6.608,1.437,-1.054,21.069,-89.405,7.252,4.22,6.993,-14.365,42.718,-28.916,-8.443,13.362,0.936,-7.221,12.382,-119.954,8.824,0,0
0,40.388,0,6.671,104.05,-12.531,15,5,10,1,0,-1.71,-4.17,-32.378,-40.733,-132.687,1.374,11.036,0.429,-2.474,17.924,-83.16,24.733,5.274,12.64,-23.787,331.954,-362.763,-107.725,14.868,-0.089,-6.158,21.282,-125.573,12.366,1,0
0,40.791,0,7.685,101.406,40.352,5,5,10,1,0,9.827,-5.992,-9.46,-18.55,-128.763,-7.679,16.866,-1.866,-4.62,8.321,-67.649,30.382,7.846,9.074,-13.187,87.344,-72.122,9.71,12.265,-1.2,-8.292,31.649,-127.664,15.756,0,0
0.662,41.333,0,8.733,104.805,54.142,5,5,10,1,0,18.439,-8.847,-2.139,12.809,-94.885,-11.817,18.058,-4.622,-6.033,17.42,-39.557,46.702,6.172,6.72,-12.188,47.435,-11.099,6.412,16.092,-1.454,-7.106,35.374,-123.557,17.176,0,0
1.286,41.977,0,9.772,103.924,64.465,5,5,10,1,0,9.487,-7.022,-4.395,40.092,-84.107,-0.519,12.737,-1.186,-4.797,17.069,-20.794,71.359,8.869,7.584,-13.144,82.55,-2.901,20.183,14.708,0.374,-6.617,35.924,-136.153,20.962,0,0
1.871,42.761,0,10.901,112.862,78.358,5,5,10,1,0,6.816,-4.019,-7.856,56.901,-76.962,1.756,10.418,0.335,-3.578,10.931,-14.092,88.351,11.642,7.432,-10.806,31.679,9.664,12.962,14.155,-0.117,-7.245,37.695,-141.924,21.603,0,0
2.417,43.57,0,12.182,128.151,80.933,5,5,10,1,0,5.949,-2.661,-20.089,68.229,-75.145,4.656,5.664,-2.699,-5.3,15.282,-26.351,91.069,4.072,15.047,-11.544,35.176,49.985,26.534,13.958,0.237,-8.337,36.29,-146.489,19.863,0,0
2.925,44.292,0,13.804,162.175,72.155,5,15,10,1,0,2.809,-0.225,-26.798,62,-88.275,2.779,6.117,-3.288,-9.484,36.336,-59.069,80.489,9.23,12.302,-12.957,-4.092,184.611,40.122,16.118,2.179,-4.96,13.664,-152.122,15.13,0,0
3.394,44.757,0,15.734,193.062,46.543,5,15,10,1,0,7.214,-3.372,-23.064,57.557,-82.855,2.901,8.957,-0.764,-8.799,52.412,-75.45,65.695,9.003,5.336,-10.176,-17.679,65.13,7.817,13.961,-0.345,-7.968,-7.176,-159.634,8.977,0,0
3.824,44.786,0,17.979,224.442,2.895,5,15,10,1,0,7.908,0.704,-21.246,47.252,-68.855,5.252,10.847,-1.605,-11.07,49.695,-91.084,46.092,9.671,13.312,-5.178,-52.275,348.336,326.107,12.919,1.164,-7.516,-22.55,-179.099,7.13,0,0
4.215,44.175,0,20.619,264.027,-61.1,5,15,10,1,0,11.247,1.885,-16.665,31.771,-41.084,10.458,12.277,0.096,-10.634,41.267,-112.137,32,6.304,6.467,0.623,-56.427,233.969,-0.885,18.925,0.177,-2.745,-40.168,-184.901,2.29,0,0
4.567,42.908,0,23.608,298.863,-126.755,5,15,10,1,0,14.952,0.491,-14.701,0.458,-12.809,19.603,13.996,3.791,-11.221,23.985,-129.389,12.763,4.392,9.264,16.995,-73.16,-433.71,31.267,17.788,5.717,2.414,-50.672,-188.763,3.893,0,0
4.881,41.12,0,26.775,316.739,-178.734,5,15,10,1,0,9.638,1.681,-19.392,-40.092,8.153,29.115,12.713,3.468,-11.264,1.16,-147.725,0.305,12.44,6.979,-5.293,-13.634,170.412,3.557,20.374,3.355,0.055,-46.046,-165.573,2.611,0,0
5.156,38.916,0,30.082,330.678,-220.471,5,15,10,1,0,9.614,5.394,-17.74,-78.733,15.008,42.229,13.429,5.042,-10.066,-26.29,-158.84,-14.794,8.972,7.025,-7.338,-20.748,189.023,0.962,18.461,-1.277,-8.78,-35.176,-153.053,4.672,0,0
5.393,36.455,0,33.557,347.558,-246.094,5,15,10,1,0,11.901,-4.479,-13.173,-111.069,40,41.053,12.833,8.224,-13.108,-37.511,-166.901,-14.901,7.161,9.123,-10.505,-32.824,203.237,-3.71,17.055,0.771,-13.905,-34.412,-158.947,13.221,0,0
5.59,33.664,0,37.307,375.001,-279.042,5,15,10,1,0,12.037,5.482,-18.3,-144.534,54.183,52.244,4.555,5.873,-16.954,-76.122,-183.359,-12.351,4.979,8.838,-14.097,-54.809,209.176,-37.435,15.101,2,-19.4,-47.084,-173.893,7.649,0,0
5.749,30.621,0,41.362,405.408,-304.276,5,15,10,1,0,7.453,4.527,-13.139,-148.122,47.237,55.038,10.445,3.873,-8.919,-77.496,-186.275,-12.198,9.384,9.198,-24.444,-155.786,430.061,-58.504,14.399,2.345,-22.872,-82.321,-179.42,11.038,0,0
5.869,27.574,0,45.646,428.445,-304.711,5,15,10,1,0,0.656,4.028,-18.739,-169.206,33.878,56.595,9.563,3.928,-7.116,-86.519,-186.153,-12.687,8.838,6.687,-17.019,-101.649,446.031,-185.71,17.606,-0.125,-19.843,-105.618,-199.71,7.939,0,0
5.95,24.78,0,50.082,443.551,-279.454,5,15,10,1,0,1.756,-3.937,-18.93,-152.687,26.504,50.733,6.196,0.529,-8.181,-99.328,-179.191,-10.58,1.988,12.446,-26.978,-219.084,490.489,-122.565,16.025,4.979,-11.637,-145.573,-183.435,13.084,0,0
5.993,22.25,0,54.593,451.104,-252.995,5,15,10,1,0,8.857,-8.979,-13.553,-127.069,24.183,44.061,10.921,1.727,-9.688,-107.176,-169.802,0.58,9.163,1.413,-17.658,-107.206,-485.389,-292.092,17,0.441,-17.316,-137.817,-156.595,9.496,0,0
5.997,20.141,0,59.079,448.678,-210.915,5,15,10,1,0,6.627,-3.03,-17.364,-107.252,10.885,40.214,13.599,-1.238,-7.839,-122.809,-159.237,4.748,7.233,2.179,-18.76,-88.931,250.336,-148.183,11.714,5.564,-19.462,-126.031,-146.611,6.733,0,0
5.962,18.232,0,63.532,445.29,-190.842,5,15,10,1,0,6.996,-11.154,-15.874,-57.634,22.183,40.351,8.675,-6.704,-10.117,-109.588,-158.947,14.534,7.892,0.702,-19.129,-55.45,263.069,-70.626,10.287,10.433,-17.941,-131.878,-133.71,-10.58,0,0
5.888,16.423,0,67.63,409.779,-180.92,5,15,10,1,0,7.061,-4.275,-13.824,-60.779,14.229,36.534,12.102,-5.329,-10.495,-101.481,-159.42,23.969,6.378,1.722,-18.145,-7.145,-488.565,-151.511,12.947,2.031,-13.027,-132.656,-123.298,-24.26,0,0
5.776,14.64,0,70.933,330.346,-178.276,5,15,10,1,0,7.925,-9.017,-14.902,-51.832,25.313,34.794,7.501,-6.912,-10.687,-84.382,-166.55,29.359,6.452,4.574,-16.641,-14.137,442.824,-110.901,5.624,-5.082,-14.665,-116.26,-71.649,-20.061,0,0
5.625,12.813,0,73.515,258.133,-182.751,5,15,10,1,0,5.899,-5.959,-13.417,-55.099,18.122,29.496,9.86,-5.133,-9.8,-80.931,-167.496,32.611,6.385,3.393,-19.031,-81.573,138.229,-109.435,12.684,-6.445,-10.833,-73.756,-23.252,-10.962,0,0
5.435,10.97,0,75.448,193.348,-184.273,5,15,10,1,0,8.632,-9.463,-15.029,-46.412,30.519,29.038,6.308,-4.488,-10.734,-73.527,-169.344,28.122,6.342,8.709,-20.664,-25.863,371.802,-36.733,12.468,-6.704,-9.034,-17.45,31.573,1.313,0,0
5.207,9.165,0,76.807,135.91,-180.474,5,15,10,1,0,6.955,-4.028,-14.193,-45.237,21.786,24.763,9.779,-3.909,-8.205,-76.26,-161.45,25.313,4.895,4.821,-14.475,-22.779,175.42,-2.183,9.336,-4.122,-10.859,40.382,68.519,5.588,0,0
4.939,7.418,0,77.759,95.146,-174.74,5,15,10,0,0,5.873,-8.035,-14.384,-37.13,24.443,22.489,8.383,-2.139,-9.561,-67.71,-160.351,19.542,3.799,2.879,-14.317,-23.511,169.71,12.458,7.595,-4.855,-15.422,82.458,91.603,3.176,0,0
4.633,5.766,0,78.503,74.41,-165.173,5,15,10,0,0,6.383,-4.072,-13.089,-31.786,17.176,19.802,10.519,-0.759,-9.791,-72.198,-152.489,15.557,1.777,3.348,-15.067,-18.672,165.908,23.282,5.36,0.206,-15.714,99.863,109.099,-2.092,0,0
4.288,4.195,0,78.928,42.469,-157.082,5,15,10,0,0,7.425,-7.204,-12.873,-18.748,22.107,19.756,8.636,-3.552,-10.718,-62.137,-148.855,10.656,0.426,2.872,-17.177,-7.282,159.573,63.267,2.855,-1.473,-20.339,99.267,128.687,-11.313,0,0
3.905,2.617,0,79.353,42.503,-157.837,5,15,10,0,0,4.244,-0.668,-16.015,-12.244,14.229,21.588,11.374,-1.789,-10.026,-56.733,-143.817,5.817,1.681,1.473,-15.747,12.443,162.687,53.191,3.585,0.793,-16.286,98.519,135.954,-13.481,0,0
3.483,1.193,0,79.697,34.412,-142.445,5,15,10,0,0,7.868,-4.345,-13.508,-6.534,14.336,16.321,10.176,-1.044,-10.622,-55.069,-138.611,5.481,2.855,3.239,-19.907,62.809,323.664,114.443,5.638,0.551,-13.994,78.244,153.969,-12.29,0,0
3.022,-0.14,0,79.88,18.288,-133.255,5,15,10,0,0,5.633,-4.903,-12.49,3.969,6.061,16.733,10.873,-0.867,-11.008,-51.527,-130.046,7.45,2.706,3.808,-15.316,41.527,157.71,19.206,6.237,-1.423,-13.17,59.374,176.611,-4.931,0,0
2.522,-1.297,0,79.726,-15.392,-115.723,5,15,10,0,0,5.899,-4.069,-13.357,3.725,2.076,13.71,12.548,-1.332,-10.418,-48.122,-119.771,7.069,3.157,4.613,-14.928,47.344,156.794,13.084,7.087,-2.673,-13.149,49.756,199.954,5.634,0,0
1.983,-2.221,0,79.693,-3.319,-92.365,5,15,10,0,0,4.34,-5.564,-13.003,12.229,-1.16,13.084,12.777,-2.223,-12.049,-45.374,-109.069,8.321,-0.529,8.447,-18.384,45.847,157.053,-0.504,10.397,-0.601,-13.594,51.573,213.145,12.962,0,0
1.406,-2.989,0,79.407,-28.576,-76.824,5,15,10,0,0,5.726,-4.879,-12.65,20.153,-9.557,10.153,12.607,-1.138,-11.307,-31.893,-97.42,10.046,3.099,5.682,-20.731,60.214,306.611,-2.473,4.809,3.607,-12.856,9.252,222.244,12.702,0,0
0.79,-3.477,0,78.773,-63.355,-48.775,5,15,10,0,0,4.084,-1.756,-13.824,15.573,-13.863,7.45,11.882,-2.632,-11.767,-23.649,-83.695,6.901,0.436,7.923,-15.632,1.099,294.397,-18.076,6.04,1.262,-15.232,-8.87,242.26,17.099,0,0
0.136,-3.652,0,77.781,-99.186,-17.532,5,15,10,0,0,3.173,-5.025,-13.561,19.954,-26.809,4.824,14.119,-0.719,-10.751,-15.817,-62.855,6.763,0.616,6.838,-15.101,-2.992,135.542,-7.756,5.207,-1.059,-17.951,-19.16,254.168,29.038,0,0
0,-3.513,0,76.562,-121.948,13.916,5,15,10,0,0,10.814,-7.475,-7.99,37.649,-25.511,4.443,8.543,-4.51,-12.354,-8.458,-46.458,11.511,-1.272,6.306,-15.805,-23.664,247.496,-21.618,6.469,-0.405,-17.891,-31.771,267.191,37.053,0,0
0,-3.366,0,75.079,-148.339,14.66,5,15,10,0,0,9.151,3.193,-16.88,38.336,-20.26,6.931,6.79,-3.583,-10.548,12.061,-54.321,12.412,-1.514,11.504,27.84,-275.786,-120.198,-184.427,8.088,1.399,-15.941,-44.214,277.557,43.924,0,0
0,-3.433,0,73.332,-174.66,-6.626,5,15,10,0,0,3.782,-3.051,-13.082,33.878,-32.626,5.511,7.599,-0.323,-8.85,30.87,-65.634,9.649,-2.445,6.008,-21.9,-97.771,375.313,-236.458,8.011,0.848,-15.335,-56.183,292.611,49.466,0,0
0,-3.576,0,71.314,-201.828,-14.317,5,15,10,0,0,9.173,-5.772,-8.071,22.473,-28.962,5.557,7.106,-2.311,-8.469,36.702,-68.84,9.45,-1.494,9.076,-31.94,-432.489,-304.137,-181.252,6.431,-1.336,-16.76,-43.924,296.748,56.641,0,0
0,-4.033,0,69.076,-223.755,-45.731,5,15,10,0,0,9.192,-0.369,-12.145,11.954,-16.366,7.435,7.949,0.354,-8.268,38.153,-79.634,10.611,-3.806,6.764,-16.648,-70.84,135.374,-40.794,5.377,-1.914,-18.722,-34.519,304.229,58.427,0,0
0,-4.663,0,66.682,-239.434,-62.966,5,15,10,0,0,7.765,-3.269,-10.481,-9.008,-25.008,4.153,9.374,1.588,-8.009,23.817,-83.298,3.878,-4.62,6.898,-17.196,-86.931,119.405,-26.992,10.442,2.979,-16.945,-24.214,305.878,58.351,0,0
0,-5.345,0,64.195,-248.646,-68.184,5,15,10,0,0,4.436,-4.191,-11.06,-22.214,-24.779,4.534,11.024,2.076,-8.629,4.122,-79.282,1.618,-3.583,5.137,-14.502,-104.794,187.16,-18.626,6.222,2.076,-19.256,-8.229,290.733,54.214,0,0
0,-6.011,0,61.617,-257.824,-66.628,5,15,10,0,0,3.573,-3.296,-12.069,-32.214,-27.252,3.695,12.234,1.09,-8.833,-14.305,-73.038,5.099,-2.524,4.801,-17.67,187.969,307.542,16.489,6.833,-0.702,-22.633,-8.153,292.244,47.374,0,0
0,-6.542,0,59.028,-258.9,-53.066,5,15,10,0,0,7.484,-6.253,-10.437,-36.931,-32.687,0.733,12.674,1.037,-8.754,-30.015,-63.832,10.626,-4.127,4.298,-18.303,-176,64.702,16.55,7.774,0.625,-22.025,-5.084,281.588,43.908,0,0
0,-6.886,0,56.464,-256.428,-34.435,5,15,10,0,0,6.205,-5.08,-11.647,-37.252,-42.061,0.198,13.632,-0.527,-7.676,-39.313,-52.763,14.611,-3.497,2.589,-11.798,-56.489,18.443,30.718,8.054,1.787,-22.688,-2.214,266.55,40.183,0,0
0,-7.01,0,53.981,-248.291,-12.451,5,15,10,0,0,6.577,-6.301,-10.871,-32.916,-52.046,-1.115,14.593,-2.742,-7.966,-43.13,-42.458,16.901,-2.144,2.036,-6.246,-43.725,61.069,94.718,6.45,3.937,-22.391,-0.321,235.267,36.229,0,0
0,-6.949,0,51.612,-236.859,6.191,5,15,10,0,0,10.119,-6.804,-9.113,-21.099,-53.954,-2.092,10.849,-4.529,-10.222,-37.298,-44.885,18.565,-2.29,1.612,-6.452,8.611,6.046,112.916,5.501,0.757,-25.083,17.649,207.45,32.168,0,0
0,-6.949,0,49.44,-217.221,0,5,15,10,0,0,5.166,-4.119,-13.144,-16.534,-55.649,-3.71,11.446,-3.07,-9.769,-28.611,-47.588,15.634,-2.687,6.687,-1.025,81.817,-58.626,231.45,3.928,4.388,-23.201,33.496,167.466,25.313,0,0
0,-6.923,0,47.565,-187.477,2.563,5,15,10,0,0,7.108,-3.748,-12.49,-17.038,-58.198,-6.305,11.513,-1.684,-9.846,-21.206,-51.16,14.763,-1.518,1.389,13.546,220.443,-204.702,211.053,2.579,4.194,-25.639,49.069,124.092,18.412,0,0
0,-6.827,0,46.035,-153.065,9.544,5,15,10,0,0,6.878,-2.081,-13.654,-25.847,-65.145,-9.069,12.95,0.175,-10.078,-24,-48.214,12.061,-1.959,5.494,-5.053,49.725,-74.351,8.427,2.203,4.898,-25.605,63.588,77.74,7.71,0,0
0,-6.472,0,44.852,-118.286,35.511,5,15,10,0,0,9.87,-3.003,-11.836,-28.031,-69.099,-12.153,11.867,-1.665,-11.142,-36.565,-36.626,10.366,-3.209,5.202,3.698,354.061,211.053,341.496,2.065,7.324,-26.139,62.504,38.427,-3.344,0,0
0,-6.014,0,44.053,-79.846,45.834,5,15,10,0,0,7.834,-5.657,-12.579,-15.053,-80.366,-16.641,12.356,-2.041,-10.392,-42.321,-34.656,12.198,-3.961,0.92,-0.968,285.176,60.565,-57.16,1.665,8.644,-24.841,50.489,-12.076,-16.84,0,0
0,-5.538,0,43.636,-41.725,47.573,5,15,10,0,0,9.053,-5.489,-11.218,-12.519,-80.779,-16.412,12.337,-2.297,-10.55,-43.939,-36.962,9.664,-3.406,6.021,-5.59,55.374,-134.794,-46.962,-1.375,8.622,-25.981,39.664,-56.55,-28.595,0,0
0,-5.052,0,43.629,-0.755,48.66,5,15,10,0,0,7.76,-3.157,-12.979,-13.969,-84.168,-18.855,13.482,-1.99,-9.76,-42.931,-38.763,7.817,5.063,16.698,4.637,43.71,443.099,-174.901,7.638,-0.024,-26.568,32.046,-88.702,-12.748,0,0
0,-4.604,0,44.065,43.602,44.746,5,15,10,0,0,9.865,-3.173,-13.254,-19.588,-78.718,-21.985,11.968,-1.502,-11.436,-44.351,-45.008,5.939,3.327,0.801,-11.846,-64.198,-292.901,-222.779,8.181,2.987,-21.847,17.344,-118.107,5.756,0,0
0,-4.136,0,44.867,80.2,46.852,5,15,10,0,0,9.848,-4.649,-11.989,-25.084,-81.756,-23.588,11.525,-1.3,-11.582,-48.031,-43.939,5.527,3.032,4.26,-13.604,-135.618,-307.374,-163.908,9.951,3.858,-14.897,-8.55,-125.237,14.885,0,0
0,-3.733,0,45.679,81.242,40.318,5,15,10,0,0,9.767,-3.688,-11.781,-31.038,-79.45,-23.618,12.294,-1.284,-10.964,-51.13,-42.947,2.611,1.106,17.018,28.319,438.214,313.878,-469.618,11.932,-8.256,-14.219,-88.901,-68.29,19.802,0,0
0,-3.345,0,45.918,23.872,38.75,5,15,10,0,0,10.998,0.702,-12.689,-45.481,-75.115,-24.168,13.745,-1.538,-10.818,-56.595,-38.794,-3.13,2.438,8.465,-26.925,237.282,-459.267,-43.725,15.074,-4.285,0.431,-153.847,-28.107,27.298,0,0
0,-2.923,0,45.599,-31.895,42.16,5,15,10,0,0,10.507,-5.14,-10.457,-50.733,-81.847,-29.374,14.871,-1.593,-10.066,-59.771,-33.863,-3.511,5.849,8.738,-15.73,-280.076,-313.298,-116.031,18.066,-10.378,-2.884,-126.534,-9.405,38.092,0,0
0,-2.455,0,45.247,-35.168,46.864,5,15,10,0,1,10.174,-5.212,-10.938,-51.45,-80.382,-29.221,13.939,-2.294,-10.744,-60.534,-28.366,-6.672,4.788,-2.5,-5.631,-186.427,-243.496,-295.756,11.738,-1.926,-9.398,-81.649,-38.229,26,0,1
0,-1.972,0,45.046,-20.13,48.328,15,5,10,0,1,12.294,-4.067,-10.675,-45.802,-78.29,-30.107,12.842,-2.888,-10.672,-53.969,-24.916,-8.534,3.49,-5.267,-0.874,-150.443,-57.328,-125.099,12.116,0.383,-19.412,-65.939,-69.985,-2.382,0,0
0,-1.408,0.662,45.17,12.417,56.385,15,5,10,0,1,10.186,-4.361,-10.078,-46.427,-86.855,-30.55,15.148,-2.045,-9.594,-46.687,-16.214,-11.939,2.144,-3.434,-1.253,-119.649,-62.137,-61.191,14.315,4.285,-15.639,-53.588,-85.893,-20.489,0,0
0,-0.682,1.286,45.357,18.665,72.533,15,5,10,0,1,9.645,-2.108,-11.791,-53.237,-93.221,-33.313,16.475,-0.134,-7.947,-43.038,-3.847,-15.023,4.84,-2.328,-1.324,-64.092,-73.481,-51.649,6.517,-1.586,-16.018,-24.733,-105.13,-24.779,0,0
0,0.303,1.871,45.679,32.238,98.534,15,5,10,0,1,9.523,-4.186,-8.89,-48.595,-102.779,-35.42,16.653,-1.09,-7.044,-45.771,8,-12.427,4.919,-1.188,-6.735,38.947,359.069,-430.534,9.815,2.644,-8.383,-16.153,-85.481,-16.107,0,0
0,1.46,2.417,45.891,21.229,115.7,15,5,10,0,1,10.208,-4.369,-8.066,-43.969,-105.664,-36.794,16.887,-1.116,-6.04,-47.298,21.053,-9.802,1.863,6.884,-23.399,103.557,-189.511,-95.756,8.78,-4.838,-14.583,-11.664,-58.534,-13.145,0,0
0,2.763,2.925,45.811,-7.977,130.326,15,5,10,0,1,9.465,-3.494,-7.437,-41.16,-103.313,-34.916,16.001,-0.719,-5.427,-41.588,30.901,-13.405,4.014,8.374,-21.34,83.038,-429.634,-173.924,12.411,-4.697,-13.539,3.618,-48.336,-10,0,0
0,4.258,3.394,45.21,-60.104,149.437,15,5,10,0,1,6.867,-4.34,-5.911,-46.672,-114.824,-36.947,15.63,-0.345,-5.274,-33.069,48.214,-13.145,4.249,3.466,-14.77,15.313,-268.656,-131.237,13.11,-4.931,-19.706,4.29,-28.931,-19.481,0,0
0,5.976,3.824,44.156,-105.458,171.799,15,5,10,0,1,7.841,-5.279,-6.931,-46.947,-119.42,-34.733,13.817,-0.213,-5.719,-28.336,64.779,-12.244,2.462,6.123,-17.196,71.496,424.84,-104.183,10.842,-2.359,-14.076,28.626,-17.511,-19.527,0,0
0,8.056,4.215,42.698,-145.764,207.997,15,5,10,0,1,5.904,-4.438,-12.183,-49.511,-136.595,-37.74,15.548,0.148,-2.766,-34.092,94.443,-15.664,0.795,20.11,-20.583,46.794,372.076,-25.344,17.855,1.506,-11.992,23.359,19.573,-17.908,0,0
0,10.531,4.567,40.538,-216.065,247.582,15,5,10,0,1,11.798,-5.236,-9.475,-36.672,-141.176,-35.389,12.016,-0.259,-5.444,-36.687,112.198,-17.679,4.316,9.373,-21.852,64.305,-386.931,270.656,10.083,1.054,-10.77,30.916,32.565,-11.099,0,0
0,13.288,4.881,37.762,-277.588,275.677,15,5,10,0,1,8.586,-9.791,-10.955,-29.053,-165.954,-33.603,12.399,-0.41,-5.446,-34.656,136.214,-18.427,2.323,7.071,-18.164,10.763,240.412,0.977,9.235,-3.837,-13.877,60.351,59.267,-9.45,0,0
0,16.434,5.156,34.546,-321.557,314.622,15,5,10,0,1,10.03,-6.761,-16.887,-23.42,-180.763,-25.924,17.51,-3.3,-5.932,-22.351,160.489,-21.511,2.323,7.071,-18.164,1.145,-377.344,88.794,9.908,-0.764,-8.081,79.618,54.137,-4.947,0,0
0,19.99,5.393,31.1,-344.605,355.557,15,5,10,0,1,9.947,-4.845,-20.403,0.901,-201.893,-27.008,18.449,-6.182,-7.223,-16.687,178.947,-13.908,0.323,1.787,-15.898,6.733,197.985,3.053,7.621,-5.662,-8.256,109.069,54.458,-20.885,0,0
0,24.146,5.59,27.486,-361.394,415.65,15,5,10,0,1,9.087,-5.31,-18.518,26.885,-220.336,-31.435,18.322,-5.087,-8.816,2.458,203.389,-1.893,0.338,2.306,-14.856,8.198,125.191,100.885,4.85,-7.013,-17.462,138.794,31.252,-19.481,0,0
0,28.681,5.749,24.227,-325.917,453.427,15,5,10,0,1,16.672,-13.24,-13.985,63.954,-214.458,-38.55,15.34,-4.256,-12.662,17.71,220.992,19.115,4.167,2.504,-21.479,157.038,376.305,123.237,8.047,-0.616,-14.198,140.092,22.397,-14.198,0,0
0,33.456,5.869,21.473,-275.391,477.54,15,5,10,0,1,12.627,-2.994,-18.384,83.389,-221.496,-35.099,7.863,-5.784,-14.334,45.13,217.435,35.679,9.199,0.438,-11.084,20.992,-336.244,15.725,6.349,7.954,-13.17,94.748,10.168,-17.023,0,0
0,38.264,5.95,19.422,-205.101,480.802,15,5,10,0,1,6.258,-4.175,-27.212,113.588,-202.718,-44.092,18.315,-6.68,-9.925,38.015,249.13,46.244,8.426,3.775,-11.314,34.382,-144.992,-1.618,8.668,8.555,-12.138,46.58,5.313,-20.473,0,0
0,43.241,5.993,17.917,-150.49,497.693,15,5,10,0,1,9.515,-6.845,-21.091,109.786,-233.176,-43.847,15.505,0.163,-11.563,83.023,230.672,84.122,5.997,6.514,-13.221,34.351,-124.366,-12.58,8.912,6.141,-9.379,-3.954,1.084,-23.328,0,0
0,48.171,5.997,16.712,-120.564,492.944,15,5,10,0,1,11.082,-8.828,-17.014,114.397,-229.756,-43.557,13.956,-2.007,-14.914,61.282,240.626,86.687,4.833,7.852,-17.019,112.29,-484.534,-308.031,9.099,2.225,-9.451,-18.962,5.374,-24.519,0,0
0,52.923,5.962,15.635,-107.62,475.274,15,5,10,0,1,14.976,2.682,-27.076,163.374,-164.977,-33.695,13.949,-8.306,-14.868,60.992,232,89.008,1.075,8.11,-14.361,7.435,-464.321,-99.664,10.409,0.924,-8.507,-15.847,8.824,-21.511,0,0
0,56.999,5.888,14.471,-116.478,407.605,15,5,10,0,1,10.895,-7.178,-17.62,179.756,-145.053,-34.031,15.335,-1.835,-15.587,73.45,236.351,101.74,1.902,6.473,-16.914,55.557,37.481,-374.962,11.012,0.22,-8.136,-2.779,14.397,-19.634,0,0
0,60.574,5.776,13.222,-124.821,357.48,15,5,10,0,1,12.049,-2.002,-16.739,162.977,-109.878,-38.519,12.667,-2.563,-14.411,88.137,234.87,97.237,3.628,2.775,-16.535,43.282,-480.626,-293.13,10.141,-4.062,-10.478,41.008,11.435,-11.359,0,0
0,63.628,5.625,12.94,-28.233,305.409,15,5,10,0,1,8.541,1.162,-18.023,151.832,-75.023,-41.13,13.738,-2.929,-11.237,95.908,231.038,90.366,8.44,9.211,-6.658,106.641,-138.763,-117.924,19.227,7.947,0.556,93.939,-39.023,8.26,0,0
0,66.411,5.435,13.402,46.177,278.252,15,5,10,0,1,7.801,1.039,-17.584,139.099,-47.557,-40.229,12.744,-1.006,-11.326,106.473,225.053,79.634,0.671,32.955,-8.488,-169.298,247.679,-372.275,11.125,16.415,-5.307,12.626,-8.26,-9.618,0,0
0,68.927,5.207,12.9,-50.205,251.668,15,5,10,0,1,6.881,0.041,-16.715,114.183,-28.214,-35.145,12.756,0.275,-11.484,106.748,223.939,67.267,-7.118,5.141,-27.859,330.977,126.031,-277.252,15.639,-1.921,-7.346,-51.863,51.603,-24.87,0,0
0,71.183,4.939,11.028,-187.123,225.575,15,5,10,0,1,5.154,-1.26,-14.744,89.74,-5.267,-26.626,16.25,-0.249,-11.022,101.618,227.817,52.26,-4.431,6.758,-25.129,198.794,471.435,268.702,5.461,-19.716,-15.671,36.977,32.687,-11.13,0,0
0,73.354,4.633,9.065,-196.312,217.095,15,5,10,0,1,3.901,2.297,-17.721,44.809,20.473,-24.977,15.733,0.668,-10.588,88.076,229.481,40.153,1.818,-1.504,-8.014,23.908,-117.511,-32,1.667,-6.103,-15.867,141.679,-7.786,4.504,0,0
0,75.321,4.288,7.623,-144.264,196.736,15,5,10,0,1,3.53,1.609,-17.33,10.336,50.702,-20,13.486,0.771,-10.636,83.405,224.992,25.038,9.711,-11.603,-11.055,408.656,43.115,65.954,9.973,8.217,-11.029,130.351,-15.099,2.427,0,0
0,77.079,3.905,6.616,-100.708,175.736,15,5,10,0,1,2.984,0.249,-17.194,-18.458,76.916,-13.511,11.048,0.671,-11.568,72.702,215.603,10.275,0.896,7.316,-15.098,212.504,-386.198,375.45,10.675,8.895,-7.813,82.885,-5.603,-3.771,0,0
0,78.47,3.483,5.924,-69.203,139.138,15,5,10,0,1,0.697,-1.82,-15.891,-46.748,89.511,-11.771,8.687,1.231,-10.234,57.191,204.458,5.405,7.175,0.981,-26.786,-18.962,-211.557,-38.351,8.031,8.347,-7.245,32.87,-4.183,-8.458,0,0
0,79.379,3.022,5.458,-46.532,90.843,15,5,10,0,1,0.079,0.259,-17.017,-48.107,126.977,-2.824,9.429,0.141,-9.762,51.481,192.763,-15.557,4.392,3.857,-21.512,200.656,-265.298,-15.695,8.327,-1.104,-12.011,7.618,-6.916,-10.84,0,0
0,79.782,2.522,5.221,-23.769,40.329,15,5,10,0,1,0.575,-3.669,-16.538,-48.076,150.977,-3.389,10.224,0.639,-9.673,47.511,176.672,-22.565,7.334,9.051,-12.514,66.305,-121.649,1.221,4.321,0.192,-11.362,11.725,-21.328,-9.74,0,0
0,79.862,1.983,5.228,0.732,8.057,15,5,10,0,1,3.825,-1.356,-17.412,-46.275,177.679,-3.893,9.214,-0.139,-11.932,40.427,164.351,-29.099,1.973,9.084,-14.188,46.977,-249.908,-54.107,11.309,5.053,-6.965,-3.145,-16.763,-9.695,0,0
0,79.635,1.406,5.242,1.431,-22.785,15,5,10,0,1,3.094,-6.055,-14.998,-23.237,199.603,-1.786,7.451,0.486,-12.864,38.076,152.076,-24.748,4.146,9.427,-13.898,25.695,-51.496,-9.725,10.184,4.031,-8.991,-10.26,-20.84,-11.16,0,0
0,78.99,0.79,5.268,2.598,-64.453,15,5,10,0,1,2.802,-1.518,-19.196,-2.229,226.473,1.954,5.506,0.52,-12.461,43.74,139.237,-28.366,4.072,8.696,-12.284,10.107,-49.802,-10.336,9.875,4.311,-9.156,-21.069,-26.061,-10.779,0,0
0,77.965,0.136,5.301,3.296,-102.471,15,5,10,0,1,1.188,-1.844,-18.83,16,241.099,-1.282,6.062,-0.467,-12.44,42.26,125.405,-22.153,0.929,9.032,-14.739,2.718,-54.321,-13.099,10.239,2.067,-8.938,-26.122,-27.481,-11.878,0,0
0,76.654,0,5.26,-4.086,-131.115,15,5,10,0,1,0.913,-0.335,-19.167,26.58,254.763,-5.817,6.277,-1.245,-12.219,44.137,111.221,-17.282,1.37,8.066,-14.313,-8.015,-58.58,-12.397,9.81,1.499,-8.957,-23.939,-33.725,-11.237,0,0
0,75.142,0,5.253,-0.71,-151.257,15,5,10,0,1,1.485,-2.405,-18.02,30.504,263.557,-13.45,5.269,-0.565,-12.521,47.237,99.45,-8.977,7.659,5.437,-9.798,-20.489,-59.557,-11.237,8.838,0.898,-8.747,-12.718,-42.947,-8.351,0,0
0,73.501,0,5.155,-9.853,-164.063,15,5,10,0,1,0.273,-1.811,-19.098,32.779,269.42,-17.191,4.876,-0.412,-12.066,51.252,89.405,-5.038,2.134,6.924,-13.752,-11.313,-62.977,-11.618,12.868,2.934,-6.476,-17.176,-37.252,-10.031,0,0
0,71.739,0,4.803,-35.168,-176.171,15,5,10,0,1,0.601,-1.509,-19.294,24.305,268.153,-20.153,4.977,-0.654,-11.973,57.496,78.183,-1.435,2.359,3.293,-14.995,-5.237,-74.901,-14.229,11.355,-0.783,-11.918,-17.359,-27.069,-11.527,0,0
0,69.923,0,4.349,-45.399,-181.652,15,5,10,0,1,0.845,-2.376,-19.148,18.855,271.099,-24.321,5.377,-0.314,-11.817,62.794,69.573,-0.26,2.244,3.312,-14.475,-1.42,-77.679,-9.038,11.417,0.41,-7.619,-10.458,-27.939,-9.771,0,0
0,68.044,0,3.792,-55.699,-187.878,15,5,10,0,1,2.244,-2.055,-19.955,8.168,267.328,-26.992,5.782,-0.592,-9.559,73.878,62.305,0.366,3.401,8.116,-14.557,22.489,-160.229,-15.969,7.901,-1.648,-9.022,12.504,-27.282,-7.649,0,0
0,66.151,0,3.21,-58.182,-189.263,15,5,10,0,0,4.045,-2.876,-19.915,3.634,268.824,-27.374,6.232,-1.499,-10.497,81.191,55.893,-3.252,4.376,3.046,-12.164,28.26,-76.87,-6.611,10.028,-0.364,-7.489,31.527,-28.748,-2.198,0,0
0,64.202,0,2.704,-50.606,-194.893,15,5,10,0,0,3.09,-2.251,-21.083,-0.015,262.779,-27.939,6.567,-0.639,-9.23,89.939,47.939,-7.939,3.696,4.141,-13.426,47.069,-71.527,-9.16,10.651,1.942,-7.058,41.939,-29.603,0.427,0,0
0,62.251,0,2.313,-39.162,-195.122,15,5,10,0,0,4.122,-4.064,-20.063,5.389,257.679,-25.45,5.853,-0.457,-8.033,86.321,41.573,-12.58,6.835,6.443,-10.107,62.519,-63.786,-6.489,6.742,1.159,-9.961,48.855,-41.695,1.74,0,0
0,60.317,0,2.081,-23.106,-193.394,15,5,10,0,0,5.394,-4.989,-20.877,12.718,252.122,-23.863,7.654,1.384,-6.744,81.221,39.099,-18,7.058,5.463,-10.876,76.244,-59.282,-8.733,4.821,2.544,-11.099,48.855,-49.557,0.061,0,0
0,58.34,0,2.081,-0,-197.72,15,5,10,0,0,5.947,-4.273,-22.401,25.252,249.847,-20.015,5.592,1.861,-8.598,70.962,32.305,-22.565,3.856,14.017,-16.655,154.489,-429.695,-114.931,9.233,4.036,-8.098,35.557,-53.481,0.55,0,0
0,56.329,0,2.166,8.503,-201.119,15,5,10,0,0,5.037,-4.134,-22.911,28.87,238.855,-16.947,5.475,0.927,-7.779,61.145,26.015,-24.321,3.269,7.197,-15.287,69.389,-119.16,-32.55,10.064,2.065,-9.02,24.061,-52.504,-0.168,0,0
0,54.271,0,2.162,-0.446,-205.765,15,5,10,0,0,3.854,-2.728,-24.432,31.817,226.29,-13.13,5.013,2.041,-7.214,50.046,15.42,-23.527,2.354,7.381,-13.743,63.374,-112.076,-40.55,13.75,-0.975,-8.033,31.45,-61.389,1.023,0,0
0,52.253,0,2.192,3.01,-201.794,15,5,10,0,0,3.329,-4.081,-22.87,23.481,207.847,-10.153,4.919,1.823,-5.164,37.618,5.664,-17.725,1.073,7.104,-15.237,62.794,384.718,-42.809,10.2,-0.041,-7.42,37.252,-60.153,2.565,0,0
0,50.272,0,2.195,0.286,-198.098,15,5,10,0,0,2.606,-4.333,-23.43,12.595,191.16,-4.397,5.489,1.847,-4.608,28.718,-5.71,-14.611,3.753,4.654,-12.021,58.794,-60.26,-16.901,8.941,-0.58,-7.963,49.344,-65.634,4.672,0,0
0,48.346,0,2.217,2.209,-192.673,15,5,10,0,0,3.363,-5.612,-22.52,-6.962,165.74,0.824,5.013,1.392,-3.14,20.183,-17.939,-10.046,3.166,6.616,-15.041,125.542,-117.695,-45.435,10.097,0.278,-8.498,59.191,-66.855,9.359,0,0
0,46.533,0,2.338,12.119,-181.286,15,5,10,0,0,3.688,-4.289,-23.038,-17.206,145.252,11.466,4.85,-0.141,-2.527,14.397,-33.802,-14.885,8.567,6.493,-10.356,62.458,-46.718,1.985,6.205,-0.005,-13.429,67.893,-81.221,12.718,0,0
0,44.819,0,2.778,43.968,-171.376,15,5,10,0,0,3.451,-4.541,-21.799,-37.771,117.45,17.588,4.764,2.694,-3.758,10.214,-46.473,-12.26,4.848,8.727,-13.553,54.794,-37.771,1.16,8.744,7.235,-7.683,53.863,-88.718,13.695,0,0
0,43.244,0,3.334,55.653,-157.46,15,5,10,0,0,2.733,-4.658,-23.052,-53.466,94.153,26.366,6.268,1.394,-2.642,-0.382,-56.702,-15.267,4.768,0.792,-19.131,82.885,-110.046,11.969,10.871,3.308,-10.818,23.481,-92.443,9.618,0,0
0,41.82,0,3.95,61.512,-142.456,15,5,10,0,0,1.655,-2.74,-24.532,-72.137,64.366,31.359,6.881,1.547,-2.611,-10.672,-66,-16.626,4.821,8.878,-15.623,27.664,-28.29,4.87,10.471,1.439,-11.867,10.244,-95.893,9.557,0,0
0,40.582,0,4.689,73.952,-123.768,15,5,10,0,0,10.399,-4.974,-20.849,-75.832,56.87,20.443,12.049,0.242,-1.396,-34.656,-58.351,-18.412,5.389,7.693,-14.538,13.405,-24.794,8.427,10.66,0.204,-11.319,5.206,-98.718,9.359,0,0
0,39.512,0,5.524,83.473,-106.968,15,5,10,0,0,3.24,-2.967,-29.753,-88.366,11.542,17.206,10.069,-0.386,-2.474,-21.008,-56.916,-5.359,3.334,6.616,-22.322,14.641,-185.16,57.771,11.812,1.253,-8.706,-0.122,-104.962,12.916,0,0
0,38.792,0,6.349,82.478,-72.064,15,5,10,0,0,-7.947,0.225,-38.016,-70.718,-35.527,15.221,9.084,1.614,-1.983,-29.069,-65.374,-0.748,5.849,6.256,-11.985,4.214,-18.397,7.985,11.527,-1.835,-10.581,6.244,-111.359,14.26,0,0
0,38.601,0,7.231,88.234,-19.077,15,5,10,0,0,0.699,-3.791,-28.726,-52.947,-90.748,0.58,5.607,-1.607,-5.418,-29.176,-77.74,23.099,5.312,3.842,-13.517,9.099,-20,23.115,12.842,-0.999,-9.412,9.176,-107.863,18.443,0,0
0,38.752,0,8.146,91.53,15.049,15,5,10,1,0,2.311,-1.657,-19.874,-31.13,-106.733,-12.748,10.229,-4.093,-5.365,-22.031,-87.496,33.145,5.638,5.212,-12.042,1.237,-24.305,24.397,13.209,0.968,-7.202,13.298,-114.214,22.763,1,0
0,39.044,0,9.014,86.781,29.228,5,15,10,1,0,6.098,-5.013,-7.935,2.244,-95.893,-18.779,12.998,-5.937,-6.392,5.618,-83.542,43.832,6.924,5.65,-10.79,21.496,-13.511,15.13,11.755,-0.251,-10.916,15.328,-109.282,22.992,0,0
0.659,39.337,0,9.922,90.832,29.285,5,15,10,1,0,10.849,-12.011,-2.326,35.786,-73.389,-14.916,13.946,-3.954,-8.608,35.679,-65.191,62.87,8.05,6.404,-10.881,15.405,-18.321,32.458,15.814,0.455,-6.57,15.481,-118.733,26.046,0,0
1.279,39.659,0,10.871,94.86,32.261,5,15,10,1,0,13.75,-2.275,-7.52,48.931,-57.038,-4.519,10.327,-2.582,-9.616,71.069,-49.42,69.527,11.494,4.752,-10.061,22.458,-4.733,37.74,13.814,-0.996,-8.181,27.237,-125.649,25.237,0,0
1.862,40.202,0,12.036,116.467,54.245,5,15,10,1,0,7.451,-2.515,-14.368,35.893,-74.901,-2.779,8.421,-0.158,-5.456,90.168,-34.779,76.763,11.937,4.806,-12.239,63.878,8.855,76.58,14.406,-0.798,-7.506,29.206,-131.038,24.55,0,0
2.405,40.831,0,13.438,140.213,62.931,5,15,10,1,0,4.045,-3.806,-21.795,43.74,-91.542,1.557,5.324,0,-5.76,92.595,-45.542,74.794,10.792,6.62,-10.464,29.435,52.885,24.885,18.571,0.228,-3.365,10.977,-137.252,22.733,0,0
2.911,41.329,0,14.907,146.874,49.828,5,15,10,1,0,7.283,0.273,-24.508,51.649,-92.534,-0.153,3.609,-0.81,-6.543,87.878,-70.458,59.42,11.74,4.857,-8.601,21.221,39.664,9.481,15.434,-0.551,-3.818,0.687,-141.374,20.198,0,0
3.378,41.366,0,16.544,163.708,3.651,5,15,10,1,0,7.865,-3.25,-18.928,71.389,-73.176,2.718,7.894,-1.677,-8.074,62.779,-91.13,37.649,15.422,7.717,-3.006,5.374,65.756,12.031,14.183,-1.95,-3.672,5.282,-156.58,18.046,0,0
3.807,40.806,0,18.565,202.126,-56.03,5,15,10,1,0,10.382,-0.424,-16.174,61.084,-51.191,6.122,12.665,1.581,-9.592,41.695,-104.733,25.008,8.057,11.755,2.314,-26.107,182.779,11.695,16.301,2.335,-1.636,-2.427,-156.641,19.588,0,0
4.198,39.641,0,21.019,245.385,-116.478,5,15,10,1,0,10.246,3.48,-17.917,31.771,-28.061,16.458,14.677,2.776,-10.129,4.947,-126.427,16.122,9.685,8.854,-3.787,-27.847,117.527,7.557,17.864,2.156,-3.319,-18.687,-156.641,16.046,0,0
4.55,38.067,0,23.779,276.066,-157.425,5,15,10,1,0,13.335,2.038,-15.953,-15.71,-7.099,24.702,15.012,2.627,-8.785,-9.832,-146.336,14.412,10.351,7.413,-4.129,-46.382,286.168,20.641,17.168,5.085,-0.843,-44.916,-161.389,13.969,0,0
4.865,36.096,0,26.764,298.474,-197.045,5,15,10,1,0,7.652,4.254,-19.232,-57.053,11.359,36.809,10.327,2.955,-11.573,-24.198,-164.382,4.015,9.594,7.312,-6.488,-34.015,169.069,15.053,13.654,0.189,-11.369,-44.153,-150.855,11.359,0,0
5.14,33.888,0,30.236,347.157,-220.814,5,15,10,1,0,9.963,1.475,-16.468,-112.977,25.267,35.252,10.382,0.965,-14.665,-55.282,-179.863,1.817,8.234,4.009,-8.435,-103.511,-202.26,15.389,15.359,8.445,-11.091,-58.366,-186.702,17.176,0,0
5.378,31.328,0,34.026,379.063,-255.948,5,15,10,1,0,9.005,2.745,-16.032,-130.672,38.611,40.137,9.602,1.514,-10.49,-72.656,-186.763,-3.878,7.963,4.628,-14.145,-154.84,404.992,-15.237,16.629,8.476,-14.902,-96.718,-194.351,8.366,0,0
5.577,28.421,0,38.044,401.78,-290.795,5,15,10,1,0,2.979,-1.65,-13.941,-139.099,48.87,39.053,5.013,-0.089,-11.213,-72.626,-199.74,-4.046,8.359,4.959,-17.929,-227.267,421.298,-37.069,15.884,6.397,-17.062,-130.427,-208.885,8.58,0,0
5.738,25.128,0,42.401,435.712,-329.236,5,15,10,1,0,10.509,-1.861,-14.399,-158.794,58.504,44.244,7.01,2.749,-8.783,-76.809,-206.962,-0.183,9.599,9.652,-15.354,-138.137,226.992,-33.466,14.648,6.663,-15.726,-161.939,-213.252,18.29,0,0
5.86,21.832,0,46.903,450.143,-329.568,5,15,10,1,0,12.241,-3.909,-13.846,-165.878,48.26,40.198,8.155,-0.103,-6.696,-84.901,-207.344,-4.779,8.78,12.419,-42.229,-195.038,-88.687,-473.16,14.808,3.497,-15.726,-177.557,-198.733,19.634,0,0
5.945,18.745,0,51.484,458.142,-308.774,5,15,10,1,0,2.342,-2.618,-17,-154.779,16.84,36.718,11.635,-0.443,-6.014,-91.435,-193.588,-8.458,6.069,4.656,-20.097,-143.939,493.481,-165.985,15.74,5.564,-11.084,-182.183,-180.412,16.137,0,0
5.991,16.284,0,55.93,444.547,-246.083,5,15,10,1,0,7.666,-6.603,-15.45,-115.374,12.55,30.229,14.121,0.232,-7.305,-106.855,-174.84,-5.756,6.807,4.237,-19.131,-137.099,-498.55,-188.031,15.046,1.94,-14.502,-173.191,-169.649,15.298,0,0
5.998,14.281,0,60.353,442.384,-200.249,5,15,10,1,0,4.191,-8.677,-15.936,-67.45,9.817,32.275,12.349,-1.408,-11.017,-107.847,-157.817,7.893,4.986,-0.836,-20.238,-111.023,252.733,-90.046,12.567,3.892,-16.478,-150.947,-152.382,10.916,0,0
5.968,12.575,0,64.627,427.323,-170.655,5,15,10,1,0,7.434,-4.821,-13.532,-54.962,10.733,30.229,12.282,-4.488,-10.061,-107.908,-152.611,21.893,5.657,3.272,-17.139,-92.107,251.374,-96.336,13.036,-2.436,-18.099,-138.901,-137.603,3.466,0,0
5.899,11,0,68.634,400.716,-157.494,5,15,10,1,0,5.518,-5.616,-15.096,-38.947,13.588,29.954,9.022,-4.639,-11.125,-96.687,-158.748,29.237,8.256,4.342,-16.212,-76.611,243.771,-64.183,12.837,-0.747,-11.8,-103.374,-110.885,5.893,0,0
5.791,9.483,0,72.091,345.692,-151.669,5,15,10,1,0,8.042,-5.76,-13.335,-43.557,9.863,22.962,9.846,-5.494,-9.214,-86.718,-158.534,33.008,0.69,5.103,-13.307,-119.786,469.939,-113.282,14.895,-2.788,-9.077,-61.099,-69.511,7.527,0,0
5.646,7.931,0,74.877,278.641,-155.251,5,15,10,1,0,7.084,-5.394,-13.228,-44.779,10.656,23.145,7.518,-5.355,-10.488,-71.237,-159.42,30.427,9.635,5.168,-13.209,-41.496,447.954,-38.26,13.467,-4.852,-9.915,-14.137,-4.809,15.573,0,0
5.462,6.203,0,76.928,205.079,-172.806,5,15,10,1,0,4.249,-2.158,-14.538,-40.55,13.405,21.267,7.219,-3.846,-8.972,-60.473,-161.191,21.74,7.041,3.331,-14.016,-37.618,-181.023,-36.397,10.107,-4.761,-10.883,27.344,46.504,16.504,0,0
5.24,4.499,0,78.367,143.898,-170.323,5,15,10,1,0,11.242,-6.155,-12.38,-46.824,21.847,14.611,6.593,-4.201,-9.879,-53.817,-159.344,16.779,4.68,3.909,-14.313,-27.481,197.924,18.718,9.458,-3.54,-12.018,71.588,82,18.748,0,0
4.979,2.735,0,79.356,98.866,-176.468,5,15,10,1,0,5.722,-2.429,-14.14,-45.634,17.176,13.985,7.583,-2.623,-9.226,-48.733,-158.412,9.603,3.645,1.779,-14.959,-22.992,188.015,24.031,6.261,-2.723,-15.752,100.229,106.641,16.962,0,0
4.681,1.141,0,80.114,75.829,-159.348,5,15,10,1,0,7.149,-7.336,-12.665,-36.611,15.237,7.893,10.744,-2.486,-10.608,-57.954,-149.328,8.015,2.112,1.29,-21.239,-19.786,365.191,61.802,6.754,0.845,-15.18,100.473,126.718,12.992,0,0
4.344,-0.371,0,80.579,46.52,-151.234,5,15,10,1,0,8.684,-6.388,-12.325,-8.855,15.191,9.42,9.817,-1.614,-11.304,-55.008,-144.489,8.84,1.509,1.497,-15.793,6.031,180.305,30.58,6.035,1.847,-14.852,90.763,139.389,8.58,0,0
3.968,-1.737,0,80.902,32.261,-136.597,5,15,10,1,0,6.728,-3.47,-13.331,-6.489,9.42,9.313,11.075,-1.966,-12.394,-53.084,-139.603,9.328,2.179,7.217,-29.152,122.992,-156.336,481.466,5.81,1.001,-14.317,63.969,166.672,8.489,0,0
3.555,-3.001,0,81.095,19.363,-126.366,5,15,10,1,0,6.443,-6.737,-12.9,14.076,10.595,10.26,9.776,-1.849,-11.465,-30.687,-139.42,9.817,0.759,2.476,-16.114,20.397,344.122,20.885,4.004,-5.65,-19.443,55.71,185.374,16.595,0,0
3.103,-4.238,0,81.151,5.528,-123.745,5,15,10,1,0,8.33,-2.136,-11.714,18.565,12.031,11.511,7.496,-2.646,-12.227,-21.084,-141.603,7.344,-0.144,4.426,-16.708,28.244,332.458,36.153,6.455,-0.563,-14.234,31.878,201.374,26.137,0,0
2.612,-5.417,0,81.004,-14.648,-117.932,5,15,10,1,0,3.846,-2.596,-11.872,3.298,-4.947,8.809,11.53,-0.453,-10.945,-8.947,-132.351,2.458,0.038,1.517,-41.443,212.55,-388.641,26.626,6.761,2.074,-11.434,9.847,211.695,28.198,0,0
2.084,-6.366,0,80.51,-49.427,-94.895,5,15,10,1,0,6.423,-5.489,-10.828,8.382,-7.252,6.763,13.091,1.552,-10.308,-8.168,-118.031,0.183,0.378,3.395,-38.32,135.115,452.885,42.015,8.96,0.817,-14.358,-10.092,243.374,31.176,0,0
1.517,-7.128,0,79.635,-87.525,-76.161,5,15,10,1,0,9.573,-4.165,-10.543,14.84,-9.496,6.733,12.873,-0.802,-9.645,-10.916,-98.534,-0.748,-1.214,5.825,-16.815,5.313,277.191,4.214,5.358,-2.977,-16.765,-21.496,260.244,37.969,0,0
0.912,-7.735,0,78.462,-117.222,-60.734,5,15,10,1,0,7.734,-5.691,-9.832,15.359,-18.748,7.924,12.854,0.326,-10.186,-10.076,-85.115,0.763,-0.156,7.416,-22.911,-10.687,-500.168,-65.954,7.726,0.105,-13.776,-23.679,277.527,49.756,0,0
0.268,-8.058,0,76.954,-150.868,-32.295,5,15,10,1,0,2.934,-3.607,-11.036,5.71,-29.374,6.702,15.474,1.023,-7.372,-6.947,-66.702,-1.557,0.565,7.348,-15.992,-22.229,233.481,-8.641,7.736,-0.06,-15.733,-21.847,293.267,59.374,0,0
0,-8.039,0,75.159,-179.444,1.888,5,15,10,1,0,6.843,-6.95,-8.826,10.962,-40.351,3.756,14.358,-0.726,-7.302,-9.832,-53.939,1.405,-2.033,5.616,-17.304,-32.916,416.595,-16.977,6.217,0.505,-17.891,-16.504,300.595,64.412,0,0
0,-7.875,0,73.09,-206.955,16.468,5,15,10,1,0,9.027,-6.294,-8.84,25.298,-33.405,5.664,7.288,-3.705,-9.415,2.901,-57.679,7.863,-1.791,6.892,-41.376,-375.45,-261.511,-10.992,8.318,1.344,-17.335,-27.145,315.908,68.733,0,0
0,-7.989,0,70.82,-226.994,-11.398,5,15,10,1,0,1.53,-0.98,-12.15,7.939,-44.183,6.58,10.756,-1.001,-6.256,15.695,-69.313,6.122,-2.16,5.677,-24.276,-110.046,164.809,-11.359,7.662,3.576,-15.798,-25.069,320.748,72.779,0,0
0,-7.992,0,68.304,-251.553,-0.309,5,15,10,1,0,6.991,-6.059,-8.074,-6.595,-49.481,0.458,10.756,-1.526,-6.277,9.954,-65.328,9.45,-3.355,5.779,-19.467,-72.305,64.107,-8.794,4.038,-0.187,-19.737,-16.244,320.153,72.229,0,0
0,-8.003,0,65.612,-269.223,-1.156,5,15,10,1,0,6.586,-6.177,-8.953,-3.969,-53.023,-0.824,12.136,-1.95,-6.409,4.687,-60.611,12.687,-4.73,7.397,-28.17,-198.198,98.611,-2.473,5.633,-0.936,-21.249,-19.328,328.885,71.298,0,0
0,-8.079,0,62.825,-278.676,-7.61,5,15,10,0,0,7.683,-7.053,-9.194,-3.679,-53.802,-1.969,10.033,-2.886,-7.171,1.893,-59.878,17.939,-3.928,3.246,7.798,76.458,357.725,-69.863,8.675,2.946,-19.366,-11.756,323.863,68.794,0,0
0,-8.292,0,60.02,-280.495,-21.252,5,15,10,0,0,3.348,-2.673,-13.024,-12.855,-60.153,-2.122,12.363,-0.994,-6.294,1.679,-65.939,16.992,-0.936,4.421,-13.661,-114.565,70.901,331.603,3.885,0.256,-23.529,-0.443,307.756,64.687,0,0
0,-8.439,0,57.2,-281.994,-14.683,5,15,10,0,0,4.316,-4.881,-12.751,-25.924,-67.573,-5.542,13.647,0.577,-7.7,-10.931,-61.603,18.534,-2.783,4.6,-14.25,-200,125.069,215.939,6.878,5.487,-21.479,-5.389,293.389,57.817,0,0
0,-8.38,0,54.42,-277.989,5.859,5,15,10,0,0,6.632,-7.238,-10.933,-18.824,-73.634,-6.519,11.836,-1.03,-9.276,-21.908,-51.634,25.374,-2.881,1.394,-9.961,-70.412,27.145,58.076,6.179,3.025,-22.846,-3.771,270.672,50.137,0,0
0,-8.355,0,51.703,-271.74,2.563,5,15,10,0,0,6.974,-4.043,-13.347,-8.962,-69.298,-2.26,10.555,0.287,-9.772,-30.168,-57.481,28.046,-2.814,1.708,-7.365,-26.351,18.443,137.954,5.784,0.735,-25.38,2.962,247.405,44.321,0,0
0,-8.211,0,49.147,-255.604,14.317,5,15,10,0,0,4.359,-0.156,-14.212,-30.962,-77.924,-2.015,13.434,1.758,-9.685,-45.389,-49.985,24.122,-3.2,1.399,-5.051,12.931,-4.885,13.832,4.802,1.291,-25.411,22.534,211.221,38.901,0,0
0,-7.779,0,46.825,-232.155,43.213,5,15,10,0,0,3.911,-6.294,-11.932,-35.573,-91.618,-6.962,12.543,1.54,-9.65,-58.901,-34.885,30.382,-5.044,3.758,-7.652,45.466,-26.855,7.939,5.48,2.35,-26.8,34.916,182.076,32,0,0
0,-7.175,0,44.822,-200.329,60.402,5,15,10,0,0,8.517,-3.985,-13.268,-28.733,-92.076,-9.42,11.946,-2.723,-10.502,-69.374,-30.55,29.267,-3.533,3.233,-6.948,50.84,-45.649,55.084,4.318,5.219,-24.623,52.382,135.298,23.985,0,0
0,-6.501,0,43.082,-173.973,67.417,5,15,10,0,0,8.428,-4.129,-12.821,-24.595,-94.855,-12.107,11.8,-2.606,-10.952,-68.809,-31.328,26.687,-2.661,5.81,-7.408,54.611,-112.55,94.656,2.464,6.33,-25.667,63.557,94.443,13.756,0,0
0,-5.842,0,41.588,-149.391,65.918,5,15,10,0,0,9.305,-4.026,-12.761,-22.947,-92.931,-15.084,11.958,-1.483,-10.933,-61.374,-33.863,21.802,-3.794,1.533,-5.336,414.519,417.099,85.496,4.16,5.837,-25.524,65.786,52.473,-2.84,0,0
0,-5.26,0,40.442,-114.613,58.205,5,15,10,0,0,11.058,-3.2,-13.367,-21.74,-84.931,-16.092,9.257,-1.02,-12.061,-59.405,-38.611,20.168,1.095,6.323,1.092,63.618,374.962,0,9.559,1.502,-23.16,71.069,8.26,-7.557,0,0
0,-4.737,0,39.677,-76.573,52.322,5,15,10,0,0,8.555,-3.233,-13.484,-24.947,-87.16,-18.687,9.185,-2.637,-12.272,-56.626,-44.58,13.924,6.134,6.845,-4.507,28.809,-154.718,16.672,5.281,2.57,-25.162,82.656,-37.16,4.718,0,0
0,-4.183,0,39.436,-24.09,55.321,5,15,10,0,0,9.853,-3.027,-12.658,-36.351,-92.885,-20.977,11.63,0.604,-10.713,-62.534,-40.412,13.481,2.302,9.369,-7.434,6.55,-142.351,2.565,6.608,7.767,-26.944,65.969,-74.397,8.382,0,0
0,-3.605,0,39.622,18.654,57.827,5,15,10,0,0,11.369,-3.516,-12.435,-43.939,-91.74,-23.786,12.301,-0.132,-10.967,-71.878,-37.771,10.931,2.857,1.346,-5.532,-30.885,-269.511,-17.771,4.093,9.726,-24.46,11.298,-125.481,11.023,0,0
0,-2.956,0,40.234,61.169,64.877,5,15,10,0,0,9.144,-3.427,-11.403,-51.359,-94.962,-24.672,11.618,-0.163,-11.161,-79.069,-31.557,10.641,1.715,23.87,-11.688,-298.412,-36.656,196.397,14.152,9.211,-4.572,-65.985,-126.779,6.58,0,0
0,-2.327,0,40.831,59.704,62.966,5,15,10,0,0,9.439,-2.532,-11.944,-55.924,-93.206,-26.122,13.302,-1.837,-11.233,-76.626,-27.817,6.351,3.698,28.492,-13.23,493.176,-495.649,-363.237,17.438,4.986,3.846,-113.771,-88.412,6.137,0,0
0,-1.719,0,41.255,42.446,60.803,5,15,10,0,0,9.939,-2.208,-13.812,-54.489,-93.42,-28.336,12.782,-3.329,-10.931,-68.885,-29.237,-1.847,2.69,6.901,-32.285,110.031,191.252,75.969,22.58,-3.913,2.699,-112.687,-37.74,1.42,0,0
0,-1.049,0,41.38,12.474,67.005,5,15,10,0,1,8.921,-3.497,-12.373,-52.168,-99.786,-31.954,14.097,-1.995,-11.132,-58.885,-22.366,-7.847,5.997,7.833,-13.618,-177.603,436,-108.214,6.965,-0.8,-2.594,-122.092,-40.779,3.771,0,1
0,-0.269,0,41.399,1.831,77.98,5,5,10,0,1,9.257,-3.851,-11.235,-40.55,-101.053,-34.015,13.819,-3.401,-11.939,-43.328,-16.153,-14.824,3.691,0.795,-7.52,-306.092,439.176,-410.87,7.341,-3.382,-13.829,-104.168,-58.107,4.351,0,0
0,0.533,0.659,41.882,48.317,80.189,5,5,10,0,1,12.076,-4.27,-11.01,-29.588,-98.443,-36.351,13.127,-2.666,-12.952,-30.412,-13.053,-16.168,1.224,-3.672,-6.593,-145.557,-41.756,-185.099,9.171,-2.371,-19.088,-86.58,-91.832,-3.511,0,0
0,1.398,1.279,42.841,95.947,86.449,15,5,10,0,1,9.535,-2.036,-12.411,-22.992,-101.527,-35.832,15.802,-3.066,-8.979,-15.924,-4.473,-21.344,1.229,-4.105,-5.065,-123.618,-84.015,-168.641,8.102,-0.553,-19.804,-69.008,-129.679,-17.649,0,0
0,2.365,1.862,44.152,131.092,96.726,15,5,10,0,1,11.805,-5.032,-8.129,-15.679,-103.527,-39.817,15.204,-2.381,-8.553,-8.748,2.305,-17.084,0.002,-2.527,-6.205,-54.214,-206.916,-317.557,9.626,-0.481,-14.076,-52.84,-139.359,-24.366,0,0
0,3.453,2.405,45.508,135.544,108.776,15,5,10,0,1,10.109,-3.164,-9.422,-15.71,-107.802,-39.786,16.231,-0.661,-6.217,-1.863,10.351,-17.649,1.851,2.029,-9.681,-0.718,-249.359,-292.214,14.013,-0.046,-8.387,-50.55,-110.214,-22.183,0,0
0,4.693,2.911,46.452,94.471,124.077,15,5,10,0,1,11.137,-2.84,-6.792,-18.885,-111.618,-41.252,16.837,-0.515,-5.786,0.427,23.466,-14.015,3.066,4.992,-13.791,65.511,-298.458,-240.55,13.027,-7.034,-13.824,-23.786,-79.496,-17.511,0,0
0,6.159,3.378,46.741,28.873,146.542,15,5,10,0,1,10.608,-6.031,-4.673,-17.847,-114.336,-40.397,16.198,1.624,-6.067,2.214,36.504,-13.115,4.141,4.619,-19.112,80.046,-362.641,-23.573,13.398,-3.621,-12.821,-0.809,-60.183,-12.718,0,0
0,7.902,3.807,46.408,-33.325,174.305,15,5,10,0,0,9.776,-1.382,-7.908,-28.458,-123.191,-37.847,17.642,-0.062,-3.959,-2.183,62.489,-11.771,6.843,3.923,-9.75,18.458,-446.855,-129.405,7.683,-3.796,-16.08,17.069,-49.496,-16.824,0,0
0,10.022,4.198,45.551,-85.648,212.048,15,5,10,0,1,13.106,-6.297,-5.207,-24.382,-122.168,-39.252,14.737,2.067,-3.418,-4.901,89.725,-14.916,0.728,8.411,-13.973,2.855,-276.412,-104.427,14.282,-5.085,-17.208,32.672,-9.786,-20.534,0,0
0,12.38,4.55,44.068,-148.361,235.817,15,5,10,0,1,11.843,-4.431,-6.752,-24.458,-122.183,-37.42,14.935,0.8,-2.579,-18.702,115.771,-18.992,4.11,10.487,-11.099,5.908,47.618,-101.13,18.873,-0.335,-14.179,32.458,21.573,-16.321,0,0
0,15.098,4.865,41.991,-207.619,271.752,15,5,10,0,1,7.966,-4.934,-13.87,-26.733,-146.489,-39.038,15.374,-0.024,-2.534,-31.756,135.878,-25.313,-0.481,3.863,-17.316,5.328,-176.153,8.336,13.824,-2.876,-12.806,52,35.74,-13.145,0,0
0,18.038,5.14,39.436,-255.57,294.011,15,5,10,0,1,13.776,-4.948,-15.742,-14.901,-155.237,-34.794,12.871,-3.097,-6.692,-31.542,152.641,-27.099,1.473,3.482,-17.096,16.473,-365.618,-80.977,9.975,-2.908,-15.014,66.351,40.305,-10.489,0,0
0,21.356,5.378,36.473,-296.3,331.834,15,5,10,0,1,11.8,-10.002,-16.387,16.489,-178.321,-34.26,13.326,-2.546,-6.759,-14.382,171.679,-22.947,-2.496,1.344,-16.502,16.168,264.061,39.573,13.101,-3.31,-12.282,77.084,46.809,-10.687,0,0
0,25.062,5.577,33.396,-307.664,370.56,15,5,10,0,1,12.849,-10.342,-17.738,42.977,-198.458,-37.481,13.252,-3.897,-8.222,-2.168,194.153,-16.351,1.275,-1.793,28.453,224.55,148.519,466.076,7.877,-3.02,-7.918,98.977,34.122,-19.588,0,0
0,29.314,5.738,30.324,-307.194,425.195,15,5,10,0,1,12.023,-8.629,-16.526,73.542,-212.366,-41.832,10.05,-7.317,-10.797,13.954,205.679,2.168,-0.45,1.981,-14.962,19.099,-370.229,21.313,12.224,-2.783,-11.233,106.473,32.412,-25.71,0,0
0,33.771,5.86,27.438,-288.621,445.702,15,5,10,0,1,11.379,-5.401,-19.129,102.137,-215.924,-40.321,11.36,-7.19,-14.794,38.855,213.969,21.557,4.483,2.361,-11.364,32.718,-182.473,21.771,6.107,-5.374,-15.216,121.695,7.557,-25.45,0,0
0,38.561,5.945,25.014,-242.432,479.005,15,5,10,0,1,9.671,-5.082,-20.54,125.16,-214.427,-45.893,14.753,-4.196,-14.14,70.122,225.237,43.588,5.204,0.319,-12.112,46.214,-169.649,2.382,8.545,2.934,-12.698,100.992,-0.55,-21.542,0,0
0,43.267,5.991,23.142,-187.123,470.571,15,5,10,0,1,8.665,-12.567,-19.033,138.076,-214.84,-47.252,15.601,-2.249,-12.433,84.885,235.725,71.16,4.838,3.154,-13.829,63.618,-306.382,23.756,11.86,7.523,-10.303,65.328,2.626,-22.87,0,0
0,48.152,5.998,21.498,-164.395,488.492,15,5,10,0,1,2.977,15.695,-37.7,163.74,-197.298,-40.794,19.469,-4.529,-13.46,66.519,246.626,95.573,4.412,4.777,-17.407,129.206,452.26,-3.786,8.596,3.14,-12.286,35.252,-0.168,-26.137,0,0
0,52.773,5.968,20.103,-139.504,462.182,15,5,10,0,1,-3.885,11.273,-35.499,161.466,-218.58,-39.74,13.254,0.862,-14.262,93.435,225.038,103.023,3.379,7.173,-14.255,72.351,-135.145,-7.099,10.411,1.418,-10.821,38.412,4.198,-21.344,0,0
0,57.065,5.899,18.806,-129.696,429.177,15,5,10,0,1,11.199,14.253,-29.329,178.809,-138.672,-35.206,26.776,-1.128,-12.148,86.809,240.015,83.389,4.196,8.396,-22.983,267.069,-271.649,-272.611,9.398,0.877,-10.057,50.321,1.008,-18.275,0,0
0,60.691,5.791,17.485,-132.157,362.55,15,5,10,0,1,9.599,2.989,-21.546,169.466,-111.893,-32.55,22.276,0.177,-11.297,76.015,242.137,89.084,2.261,8.133,-14.282,73.42,-283.008,426.992,12.025,1.31,-8.423,60.336,8.87,-13.298,0,0
0,63.833,5.646,16.064,-142.102,314.232,15,5,10,0,1,10.083,3.109,-18.645,135.42,-74.779,-24.718,16.269,-1.118,-11.731,65.527,234.275,78.824,3.379,6.91,-12.586,72.519,-141.145,-25.435,10.349,0.838,-9.889,81.649,6.122,-9.756,0,0
0,66.554,5.462,14.617,-144.711,272.107,15,5,10,0,1,5.679,4.67,-19.086,98.748,-49.511,-17.649,12.102,-0.295,-11.211,64.855,217.008,60.26,2.029,7.619,-13.882,77.878,-291.557,-111.145,9.281,2.735,-9.645,83.817,8.229,-6.534,0,0
0,69.044,5.24,13.145,-147.137,249.035,15,5,10,0,1,7.13,1.638,-15.723,56.855,-24.489,-10.107,13.934,0.63,-11.477,54.626,206.611,37.45,4.706,6.407,-12.543,70.397,-278.244,-14.046,7.185,0.438,-12.152,95.603,0.412,-3.832,0,0
0,71.161,4.979,11.922,-122.349,211.647,15,5,10,0,1,7.417,1.102,-15.606,54.443,-20.351,-8.992,16.198,-0.479,-11.156,40.504,206.992,17.481,3.842,10.149,-21.297,-314.412,-20.29,-66.443,9.743,5.168,-9.171,78.534,-2.58,-2.076,0,0
0,72.897,4.681,10.83,-109.177,173.607,15,5,10,0,1,3.636,1.056,-18.245,-4.092,35.695,9.527,13.805,-1.09,-10.421,39.71,199.924,3.435,3.549,8.081,-14.351,88.168,-117.313,-10.092,9.726,4.347,-9.575,50.687,-0.87,-3.908,0,0
0,74.314,4.344,9.853,-97.744,141.655,15,5,10,0,1,3.051,1.906,-17.829,-39.42,60.809,12.107,11.087,0.283,-11.661,39.115,192.427,-9.527,4.939,10.044,-24.966,-351.786,234.489,-130.198,8.694,2.539,-11.118,36.397,-4.489,-5.145,0,0
0,75.431,3.968,9.12,-73.242,111.695,15,5,10,0,1,2.086,1.013,-17.5,-62.962,83.817,14.29,10.825,0.331,-11.863,35.496,183.725,-22.29,3.626,7.532,-13.834,68.031,-97.908,-12.58,8.399,3.042,-10.188,21.405,-5.008,-5.634,0,0
0,76.244,3.555,8.512,-60.791,81.368,15,5,10,0,1,2.484,-1.511,-16.657,-73.221,105.389,20.183,9.803,0.22,-11.144,28.168,175.634,-29.221,2.371,18.613,-35.829,390.809,-449.237,-67.908,7.858,5.585,-6.452,-3.16,-15.496,-5.878,0,0
0,76.804,3.103,8.026,-48.649,56.03,15,5,10,0,1,0.886,0.891,-17.572,-78.076,123.649,26.305,9.985,-0.742,-10.991,21.359,166.947,-36.046,8.577,5.398,-8.488,36.473,-275.786,-115.298,7.161,0.886,-9.432,10.748,-26.84,-4.58,0,0
0,77.123,2.612,7.838,-18.757,31.838,15,5,10,0,1,0.259,-2.048,-16.281,-84.321,139.664,27.908,9.65,0.855,-11.036,9.634,161.313,-39.435,5.305,7.416,-14.044,127.863,458.992,72.061,8.684,3.439,-8.596,0.809,-23.298,-3.328,0,0
0,77.247,2.084,7.725,-11.307,12.405,15,5,10,0,1,0.747,-1.542,-16.688,-85.466,156.748,26.626,12.763,0.362,-10.088,-2.092,163.206,-45.405,6.079,6.373,-10.543,12.992,-121.771,23.145,7.288,2.261,-8.998,-6.84,-33.832,-6.641,0,0
0,77.193,1.517,7.871,14.603,-5.413,15,5,10,0,1,1.554,-0.007,-18.305,-67.008,179.511,24.29,12.313,0.498,-11.034,-11.237,162.779,-39.603,5.7,9.948,-14.37,186,388.382,-99.664,10.608,3.542,-6.404,-3.863,-45.74,-3.939,0,0
0,76.947,0.912,8.139,26.745,-24.582,15,5,10,0,1,6.062,-3.834,-15.795,-30.977,207.817,22.87,7.547,-0.651,-14.313,-3.511,157.389,-28.321,6.833,6.673,-10.392,7.695,-38.275,-6.29,7.947,3.873,-8.577,-18,-46.229,-4.412,0,0
0,76.416,0.268,8.432,29.285,-53.066,15,5,10,0,1,3.142,-3.957,-17.761,-6.412,226.198,17.298,7.923,-2.282,-12.969,10.336,154.977,-19.374,5.087,7.269,-10.976,1.45,-31.206,-11.71,11.704,3.336,-5.197,-22.55,-53.13,-4.031,0,0
0,75.632,0,8.677,24.559,-78.404,15,5,10,0,1,2.802,-3.569,-18.925,19.008,238.076,7.847,7.322,-2.613,-12.78,20.031,147.359,-4.046,-0.96,8.933,-15.062,-8.275,-39.924,-16.214,14.686,1.882,-5.889,-29.481,-41.206,-4.351,0,0
0,74.618,0,8.736,5.836,-101.475,15,5,10,0,1,2.024,-3.719,-19.68,42.168,253.084,-0.382,5.465,-2.254,-13.364,34.366,135.649,5.405,2.462,5.657,-12.466,-22.947,-198.122,-37.374,6.617,-1.571,-12.698,-16.153,-50.626,-4.031,0,0
0,73.402,0,8.89,15.415,-121.548,15,5,10,0,0,0.659,-2.694,-19.78,56.687,265.099,-6.763,5.288,-2.85,-12.689,49.74,123.359,7.664,0.474,6.64,-17.455,-53.45,-185.664,-42.992,11.692,2.769,-5.252,-10.489,-58.366,-0.458,0,0
0,71.941,0,8.912,2.209,-146.153,15,5,10,0,0,0.702,-1.483,-19.764,59.756,273.145,-15.496,5.3,-2.601,-12.32,63.053,106.855,11.588,3.767,3.648,-12.665,-17.221,-55.695,-7.832,8.615,-1.023,-12.27,-3.13,-52.901,-2.229,0,0
0,70.264,0,8.905,-0.71,-167.702,15,5,10,0,0,2.196,-1.557,-18.861,58.672,285.786,-23.405,5.042,-4.323,-11.575,77.023,91.023,10.656,2.453,3.257,-13.759,-6.595,-57.771,-4.519,9.731,-0.383,-10.191,2.855,-51.771,-0.641,0,0
0,68.304,0,8.905,-0,-195.912,15,5,10,0,0,0.034,2.062,-19.998,44.076,294.702,-31.817,4.567,-3.59,-13.398,96.977,75.939,10.458,2.613,3.734,-13.996,9.145,-56.885,-5.664,9.676,-0.057,-10.291,8.779,-52.458,0.214,0,0
0,66.144,0,8.905,-0,-216.053,15,5,10,0,0,2.903,0.414,-21.215,27.206,297.466,-39.435,4.737,-3.619,-12.564,119.802,57.664,1.099,2.726,4.007,-14.107,22.702,-57.389,-4.947,9.841,0.16,-10.591,13.145,-51.603,1.16,0,0
0,63.818,0,8.905,-0,-232.579,15,5,10,0,0,2.005,-0.913,-20.853,8.931,293.084,-41.817,4.33,-2.024,-11.664,137.267,46.29,-8.748,2.529,4.51,-14.583,31.099,-85.725,-7.878,9.851,0.268,-11.039,17.649,-51.893,1.344,0,0
0,61.419,0,8.905,-0,-239.857,15,5,10,0,0,4.67,-0.742,-22.355,3.282,295.282,-38.092,2.469,-0.177,-11.81,136.855,30.198,-21.13,2.555,4.951,-15,36.092,-59.695,-2.962,9.863,0.553,-11.52,20,-52.687,1.573,0,0
0,58.962,0,8.905,-0,-245.739,15,5,10,0,0,3.08,-1.993,-24.65,-3.084,286.748,-35.588,2.675,1.176,-10.234,126.763,21.908,-39.176,2.79,5.561,-15.237,38.748,-62,-3.237,10.083,1.387,-11.616,18.672,-53.802,0.947,0,0
0,56.497,0,8.905,-0,-246.472,15,5,10,0,0,-0.156,-2.254,-24.693,-8.168,264.656,-35.893,5.705,4.062,-6.229,94.794,13.527,-46.779,2.984,12.197,-20.947,147.878,-56.198,-170.015,10.224,1.408,-11.391,17.191,-55.267,-0.336,0,0
0,54.04,0,8.905,-0,-245.705,15,5,10,0,0,1.827,-1.399,-25.675,-3.511,255.985,-30.29,1.535,4.167,-8.433,62.55,-1.985,-52.26,3.463,6.246,-15.084,33.588,-69.45,-8.015,10.567,1.444,-10.909,14.595,-57.099,-1.359,0,0
0,51.605,0,8.894,-1.099,-243.485,15,5,10,0,0,-0.074,-2.805,-26.249,-10.55,228.748,-28.779,2.431,3.746,-7.266,38.55,-14.351,-50.885,3.964,6.129,-14.837,25.817,-143.863,-19.817,10.964,1.08,-10.452,14.366,-58.427,-1.16,0,0
0,49.32,0,8.886,-0.755,-228.55,15,5,10,0,0,-0.829,-2.536,-27.818,-18.382,199.756,-25.038,3.02,3.226,-5.451,17.832,-30.214,-44.397,4.172,12.611,-27.868,96.489,-165.145,-346.382,11.35,1.051,-9.41,12.656,-59.405,-1.008,0,0
0,47.284,0,8.879,-0.744,-203.591,15,5,10,0,0,-0.457,-4.048,-26.345,-29.954,163.435,-19.893,3.343,3.885,-4.876,3.145,-43.695,-35.099,4.596,4.546,-12.988,5.267,-294.794,-48.672,10.655,0.752,-9.714,13.908,-61.771,-1.328,0,0
0,45.409,0,8.871,-0.755,-187.535,15,5,10,0,0,-0.781,-4.268,-27.777,-34.321,126.779,-13.527,3.346,3.341,-4.891,-5.588,-55.45,-30.595,3.358,5.782,-13.034,21.466,-74.565,-14.183,11.525,-0.467,-9.642,15.267,-65.511,-2.031,0,0
0,43.794,0,8.867,-0.366,-161.454,15,5,10,0,0,-1.602,-6.28,-27.373,-37.359,84.962,-4.687,3.772,1.339,-2.929,-7.084,-64.763,-29.282,4.821,5.376,-14.863,38.458,-138.824,-14.076,12.301,-0.034,-8.775,19.725,-67.557,1.13,0,0
0,42.497,0,8.867,-0,-129.708,15,5,10,0,0,11.901,-4.093,-26.733,-38.244,58.779,-9.099,8.042,0.577,-0.924,-11.557,-70.809,-23.603,5.293,4.864,-12.136,17.145,-129.298,-3.511,12.37,-0.865,-8.469,24.855,-68.473,4.977,0,0
0,41.512,0,8.867,-0,-98.499,15,5,10,0,0,1.499,-8.098,-28.06,-41.771,3.053,-3.053,8.332,0.932,-0.757,6.473,-70.977,-21.496,5.367,5.19,-12.016,28.519,-62.855,1.786,12.138,-0.671,-8.349,31.267,-70.015,9.344,0,0
0,40.974,0,8.867,-0,-53.764,15,5,10,0,0,0.968,-6.941,-39.659,-54.122,-54.87,2.092,10.708,1.092,2.268,16.595,-66.809,-21.634,5.338,5.156,-12.167,34.061,-63.603,1.817,12.363,0.22,-8.27,33.053,-71.145,11.511,0,0
0,41,0,8.867,-0,2.506,15,5,10,1,0,4.246,-12.653,-35.37,-42.489,-137.71,4.519,10.871,1.686,0.419,11.847,-69.527,-5.817,5.54,5.451,-11.987,39.786,-65.695,1.924,12.488,0.182,-8.816,33.847,-72.931,12.092,1,0
0,41.651,0,8.871,0.366,65.163,5,5,10,1,0,13.022,-9.532,-14.157,-37.038,-160.611,3.13,14.025,-2.862,-3.561,2.84,-60.427,20.58,6.337,5.687,-12.976,92.809,-133.649,6.321,12.591,-0.529,-8.438,41.679,-81.618,16.015,0,0
0.662,42.479,0,8.9,2.93,82.787,5,5,10,1,0,15.702,-10.361,1.559,-3.679,-127.115,-1.466,17.802,-6.728,-6.225,2.29,-46.733,50.58,7.652,6.483,-10.27,54.351,-61.527,6.947,13.75,-0.656,-6.761,52.718,-90.611,20.031,0,0
1.286,43.23,0,9.072,17.201,75.05,5,5,10,1,0,12.876,-6.531,-1.401,25.908,-86.733,-2.947,16.861,-7.331,-12.102,13.954,-21.13,72.229,15.201,5.71,-5.216,65.573,-46.26,39.389,9.923,-1.047,-7.331,72.351,-118.641,25.008,0,0
1.871,43.9,0,9.677,60.494,67.097,5,5,10,1,0,11.676,-6.546,-6.481,62.26,-55.405,-8.443,9.264,-2.088,-11.412,19.313,-7.13,105.664,6.069,13.249,-3.19,311.557,-107.237,126.046,15.556,3.027,-3.351,68.534,-119.725,25.389,0,0
2.417,44.603,0,10.574,89.688,70.255,5,15,10,1,0,-1.013,-2.97,-21.002,93.191,-62.718,-10.168,4.313,1.205,-8.462,32.198,-23.282,125.802,14.052,6.972,-7.825,82.061,9.313,23.542,13.206,2.625,-6.443,54.901,-131.344,22.916,0,0
2.925,45.405,0,11.819,124.512,80.235,5,15,10,1,0,3.372,1.954,-30.637,66.916,-84.672,-17.74,3.648,-2.503,-6.356,33.786,-64.687,110.031,12.459,14.423,-8.023,141.069,130.87,74.992,15.62,-0.819,-4.883,47.053,-143.832,20.244,0,0
3.394,46.17,0,13.507,168.789,76.504,5,15,10,1,0,10.335,-0.242,-28.426,55.053,-98.183,-6.962,6.843,0.481,-5.37,47.878,-81.435,83.664,12.236,6.273,-7.542,48.153,58.718,23.511,18.094,0.833,-3.451,34.702,-161.878,14.489,0,0
3.824,46.449,0,15.599,209.13,27.832,5,15,10,1,0,11.264,0.848,-21.905,46.809,-79.359,3.695,13.443,-1.868,-9.309,47.481,-89.053,26.26,11.616,5.389,-7.123,26.061,77.527,7.008,17.721,-0.886,-4.675,22.55,-166.55,9.618,0,0
4.215,45.98,0,18.02,242.112,-46.898,5,15,10,1,0,10.078,0.261,-13.048,19.389,-47.908,5.847,14.365,0.297,-11.863,41.481,-105.099,7.603,9.657,8.533,-6.088,14.214,102.382,7.42,12.782,2.223,-6.383,16.321,-177.649,11.45,0,0
4.567,44.753,0,20.934,291.47,-122.658,5,15,10,1,0,12.107,-0.089,-16.38,-5.359,-13.389,15.542,14.135,0.378,-11.827,36.321,-128.489,-0.611,11.839,7.106,-3.387,7.817,15.267,6.168,18.789,4.838,-2.711,-6.855,-189.008,8.29,0,0
4.881,42.801,0,24.176,324.132,-195.179,5,15,10,1,0,10.018,4.316,-21.79,-29.496,1.679,27.115,15.072,3.753,-9.822,14.763,-155.13,-4.702,3.406,16.267,-0.019,28.824,-374.977,-18.443,21.17,5.681,-0.74,-40.885,-187.221,4.198,0,0
5.156,40.351,0,27.629,345.315,-245.03,5,15,10,1,0,10.974,-1.071,-17.529,-63.756,24.962,32,17.764,6.67,-10.497,-5.374,-172.351,-7.389,0.182,19.668,-8.019,-24.031,368.137,-12.519,17.108,3.88,-4.057,-55.573,-176.061,4.473,0,0
5.393,37.627,0,31.239,361.039,-272.416,5,15,10,1,0,11.429,8.193,-21.543,-106.824,44.214,44.809,10.059,0.91,-12.318,-55.893,-190.122,-10.901,8.615,11.47,-11.281,-37.328,200,-8.412,15.331,2.951,-10.828,-50.779,-176.137,7.618,0,0
5.59,34.561,0,35.162,392.236,-306.553,5,15,10,1,0,4.304,4.733,-13.791,-126,43.802,53.115,7.475,3.444,-12.528,-54,-205.908,-20.366,8.754,11.204,-13.376,-69.115,204.626,-43.176,14.634,5.959,-14.195,-61.008,-189.008,4.336,0,0
5.749,31.368,0,39.355,419.301,-319.348,5,15,10,1,0,7.039,3.679,-16.265,-161.023,45.908,56.275,9.832,0.307,-7.391,-59.725,-207.557,-20.351,10.002,7.81,-15.759,-100.122,446.58,-91.237,15.295,6.354,-16.89,-81.893,-201.878,-3.267,0,0
5.869,28.171,0,43.826,447.179,-319.691,5,15,10,1,0,1.779,-4.898,-15.51,-159.405,41.771,48.046,6.74,1.504,-8.323,-60.168,-199.908,-18.656,7.298,7.164,-17.448,-123.115,233.252,-62.687,13.963,5.585,-16.988,-118.809,-208.427,0.58,0,0
5.95,25.194,0,48.382,455.522,-297.696,5,15,10,1,0,4.064,-7.19,-15.738,-148.611,40.305,39.023,6.577,0.323,-8.483,-60.672,-181.756,-0.305,7.772,8.998,-19.021,-138.992,477.115,-148.366,20.818,1.851,-14.425,-140.076,-190.183,-0.061,0,0
5.993,22.612,0,52.989,460.751,-258.191,5,15,10,1,0,4.141,-5.94,-15.103,-126.855,13.634,31.282,10.227,-0.556,-7.868,-64.015,-170.977,-0.534,10.337,7.187,-18.504,-145.969,248.244,-75.176,17.503,6.177,-12.533,-151.664,-172.443,12.931,0,0
5.997,20.616,0,57.504,451.505,-199.574,5,15,10,1,0,5.657,-8.658,-19.79,-74.885,12.076,27.908,13.338,-2.4,-7.255,-74.779,-146.305,5.374,7.87,3.576,-19.4,-129.618,-471.313,-170.687,14.171,7.841,-17.819,-137.145,-162.061,10.015,0,0
5.962,19.108,0,61.931,442.716,-150.879,5,15,10,1,0,7.635,-15.335,-12.519,-18.168,6.031,26,13.956,-4.828,-8.548,-68.656,-125.786,21.649,8.371,3.557,-19.167,-98.153,259.191,-170.809,10.315,4.991,-20.458,-160.229,-137.084,-5.008,0,0
5.888,17.833,0,66.078,414.62,-127.465,5,15,10,1,0,4.476,-7.032,-14.61,13.649,3.496,24.977,11.676,-6.95,-8.608,-54.076,-124.229,34.962,8.162,4.63,-11.259,-79.191,264.107,-82.916,6.237,0.917,-17.436,-165.206,-126.122,-12.672,0,0
5.776,16.65,0,69.556,347.878,-118.275,5,15,10,1,0,5.386,-4.301,-15.043,13.832,4.397,17.634,10.653,-6.668,-10.088,-32.626,-128.931,40.26,4.941,5.549,-16.811,-52.229,240.153,-86.977,10.988,-2.802,-13.604,-169.252,-70.321,-13.527,0,0
5.625,15.559,0,72.347,279.076,-109.143,5,15,10,1,0,7.587,-7.925,-13.319,17.954,9.863,12.794,10.308,-6.093,-9.951,-17.069,-131.115,41.282,6.016,4.424,-17.256,-53.313,479.313,-344.611,11.374,-5.772,-9.927,-134.076,-29.191,-3.756,0,0
5.435,14.344,0,74.617,226.971,-121.525,5,15,10,1,0,7.123,-3.842,-14.782,19.145,13.649,12.183,9.599,-3.827,-10.028,-5.924,-137.191,41.099,5.992,5.049,-13.314,-41.069,204.214,-52.015,10.497,-11.4,-11.254,-64.672,12.656,8.29,0,0
5.207,13.062,0,76.356,173.962,-128.186,5,15,10,1,0,6.589,-2.201,-14.344,-1.145,12.916,9.282,8.78,-2.239,-9.41,1.802,-138.748,35.664,5.08,2.508,-13.589,-55.634,389.298,-68.58,10.861,-6.431,-9.444,-12.076,56.366,17.191,0,0
4.939,11.725,0,77.606,124.913,-133.644,5,15,10,1,0,9.717,-2.596,-13.067,-5.206,18,10.763,8.589,1.411,-9.896,2.595,-138.412,30.061,3.815,2.852,-13.376,-55.481,370.122,-28.183,8.902,-5.851,-14.042,29.282,95.42,12.015,0,0
4.633,10.363,0,78.444,83.828,-136.231,5,15,10,1,0,5.901,1.904,-13.079,-20.198,11.756,10.214,9.175,2.232,-8.224,-12.214,-138.229,22.947,1.674,2.237,-15.472,-44.733,357.817,-4.641,9.968,0.563,-11.369,42.534,125.313,6.183,0,0
4.288,9.107,0,78.851,40.718,-125.645,5,15,10,1,0,6.201,-2.256,-11.587,-30.366,10.519,9.313,11.209,4.924,-7.46,-35.115,-126.718,17.924,2.031,1.74,-18.063,-51.786,-304.733,34.504,4.955,-1.145,-15.331,60.519,146.458,0.153,0,0
3.905,7.894,0,78.978,12.737,-121.239,5,15,10,1,0,7.985,-4.117,-11.898,-17.298,14.611,15.588,9.8,2.666,-8.454,-54.076,-120.382,13.847,2.088,0.726,-14.143,-5.374,340.305,8.977,4.979,-0.331,-14.875,66.473,163.679,-1.42,0,0
3.483,6.672,0,79.122,14.328,-122.257,5,15,10,1,0,7.341,-4.064,-11.91,-15.496,12.855,15.542,9.877,3.26,-8.713,-62.031,-117.282,9.634,2.845,0.872,-12.842,10.626,168.061,14.626,3.375,0.896,-11.63,64.076,175.786,-2.244,0,0
3.022,5.642,0,79.026,-9.567,-102.986,5,15,10,1,0,6.05,-2.112,-12.401,-32.473,2.595,16.779,10.43,1.442,-7.556,-69.221,-107.908,7.74,2.464,1.736,-13.69,35.191,163.74,12.107,3.502,-4.165,-16.248,69.924,186.153,3.695,0,0
2.522,4.639,0,78.909,-11.662,-100.273,5,15,10,1,0,6.268,-3.569,-13.139,-18.046,1.847,20.321,9.879,-0.448,-9.851,-74.382,-107.176,8.718,0.465,4.958,-16.49,46.977,157.847,-3.878,9.417,3.212,-9.127,29.985,216.336,8.076,0,0
1.983,3.767,0,78.378,-53.146,-87.158,5,15,10,1,0,4.376,-2.239,-12.928,-21.42,-8.534,17.237,12.047,-1.015,-7.913,-71.893,-99.679,11.252,-0.448,5.777,-17.409,41.374,137.542,-6.901,9.882,-1.777,-12.861,14.153,244.595,10.382,0,0
1.406,3.111,0,77.536,-84.206,-65.609,5,15,10,1,0,5.693,-2.905,-15.424,-19.573,-9.145,15.313,11.851,-2.46,-11.173,-73.71,-92.107,12.794,-0.599,6.774,-22.111,125.802,-446.183,-120.183,7.571,-2.419,-13.999,13.344,252.198,17.405,0,0
0.79,2.72,0,76.419,-111.717,-39.173,5,15,10,1,0,7.094,-4.903,-13.393,-5.084,-17.908,13.496,10.881,-3.387,-12.612,-64.183,-80.397,17.725,-0.989,6.009,-16.401,12.137,127.13,-15.511,5.777,-3.43,-16.863,-2.84,272.519,28.473,0,0
0.136,2.588,0,75.023,-139.527,-13.161,5,15,10,1,0,6.507,-6.797,-12.282,7.557,-25.74,12.58,10.921,-4.424,-10.993,-45.664,-65.557,20.29,-3.092,6.603,-16.655,-3.756,113.084,-8.504,7.923,-0.946,-16.832,-14.656,286.473,37.42,0,0
0,2.588,0,73.35,-167.29,0,5,15,10,1,0,6.931,-5.544,-12.047,22.351,-30.626,13.069,9.499,-6.091,-10.378,-24.046,-61.435,20.519,-1.866,5.382,-16.286,-20.519,101.359,-6.489,7.374,0.51,-17.33,-28.107,299.847,43.802,0,0
0,2.548,0,71.369,-198.132,-4.028,5,15,10,1,0,6.855,-4.814,-12.128,31.344,-28.809,10.366,7.185,-4.788,-11.106,5.42,-71.817,19.176,-2.208,6.404,-15.831,-26.656,80.412,-4.519,8.126,0.965,-17.517,-35.802,306.656,50.397,0,0
0,2.485,0,69.087,-228.173,-6.226,5,15,10,1,0,7.942,-0.81,-15.216,27.618,-27.344,9.008,8.462,-3.034,-8.759,28.519,-78.534,13.664,-3.961,9.45,-39.355,-303.145,269.664,-119.206,6.174,-1.823,-17.539,-52.916,318.153,56.046,0,0
0,2.258,0,66.48,-260.766,-22.739,5,15,10,1,0,11.388,-7.154,-10.83,34.427,-28.504,9.664,6.229,-3.518,-11.166,37.008,-84.382,13.053,-4.268,8.684,-18.102,-50.641,54.458,-8.092,10.545,0.762,-15.129,-55.084,328.519,69.511,0,0
0,1.654,0,63.686,-279.385,-60.368,5,15,10,1,0,7.822,-2.5,-12.104,23.252,-22.58,10.443,7.551,-1.681,-9.587,42.595,-96.519,9.45,-1.729,8.623,-20.669,-143.145,157.542,-17.038,7.125,-0.443,-17.402,-35.344,317.115,77.405,0,0
0,0.841,0,60.774,-291.184,-81.356,5,15,10,1,0,7.142,-1.324,-12.308,-0.809,-19.328,9.74,8.859,1.847,-9.879,31.954,-102.168,8.473,-5.406,6.922,-16.181,-97.588,45.802,0.977,5.712,-0.845,-19.948,-17.115,307.817,81.023,0,0
0,-0.059,0,57.844,-292.969,-90.019,5,15,10,1,0,6.186,-2.273,-12.471,-18,-22.626,9.908,10.814,2.551,-9.008,10.26,-103.832,6.031,-4.883,5.621,-16.844,-118.534,15.145,0.382,5.408,-2.862,-24.096,-8.672,304.397,76.809,0,0
0,-0.95,0,54.959,-288.54,-89.035,5,15,10,1,0,6.886,-4.095,-11.961,-30.351,-24.397,9.908,11.168,1.554,-8.268,-15.939,-99.527,7.511,-3.832,8.808,-29.353,-34.931,173.191,134.351,8.098,2.426,-24.075,-13.282,291.206,72.824,0,0
0,-1.8,0,52.147,-281.239,-84.984,5,15,10,1,0,7.602,-3.89,-12.327,-30.489,-24.55,9.725,11.795,2.412,-9.288,-40.794,-93.389,13.878,-3.561,5.329,-12.174,-122.26,8.061,14.534,7.118,3.856,-23.562,-26.198,270.29,64.366,0,0
0,-2.598,0,49.433,-271.409,-79.788,5,15,10,1,0,7.372,-4.122,-12.631,-36.489,-28.122,11.969,11.29,-0.278,-8.062,-56.031,-91.099,19.252,-2.761,2.383,-9.405,-90.992,5.832,20.977,8.471,3.988,-22.848,-37.023,243.603,58.779,0,0
0,-3.286,0,46.888,-254.483,-68.871,5,15,10,0,0,7.563,-4.261,-11.635,-48.809,-38.427,9.359,12.837,-0.673,-6.191,-67.023,-85.191,25.13,-1.207,1.581,2.999,-450.336,-32.244,-239.389,7.07,4.577,-22.88,-34.84,210.656,52.824,0,0
0,-3.821,0,44.533,-235.428,-53.478,5,15,10,0,0,5.238,-4.527,-10.497,-51.771,-49.313,8.473,13.038,-2.014,-5.25,-72.824,-78.748,29.817,-1.787,0.163,-0.613,-48.473,-47.023,96.977,5.839,3.715,-23.737,-20.672,174.977,40,0,0
0,-4.198,0,42.427,-210.652,-37.72,5,15,10,0,0,4.349,-5.703,-11.156,-51.023,-63.252,6.168,15.515,-1.88,-4.9,-70.901,-71.344,31.069,-3.59,0.86,-6.764,-6.611,-26.901,29.542,0.862,4.34,-25.181,-3.71,137.817,24.931,0,0
0,-4.351,0,40.747,-168.034,-15.324,5,15,10,0,0,7.937,-4.577,-11.989,-39.053,-67.053,3.618,12.231,-4.701,-7.437,-72.427,-66.58,29.542,2.235,1.849,-3.145,-0.55,-28.824,1.191,8.251,-0.077,-22.719,37.282,95.252,25.588,0,0
0,-4.312,0,39.546,-120.095,3.971,5,15,10,0,0,8.021,-8.426,-10.6,-17.221,-79.053,-0.702,10.454,-4.469,-8.512,-59.603,-66.885,28.168,2.888,0.798,-3.636,1.359,-51.053,110.962,6.11,4.488,-25.426,70.626,50.962,16.351,0,0
0,-4.29,0,38.857,-68.894,2.174,5,15,10,0,0,8.184,-4.313,-12.298,-13.908,-86.58,-4.26,11.027,-3.631,-9.012,-51.389,-67.145,18,0.929,1.835,-1.806,5.664,-52.947,-124.092,6.352,6.361,-31.195,72.305,-5.847,-2.916,0,0
0,-4.136,0,38.673,-18.322,15.427,5,15,10,0,0,6.577,-1.25,-15.551,-20.519,-89.542,-10.015,15.074,-1.574,-10.093,-45.832,-62.214,7.053,2.637,4.462,-2.814,16.015,-124.947,123.969,0.067,9.19,-34.129,46.595,-77.267,-10.504,0,0
0,-3.696,0,38.977,30.384,43.923,5,15,10,0,0,6.56,-7.475,-12.167,-14.656,-100.733,-17.176,13.422,-0.146,-11.178,-49.756,-48.076,9.618,0.364,1.571,23.644,259.771,334.153,-156.336,3.602,4.285,-29.852,22.351,-138.473,-11.023,0,0
0,-3.03,0,39.97,99.289,66.673,5,15,10,0,0,9.729,-4.115,-13.711,-8.183,-100.901,-18.962,13.46,-1.011,-12.823,-54.809,-37.634,12.885,1.401,9.561,-6.079,71.924,244.504,-432.855,7.429,4.313,-12.445,-3.786,-168.046,-8.534,0,0
0,-2.246,0,41.303,133.278,78.346,5,15,10,0,0,9.3,-3.054,-13.503,-6.427,-106.687,-19.863,13.831,-1.166,-10.758,-58.733,-31.71,13.695,2.994,3.345,-15.788,-7.954,-230.489,149.496,10.725,3.537,1.312,-38.046,-153.13,0.931,0,0
0,-1.444,0,42.574,127.087,80.235,5,15,10,0,0,10.648,-1.696,-11.604,-21.374,-111.893,-23.878,14.88,-1.09,-9.621,-61.573,-26.565,10.626,1.83,0.95,-29.387,-59.191,-267.557,-298.076,15.984,-13.879,-5.849,-59.557,-82.107,3.466,0,0
0,-0.639,0,43.449,87.559,80.509,5,15,10,0,1,12.595,-1.233,-10.912,-45.313,-105.267,-27.115,14.959,-1.329,-9.719,-62.611,-22.748,2.397,2.812,24.052,-27.61,-136.382,-118.244,-164.092,7.336,-4.713,1.224,-84.672,-54.992,6.595,0,1
0,0.091,0,43.855,40.592,72.956,5,5,10,0,1,15.405,-2.924,-10.931,-60.29,-103.359,-31.511,15.836,-0.117,-9.271,-62.183,-18.84,-5.206,4.893,4.989,-12.066,-109.802,-50.763,-174.962,9.592,-4.064,-12.239,-80.107,-51.008,11.069,0,0
0,0.735,0.662,44.123,26.756,64.442,5,5,10,0,1,14.753,-2.517,-10.208,-71.115,-98.58,-31.344,15.596,-0.249,-9.8,-67.084,-19.817,-9.405,-2.608,0.38,-16.789,-264.534,-215.221,-340.275,9.767,-5.822,-24.374,-74.458,-64.672,-0.809,0,0
0,1.364,1.286,44.76,63.755,62.92,5,5,10,0,1,10.658,-3.82,-8.957,-77.267,-102.733,-31.939,16.789,-0.333,-7.674,-65.298,-16.855,-10.611,-0.913,-2.005,-3.389,-123.924,-47.13,-61.206,8.452,-0.601,-23.093,-45.74,-112.244,-11.557,0,0
0,2.06,1.871,45.734,97.344,69.603,15,5,10,0,1,13.335,-4.234,-6.883,-76.687,-101.985,-34.153,14.555,-0.963,-8.213,-63.817,-14.473,-5.939,-0.067,-1.485,1.566,380.321,-410.397,210.809,9.506,4.019,-17.112,-41.13,-128.198,-25.435,0,0
0,2.878,2.417,46.756,102.207,81.722,15,5,10,0,1,9.206,-2.668,-9.748,-71.069,-109.954,-34.794,15.62,0.29,-7.104,-50.122,-8.397,-8.458,1.257,1.174,-8.177,-11.969,-64.351,-48.046,11.621,3.097,-13.331,-47.374,-113.664,-27.756,0,0
0,3.899,2.925,47.529,77.294,102.104,15,5,10,0,1,9.822,-3.715,-7.681,-56.611,-118.55,-35.649,17.103,0,-4.814,-41.527,6.305,-11.313,2.872,3.315,-12.126,28.748,-173.939,-158.718,7.099,-3.387,-11.963,-28.458,-99.832,-19.573,0,0
0,5.221,3.394,47.734,20.519,132.225,15,5,10,0,1,10.651,-4.304,-6.943,-37.069,-127.985,-38.519,17.836,-0.376,-4.369,-36.153,29.603,-15.832,6.481,9.327,-18.911,73.756,-203.74,-74.809,13.304,-5.365,-14.765,-8.305,-62.366,-9.313,0,0
0,6.884,3.824,47.188,-54.6,166.294,15,5,10,0,1,11.985,-0.965,-9.221,-21.695,-132.656,-38.168,18.928,1.722,-6.019,-34.412,53.511,-22.748,3.988,4.874,-17.975,23.527,-499.985,-119.634,10.938,-5.47,-17.338,2.794,-35.191,-20.214,0,0
0,9.143,4.215,46.14,-104.759,225.895,15,5,10,0,1,11.237,-5.616,-8.488,-20.916,-149.13,-47.267,19.984,1.011,-2.316,-30.626,91.45,-27.099,2.946,1.662,-14.497,6.962,-142.855,-44.153,17.318,-2.412,-12.155,31.679,-12.901,-22.656,0,0
0,11.809,4.567,44.43,-171.044,266.591,15,5,10,0,1,12.514,-9.453,-5.123,-11.511,-161.237,-50.489,21.342,1.779,-0.75,-39.298,129.008,-24.076,5.298,2.898,-13.271,10.046,-183.145,17.038,11.446,-4.287,-17.558,43.985,16.397,-20.382,0,0
0,14.808,4.881,42.101,-232.888,299.973,15,5,10,0,1,14.171,-4.807,-9.616,-4.977,-154.931,-39.618,16.971,-3.413,-5.109,-36.244,153.252,-34.046,3.068,3.833,-21.019,50.275,250.26,90.382,15.977,-3.197,-12.825,60.931,30.168,-13.221,0,0
0,18.162,5.156,39.289,-281.193,335.404,15,5,10,0,1,12.864,-6.306,-15.977,4.351,-171.191,-36.718,15.297,-4.28,-7.259,-16.977,178.031,-31.542,-0.369,4.747,-15.249,41.969,484.244,39.237,12.746,-0.541,-12.052,77.282,49.817,-8.58,0,0
0,22.019,5.393,36.084,-320.481,385.621,15,5,10,0,1,9.47,-6.009,-17.955,31.557,-200.641,-38.519,12.866,-5.937,-9.616,9.939,197.679,-18.305,-1.492,2.532,-16.164,53.802,-204.855,19.802,10.234,-4.364,-9.281,92.809,51.252,-13.191,0,0
0,26.472,5.59,32.741,-334.374,445.302,15,5,10,0,1,7.484,-6.091,-19.704,68.412,-224.794,-43.389,11.736,-8.258,-10.723,44.061,216.214,-0.321,-0.982,4.673,-13.443,49.924,-204.504,20.656,9.662,-5.767,-8.897,124.84,37.756,-20.672,0,0
0,31.347,5.749,29.391,-335.015,487.485,15,5,10,0,1,9.012,-7.52,-19.472,108.168,-234.427,-49.527,14.454,-8.155,-11.494,64.076,229.573,18.473,-0.695,2.474,-13.448,48.58,-207.634,21.878,6.814,-1.89,-14.382,129.817,22.901,-20.718,0,0
0,36.36,5.869,26.3,-309.083,501.367,15,5,10,0,1,15.891,-8.55,-17.306,141.679,-223.527,-57.298,12.509,-4.915,-14.159,93.573,241.924,48.107,7.501,0.896,-11.484,54.275,-386.748,56.947,7.757,-0.651,-13.817,144.794,15.588,-17.985,0,0
0,41.465,5.95,23.762,-253.819,510.465,15,5,10,0,1,12.536,-7.654,-19.627,149.298,-219.695,-53.267,8.639,-0.577,-16.59,102.504,245.939,74.229,9.08,2.254,-11.005,68.656,151.634,105.466,7.573,4.673,-13.268,131.847,0.977,-16.931,0,0
0,46.485,5.993,21.776,-198.532,502.053,15,5,10,0,1,4.266,-5.293,-24.235,181.786,-228.458,-63.771,8.78,-3.64,-16.7,122.565,249.099,110.061,6.076,2.704,-13.678,82.702,374.901,45.802,10.469,7.293,-12.078,87.084,4.641,-20.595,0,0
0,51.7,5.997,20.092,-168.434,521.508,15,5,10,0,1,12.55,-10.335,-17.103,190.321,-207.13,-58.336,15.795,0.335,-12.492,113.725,249.099,107.282,4.553,6.78,-15.038,100.458,-149.176,-2.595,9.12,5.7,-11.563,58.137,3.206,-20.641,0,0
0,56.506,5.962,18.631,-146.084,480.504,15,5,10,0,1,1.49,9.741,-27.95,213.634,-172.305,-46.351,27.133,-0.798,-11.106,100.443,267.466,96.595,3.403,9.816,-22.599,380.748,410.122,-43.969,12.013,4.951,-9.434,40.489,9.023,-17.069,0,0
0,60.665,5.888,17.078,-155.32,415.936,15,5,10,0,1,10.627,2.826,-23.078,211.496,-128.824,-45.939,21.864,-1.971,-10.622,97.985,269.328,105.374,2.738,2.765,-22.987,348.504,369.328,-64.855,10.289,0.745,-11.76,47.099,15.389,-14.275,0,0
0,64.214,5.776,15.551,-152.699,354.882,15,5,10,0,1,8.696,4.266,-19.366,180.718,-92.901,-40.305,15.084,-0.975,-9.896,84.855,254.84,91.313,2.764,22.383,-29.641,-447.542,-248.321,-253.802,9.336,3.492,-10.303,51.802,12.931,-9.756,0,0
0,67.337,5.625,13.932,-161.877,312.367,15,5,10,0,1,8.205,6.752,-17.812,129.679,-58.336,-33.13,15.086,-0.944,-9.714,71.908,235.634,74.977,0.498,20.785,-21.795,124.626,-323.893,-29.008,10.696,2.793,-10.948,52.489,15.481,-4.489,0,0
0,69.949,5.435,12.299,-163.262,261.132,15,5,10,0,1,6.198,6.582,-18.082,79.313,-22.687,-26.092,13.726,-1.329,-10.191,65.16,217.008,49.527,1.576,19.02,-24.18,391.267,-28.351,496.855,10.071,6.088,-7.707,56.397,13.573,-1.496,0,0
0,72.124,5.207,10.659,-164.063,217.564,15,5,10,0,1,8.828,0.414,-14.425,35.008,10.519,-15.435,13.731,-1.368,-11.913,60.397,202.244,22.672,4.392,0.154,-14.902,97.023,386,-31.634,6.89,3.312,-10.766,52.885,13.328,-1.13,0,0
0,73.801,4.939,9.175,-148.35,167.691,15,5,10,0,1,5.231,1.332,-16.509,-8.29,39.603,-3.389,13.285,-1.794,-10.248,59.908,192.183,-0.718,4.385,9.621,-11.398,42.656,-143.908,-8.015,8.457,4.4,-9.372,44.55,5.176,3.725,0,0
0,75.116,4.633,7.849,-132.603,131.481,15,5,10,0,1,4.73,0.402,-16.583,-47.13,69.115,3.221,12.655,-1.916,-11.194,62.427,185.817,-21.496,6.146,6.737,-13.134,38.916,437.969,-30.779,7.851,5.576,-10.723,17.389,9.725,-0.947,0,0
0,76.12,4.288,6.689,-116.02,100.376,15,5,10,0,1,2.223,0.584,-17.972,-77.557,92.183,6.168,11.946,-0.678,-10.665,57.038,183.145,-36.443,4.227,6.19,-17.388,62.824,500.198,-15.756,8.945,0.917,-9.592,-1.069,6.885,-1.45,0,0
0,76.859,3.905,5.759,-93.006,73.94,15,5,10,0,1,2.52,-1.265,-18.279,-90.992,116.153,8.595,11.158,0.723,-11.316,47.16,178.916,-46.366,3.973,5.577,-14.911,63.435,-215.695,3.817,9.76,1.504,-9.712,-3.45,1.008,-1.42,0,0
0,77.365,3.483,5.016,-74.341,50.549,15,5,10,0,1,1.827,-0.491,-17.553,-92.29,135.389,14.046,10.969,0.683,-10.926,34.885,176.702,-48.931,0.637,8.894,-26.939,214.443,363.481,162.687,9.288,1.784,-9.58,-19.847,3.282,-3.939,0,0
0,77.639,3.022,4.323,-69.248,27.454,15,5,10,0,1,1.332,-1.243,-16.976,-92.489,152.672,17.511,8.387,1.066,-11.611,22.519,168.763,-51.42,0.905,7.645,-16.341,14.565,-89.771,4.534,11.621,0.414,-8.052,-25.557,1.344,-4.427,0,0
0,77.738,2.522,3.584,-73.963,9.876,15,5,10,0,1,1.863,-0.249,-17.33,-88.26,173.099,21.008,8.215,0.623,-11.875,4.824,162.672,-52.031,3.391,5.349,-25.167,40.046,265.16,72.916,7.041,-1.782,-10.375,-13.969,-7.557,-4.29,0,0
0,77.665,1.983,2.935,-64.865,-7.313,15,5,10,0,1,0.635,0.323,-18.056,-83.695,188.687,16.366,11.654,0.85,-11.645,-13.435,168.076,-48.061,3.054,4.652,-19.198,-7.924,-359.573,0,9.776,-0.572,-9.453,-0.244,-17.267,-1.908,0,0
0,77.43,1.406,2.485,-45.033,-23.46,15,5,10,0,1,5.185,-5.319,-14.495,-47.466,218.641,17.008,8.378,0.026,-13.846,-12.855,166.504,-39.206,9.369,3.552,-10.164,-5.008,-72,8.107,7.173,1.832,-7.935,7.374,-37.878,-2.168,0,0
0,76.939,0.79,2.397,-8.743,-49.084,15,5,10,0,1,2.1,-3.042,-17.443,-25.74,234.84,15.71,8.351,-0.692,-13.443,-4.824,163.344,-28.824,6.45,5.585,-12.962,5.389,-124.809,380.58,11.566,4.701,-6.292,-4.473,-37.695,-2.611,0,0
0,76.2,0.136,2.445,4.772,-73.963,15,5,10,0,1,1.116,-2.876,-18.772,1.481,250.687,7.328,7.81,-1.641,-14.001,4.229,155.557,-12.275,3.583,8.287,-15.223,7.084,-58.366,-4.626,10.03,3.288,-8.895,-31.603,-35.893,-8.046,0,0
0,75.175,0,2.44,-0.446,-102.528,15,5,10,0,1,1.806,-4.177,-18.94,26.58,268.87,0.275,6.534,-2.254,-12.888,15.74,144.702,-0.26,2.809,7.233,-14.471,-4.229,-60.076,-10.031,9.796,-0.065,-8.725,-35.969,-41.344,-9.939,0,0
0,73.885,0,2.44,-0,-128.918,15,5,10,0,0,1.945,-4.407,-19.069,50.214,284.611,-5.466,5.556,-2.68,-12.825,28.901,131.206,7.267,2.369,6.083,-13.87,-13.328,-64.611,-11.481,9.187,-0.776,-8.306,-27.221,-45.542,-7.863,0,0
0,72.3,0,2.426,-1.453,-158.524,15,5,10,0,0,1.631,-2.27,-20.485,62.137,296.015,-12.031,5.834,-2.718,-13.182,51.573,117.282,7.664,2.479,4.79,-12.909,-14.855,-68.107,-12.122,9.515,-0.374,-7.786,-13.71,-48.84,-7.053,0,0
0,70.524,0,2.422,-0.366,-177.624,15,5,10,0,0,2.498,-2.385,-20.07,64.977,304.504,-20.611,4.21,-5.015,-12.662,74.672,99.679,10.26,2.512,3.995,-12.825,-9.649,-71.527,-11.237,10.349,-0.508,-8.114,-2.443,-46.29,-4.885,0,0
0,68.454,0,2.412,-1.064,-206.955,15,5,10,0,0,0.584,2.033,-20.676,59.405,316.534,-28.305,4.991,-6.208,-12.981,104.763,83.527,6.473,3.19,3.442,-12.696,7.802,-64.87,-12.687,13.197,0.472,-7.561,11.969,-50.275,-2.458,0,0
0,66.198,0,2.397,-1.442,-225.586,15,5,10,0,0,1.267,1.039,-20.434,41.313,316.153,-36.137,3.324,-4.586,-14.028,131.878,66.504,4.626,3.478,4.62,-12.545,23.588,-61.908,-10.153,9.944,2.28,-7.528,9.588,-52.87,-2.84,0,0
0,63.742,0,2.397,-0,-245.671,15,5,10,0,0,3.037,-2.711,-20.006,17.45,313.023,-38.626,3.973,-2.153,-12.212,158.183,54.351,-1.481,3.487,5.176,-13.137,34.351,-60.336,-10.519,10.205,0.941,-9.075,10,-54.107,-4.855,0,0
0,61.281,0,2.397,-0,-246.083,15,5,10,0,0,5.238,-0.472,-24.307,5.405,311.573,-33.176,2.445,-0.065,-12.265,163.649,44.443,-16.687,3.528,5.207,-13.522,34.672,-59.649,-9.16,10.428,0.012,-9.068,14.855,-57.588,-4.015,0,0
0,58.783,0,2.397,-0,-249.836,15,5,10,0,0,0.862,-4.603,-25.438,2.076,297.893,-28,3.456,1.741,-9.724,143.16,39.328,-34.412,3.806,3.217,-13.671,38.931,-58.214,-18.855,9.556,0.625,-7.827,22.489,-62.443,-7.099,0,0
0,56.362,0,2.397,-0,-242.066,15,5,10,0,0,1.954,-4.694,-26.039,6.183,278.214,-25.695,6.313,3.794,-6.347,102.443,35.344,-43.954,3.595,6.459,-13.549,39.527,-60.382,-15.466,10.212,-0.956,-7.678,33.649,-63.282,-3.481,0,0
0,53.902,0,2.397,-0,-246.026,15,5,10,0,0,2.759,-2.196,-28.573,15.802,271.389,-18.931,4.78,3.331,-7.666,63.069,24.061,-52.718,5.03,6.977,-13.537,37.527,-55.725,-11.542,11.07,0.805,-7.997,38.519,-65.13,0.809,0,0
0,51.481,0,2.408,1.064,-242.066,15,5,10,0,0,0.771,-5.353,-26.922,14.55,247.573,-15.481,4.165,3.669,-6.759,33.069,9.573,-44.626,6.287,7.034,-13.043,38.382,-50.137,-7.863,10.155,1.7,-9.776,40.718,-71.374,5.008,0,0
0,49.13,0,2.433,2.563,-235.142,15,5,10,0,0,1.095,-3.655,-29.708,2.901,219.634,-8.718,4.764,4.656,-5.166,1.756,-10.076,-33.145,4.96,7.171,-13.946,36.229,-53.389,-3.603,9.106,3.384,-10.069,24.733,-69.099,7.099,0,0
0,46.961,0,2.503,6.981,-216.82,15,5,10,0,0,1.468,-5.659,-27.782,-14.489,183.893,0.595,4.057,3.298,-4.261,-18.26,-26.458,-21.679,5.506,5.853,-14.071,39.802,-53.985,-5.359,10.54,-0.604,-12.959,27.45,-70.748,7.069,0,0
0,44.969,0,2.796,29.285,-199.185,15,5,10,0,0,0.395,-5.341,-28.711,-37.115,143.038,9.695,4.67,2.879,-3.094,-28.336,-41.527,-13.069,3.159,7.47,-15.709,39.313,-49.405,-2.595,9.822,1.945,-10.593,31.252,-80.504,7.756,0,0
0,43.241,0,3.294,49.782,-172.84,15,5,10,0,0,-1.751,-8.45,-26.807,-56.168,98.107,20.519,4.069,-0.668,-1.408,-28.168,-57.832,-8.015,5.647,7.405,-13.084,41.435,-42.137,-5.557,10.677,1.542,-11.19,25.542,-97.145,7.908,0,0
0,41.879,0,3.888,59.372,-136.231,15,5,10,0,0,9.156,-3.655,-26.937,-78.595,67.267,18.611,9.029,-0.034,-0.73,-24.672,-70.565,-6.244,4.977,4.57,-14.416,45.588,-44.015,-5.496,12.059,1.054,-9.436,15.496,-95.282,9.603,0,0
0,40.894,0,4.495,60.791,-98.511,15,5,10,0,0,2.314,-5.394,-32.982,-90.015,13.924,18.489,8.893,-0.18,0.117,-11.618,-68.733,-4.076,5.35,6.225,-12.926,49.679,-43.664,-1.252,11.187,-1.174,-9.508,20.519,-95.237,11.45,0,0
0,40.356,0,5.172,67.692,-53.81,15,5,10,0,0,1.214,-5.815,-39.915,-82.275,-54.031,9.908,7.906,2.014,-0.115,-14.229,-64.382,1.023,3.518,6.392,-12.998,59.939,-38.137,-1.282,14.176,-1.217,-6.268,28.26,-94.672,15.511,0,0
0,40.509,0,5.773,60.07,15.324,15,5,10,0,0,3.427,-9.444,-28.324,-51.649,-131.084,-6.214,4.654,-3.171,-4.038,-16.321,-66.718,19.664,4.541,3.602,-13.012,63.115,-35.481,3.664,11.087,-2.038,-8.804,38.58,-100.534,19.023,0,0
0,41.051,0,6.418,64.51,54.188,15,5,10,1,0,8.833,-8.615,-9.887,-9.847,-138.122,-17.328,9.527,-7.041,-4.012,-4.015,-74.397,34.214,7.164,5.971,-10.526,67.328,-25.145,12.87,11.537,-0.891,-6.979,51.313,-112.412,24.137,1,0
0,41.619,0,7.132,71.354,56.831,5,5,10,1,0,14.629,-9.827,-1.267,37.893,-102.366,-18.763,12.665,-9.096,-8.263,18.595,-69.878,45.176,7.611,7.053,-11.391,70.855,-17.45,18.748,13.664,0.328,-6.297,51.45,-107.099,27.511,0,0
0.666,42.084,0,7.952,82.009,46.463,5,5,10,1,0,9.772,-8.768,-2.163,80.55,-80.626,-8.595,15.683,-7.87,-10.579,54.183,-45.42,71.847,9.767,7.76,-11.441,67.649,-0.351,22.489,13.719,0.97,-7.008,53.481,-122.336,29.893,0,0
1.293,42.519,0,8.971,101.876,43.568,5,5,10,1,0,8.519,-1.284,-7.262,92.015,-61.985,-12.595,12.145,-1.051,-7.848,85.267,-30.855,94.733,10.1,9.252,-12.217,53.924,8.275,24.046,13.474,2.965,-6.189,42.015,-125.939,30,0,0
1.881,43.234,0,10.179,120.816,71.468,5,5,10,1,0,3.25,0.098,-18.983,77.954,-79.221,-15.511,6.649,1.791,-5.269,111.679,-26.641,110.122,9.209,8.557,-13.072,31.924,22.763,19.13,15.146,1.918,-6.823,29.344,-131.74,26.962,0,0
2.429,44.197,0,11.643,146.462,96.256,5,15,10,1,0,2.472,-0.608,-26.326,70.885,-106.87,-11.008,4.651,2.33,-6.294,105.679,-43.084,106.901,10.282,7.666,-11.716,6.947,39.237,15.145,16.238,1.882,-5.808,16.748,-146.076,21.679,0,0
2.939,45.211,0,13.475,183.117,101.429,5,15,10,1,0,3.432,-3.178,-24.262,80,-121.664,-5.481,5.243,2.73,-4.97,98,-59.924,91.542,7.959,7.465,-11.058,-15.969,57.328,9.115,16.272,3.523,-3.202,-6.137,-153.557,16.763,0,0
3.409,45.805,0,15.478,200.341,59.372,5,15,10,1,0,10.529,1.581,-21.244,84.977,-94.611,-2.672,8.517,-0.326,-8.347,72.061,-74.748,63.695,9.309,5.71,-8.871,-33.099,70.794,6.489,16.799,-1.871,-5.322,-21.969,-157.191,11.359,0,0
3.84,45.658,0,17.712,223.412,-14.671,5,15,10,1,0,9.206,5.913,-18.767,72.26,-62.458,3.053,15.429,0.594,-7.156,48.214,-94.656,37.908,7.233,6.011,-8.895,-43.954,89.863,7.542,13.197,-0.707,-4.651,-24.916,-158.656,13.542,0,0
4.232,44.852,0,20.234,252.24,-80.589,5,15,10,1,0,15.242,-0.139,-13.982,38.748,-33.389,11.16,15.675,4.266,-9.561,15.74,-111.695,26.397,9.468,4.486,-6.419,-47.756,113.511,7.069,17.577,1.2,-2.033,-31.817,-164,13.878,0,0
4.584,43.45,0,22.992,275.769,-140.236,5,15,10,1,0,10.732,2.898,-17.615,-3.511,-10.824,29.603,15.172,5.667,-7.75,-7.389,-127.924,15.634,10.059,4.955,-4.931,-36.748,140.382,7.542,15.472,2.34,-3.446,-28.534,-156.122,11.023,0,0
4.898,41.626,0,25.911,291.894,-182.351,5,15,10,1,0,10.95,6.479,-19.234,-71.344,3.481,43.145,14.305,4.795,-10.718,-29.557,-148.672,3.725,9.432,6.603,-7.379,-30.244,162.397,13.359,19.649,1.317,-7.432,-26.702,-153.878,11.237,0,0
5.172,39.487,0,29.056,314.541,-213.902,5,15,10,1,0,4.843,6.593,-21.323,-109.649,14.855,50.779,9.23,3.233,-11.736,-52.321,-163.267,-5.206,8.977,7.255,-8.668,-37.313,368.305,25.435,13.632,3.981,-11.776,-26.672,-159.084,11.313,0,0
5.407,37.081,0,32.437,338.048,-240.624,5,15,10,1,0,6.524,0.865,-17.345,-143.893,29.237,48.885,11.024,-1.233,-10.368,-68.565,-174.718,-13.863,9.317,9.733,-10.821,-57.466,387.786,31.023,13.086,3.063,-18.796,-35.069,-176.321,8.046,0,0
5.603,34.279,0,36.198,376.122,-280.152,5,15,10,1,0,8.723,-1.377,-11.63,-141.679,35.496,51.893,14.672,1.169,-10.021,-79.832,-181.405,-15.42,9.41,9.542,-12.665,-65.618,209.939,-7.573,11.621,7.398,-18.114,-71.282,-201.435,6.58,0,0
5.76,31.375,0,40.322,412.366,-290.383,5,15,10,1,0,7.092,6.352,-18.058,-152.779,33.969,63.374,8.648,0.575,-6.867,-81.939,-195.878,-16.489,8.411,8.907,-14.849,-81.679,222.366,-55.847,16.962,8.878,-16.763,-106.229,-216.412,1.634,0,0
5.878,28.369,0,44.793,447.156,-300.614,5,15,10,1,0,2.189,-2.419,-17.402,-153.725,25.16,61.176,4.68,3.221,-8.704,-85.634,-198.107,-17.237,5.228,7.175,-18.109,-91.053,452.26,379.603,17.955,-0.592,-20.382,-123.084,-208.305,-2.733,0,0
5.956,25.531,0,49.465,467.206,-283.848,5,15,10,1,0,11.894,-6.728,-13.604,-147.344,31.176,53.16,10.804,2.338,-8.337,-102.26,-184.137,-16.214,7.774,5.525,-19.079,-94.779,477.328,-150.901,14.322,5.827,-17.802,-137.527,-204.733,-0.427,0,0
5.995,22.854,0,54.344,487.828,-267.678,5,15,10,1,0,6.023,-2.323,-18.391,-143.099,12.351,50.412,8.751,-2.175,-8.268,-109.893,-182.595,-9.237,6.747,0.74,-19.699,-110.412,-497.603,-176.519,12.397,4.167,-21.783,-132.931,-216.229,-1.13,0,0
5.995,20.474,0,59.229,488.572,-238.015,5,15,10,1,0,5.042,-7.616,-17.517,-115.939,12.687,46.046,12.461,-3.87,-8.692,-120,-175.924,-6.168,7.842,-2.698,24.439,448.733,254.977,137.282,16.305,5.825,-16.095,-166.275,-188.824,-13.511,0,0
5.956,18.269,0,63.964,473.443,-220.528,5,15,10,1,0,6.488,-12.052,-13.846,-96.244,18.198,43.664,8.989,-5.006,-10.94,-112.26,-171.939,6.122,3.454,8.422,-21.273,-119.908,-314.779,-235.481,10.318,-2.417,-20.176,-156.076,-169.679,-22.901,0,0
5.878,16.24,0,68.095,413.087,-202.87,5,15,10,1,0,6.33,-5.482,-14.389,-88.076,8.351,39.786,10.663,-5.504,-11.046,-116.779,-171.985,20.504,7.968,1.66,-19.63,-31.939,-22.794,-311.328,7.257,-2.955,-14.255,-134.092,-119.71,-23.038,0,0
5.76,14.318,0,71.592,349.732,-192.192,5,15,10,1,0,4.129,-8.622,-16.827,-65.206,13.282,32.076,9.262,-7.384,-9.875,-102.824,-167.603,24.244,7.968,0.03,-21.598,-47.878,469.542,-244.519,10.928,-9.676,-13.07,-84.427,-68.198,-19.374,0,0
5.603,12.622,0,74.431,283.871,-169.636,5,15,10,1,0,7.329,-7.334,-14.416,-60.718,8.992,25.084,11.839,-6.613,-9.393,-97.389,-154.412,28.122,6.136,2.875,-22.432,-3.023,433.939,-149.069,10.114,-11.216,-12.622,-14.122,-14.748,-11.038,0,0
5.407,11.132,0,76.668,223.755,-149.014,5,15,10,1,0,6.483,-9.58,-15.527,-36,16.031,24.015,9.115,-6.469,-9.087,-83.969,-147.603,26.992,6.196,2.632,-15.496,-10.015,202.153,-17.71,8.986,-6.332,-11.731,34.962,22.397,-7.252,0,0
5.172,9.762,0,78.374,170.609,-136.952,5,15,10,1,0,4.117,-7.015,-13.961,-31.389,3.023,18.519,10.895,-3.878,-8.701,-70.611,-136.397,23.908,5.834,2.65,-15.596,-15.847,382.336,-16.55,11.058,-1.727,-12.981,77.985,56.366,-12.321,0,0
4.898,8.623,0,79.642,126.744,-113.903,5,15,10,1,0,5.525,-6.658,-13.831,-17.374,4.015,16.366,9.233,-4.709,-8.754,-64.702,-129.221,22.718,4.251,1.726,-17.867,-13.435,367.145,22.198,7.357,-1.332,-16.051,95.511,84.092,-20.977,0,0
4.584,7.469,0,80.583,94.116,-115.38,5,15,10,1,0,5.578,-5.635,-13.925,2.809,6,15.847,8.83,-3.516,-9.137,-49.649,-128.794,23.13,3.494,0.453,-15.096,-0.58,176.122,19.71,3.715,-0.077,-16.794,96.168,105.481,-27.359,0,0
4.232,6.397,0,81.286,70.278,-107.254,5,15,10,1,0,4.613,-2.929,-13.69,0.427,-1.908,12,9.204,-0.656,-9.238,-39.786,-125.893,16.244,2.603,1.698,-15.041,15.237,343.756,84.275,6.383,1.475,-14.861,91.71,123.282,-28.397,0,0
3.84,5.451,0,81.729,44.3,-94.517,5,15,10,1,0,6.316,-5.03,-12.023,4.168,-3.511,10.489,9.353,0.642,-8.933,-37.313,-118.809,11.634,1.605,2.369,-15.462,27.405,167.084,18.947,4.177,0.383,-15.295,76.504,140.076,-28.122,0,0
3.409,4.536,0,81.923,19.432,-91.507,5,15,10,0,0,7.017,-3.24,-11.961,7.893,-4.061,12.916,9.872,1.832,-9.295,-32.061,-113.298,11.725,0.438,4.254,-15.771,36.885,448.214,30.046,4.34,-0.148,-14.545,57.267,157.908,-25.008,0,0
2.939,3.668,0,81.894,-2.941,-86.849,5,15,10,0,0,6.814,-2.074,-12.718,2.656,-9.237,11.435,11.786,2.388,-8.404,-37.557,-104.076,9.298,1.791,4.165,-14.763,43.176,155.282,13.13,5.111,-1.43,-13.973,37.328,175.832,-17.618,0,0
2.429,2.925,0,81.868,-2.575,-74.33,5,15,10,0,0,2.493,-4.098,-12.14,1.008,-16.656,10.015,12.274,1.751,-8.028,-46.55,-95.863,9.053,1.284,2.506,-21.392,105.985,312.809,-10.168,10.148,-1.435,-12.66,37.282,182.656,-5.649,0,0
1.881,2.383,0,81.711,-15.713,-54.176,5,15,10,0,0,4.033,-2.486,-13.357,4.702,-20.183,10.824,12.342,-1.643,-8.557,-51.038,-86.611,11.649,-0.074,6.749,-17.397,39.008,141.328,-12.122,9.408,-0.656,-13.35,-1.359,210.107,-3.374,0,0
1.293,2.076,0,81.18,-53.135,-30.727,5,15,10,0,0,6.869,-5.961,-10.742,12.931,-26.824,6.473,11.721,-1.487,-9.774,-53.191,-73.328,19.786,1.051,6.96,-15.608,21.863,284.382,-10.962,4.498,-1.861,-15.335,-12.519,222.916,3.557,0,0
0.666,2.053,0,80.429,-75.096,-2.277,5,15,10,0,0,4.977,-5.025,-11.827,15.878,-38.626,3.725,13.091,-1.985,-7.995,-49.405,-54.595,20.656,0.74,8.584,-14.99,5.863,136.214,-11.511,6.658,-1.291,-15.702,-23.206,234.763,17.099,0,0
0,2.188,0,79.407,-102.173,13.561,5,15,10,0,0,6.203,-5.889,-12.047,33.71,-33.695,4.336,10.332,-2.445,-9.738,-36.168,-51.832,20.931,0.716,7.374,-15.022,-11.45,255.771,-25.344,5.35,-1.439,-16.346,-29.817,246.58,32.153,0,0
0,2.599,0,78.184,-122.303,41.05,5,15,10,0,0,7.152,-1.988,-12.133,24.122,-49.893,1.832,10.758,-4.194,-8.986,-25.985,-38.275,19.115,-1.351,8.159,-24.132,-50.076,478.275,-91.359,9.02,1.461,-16.142,-41.771,263.649,43.405,0,0
0,3.035,0,76.73,-145.397,43.591,5,15,10,0,0,6.282,-5.657,-11.896,43.084,-47.786,2.092,9.312,-5.633,-8.945,-6.366,-41.374,18.29,-0.575,8.68,-15.256,-55.481,226.855,-41.405,7.59,1.739,-16.418,-55.817,271.74,50.748,0,0
0,3.302,0,75.071,-165.882,26.711,5,15,10,0,0,7.099,-3.36,-12.983,42.718,-49.908,4.473,6.946,-5.192,-9.041,13.176,-52.092,19.023,-0.762,15.087,27.495,-426.626,-154.397,-176,7.52,1.712,-16.025,-58.611,276.58,59.084,0,0
0,3.255,0,73.192,-187.878,-4.726,5,15,10,0,0,4.495,-2.227,-15.805,37.344,-41.618,4.672,6.797,-3.475,-10.1,32.046,-71.924,8.534,-2.999,12.731,17.934,451.42,-263.221,-358.351,6.591,-0.908,-16.25,-61.038,285.603,65.756,0,0
0,3.229,0,71.2,-199.185,-2.586,5,15,10,0,0,4.34,-4.455,-13.517,14.366,-59.725,-2.687,11.872,0.172,-8.083,35.786,-67.634,7.221,-1.396,6.883,-14.384,-78.107,164.687,-118.107,6.902,0.769,-15.711,-40.55,282.916,73.13,0,0
0,3.206,0,69.058,-214.257,-2.232,5,15,10,0,0,7.556,-5.267,-12.648,18.779,-49.282,-0.641,10.837,-1.231,-10.114,23.573,-68.244,6.519,-2.783,6.766,-14.95,-91.267,131.954,-33.557,7.046,-0.707,-17.361,-30.29,289.191,71.603,0,0
0,3.177,0,66.806,-225.186,-2.93,5,15,10,0,0,7.209,-4.263,-13.441,20.061,-49.847,-0.244,10.392,-1.193,-10.552,12.473,-64.962,8.733,-3.224,6.423,-15.503,-101.13,223.13,479.389,10.564,4.874,-12.806,-24.427,292.473,73.695,0,0
0,3.093,0,64.426,-238.026,-8.389,5,15,10,0,0,8.395,-5.477,-11.76,18.626,-45.527,1.527,8.962,-1.997,-10.243,6.504,-66.244,9.389,-2.218,4.996,-13.812,-106.473,88.107,-21.435,6.143,0.829,-18.358,-6.641,287.16,72.656,0,0
0,2.796,0,61.95,-247.525,-29.686,5,15,10,0,0,8.955,-5.767,-11.24,19.053,-44.061,1.863,11.197,-0.206,-8.052,9.527,-72.55,9.969,-3.315,9.239,-27.207,237.435,291.053,14.656,9.42,2.239,-16.794,-15.527,295.802,71.496,0,0
0,2.39,0,59.383,-256.772,-40.638,5,15,10,0,0,6.483,-4.555,-12.665,4.687,-44.168,0.168,9.252,-2.441,-9.973,2.107,-82.046,1.313,-4.163,3.799,-14.107,-75.237,59.573,5.771,9.915,2.486,-18.976,-16.626,291.405,69.725,0,0
0,1.955,0,56.793,-258.923,-43.533,5,15,10,0,0,2.989,-1.705,-15.153,-20.26,-39.359,3.664,8.378,-1.382,-10.665,-4.412,-82.763,6.763,-1.983,6.415,-10.849,-462.168,178.931,82.443,10.56,3.947,-17.728,-20.336,277.557,66.229,0,0
0,1.515,0,54.154,-263.97,-43.991,5,15,10,0,0,6.409,-5.192,-12.742,-24.015,-44.87,-1.817,8.909,-0.874,-9.97,-11.786,-80.55,6.565,-2.28,5.515,-9.848,-73.466,13.191,69.435,8.612,3.894,-19.486,-21.893,264.26,59.588,0,0
0,1.174,0,51.513,-264.119,-34.081,5,15,10,0,0,2.788,-4.677,-12.928,-28.962,-51.42,-2.595,13.716,-1.284,-7.403,-16.366,-70.84,1.618,-1.653,2.426,-8.914,-19.649,-1.344,13.13,9.753,2.795,-19.39,-23.985,248.519,52.794,0,0
0,0.885,0,48.891,-262.15,-28.908,5,15,10,0,0,11.333,-6.783,-10.552,-19.573,-50.244,-6.947,11.611,-3.061,-10.129,-23.832,-66.55,7.771,-2.179,3.777,-8.141,-9.481,-14.076,41.618,6.74,2.711,-20.35,-17.13,232.489,44.26,0,0
0,0.801,0,46.357,-253.407,-8.389,5,15,10,0,0,7.959,-6.754,-11.795,-19.115,-62.321,-8.214,13.57,-2.417,-8.495,-19.069,-55.71,10.137,-3.092,2.943,-7.643,-8.015,-59.603,61.679,9.3,2.742,-19.864,-1.099,207.176,33.221,0,0
0,0.801,0,43.984,-237.305,0,5,15,10,0,0,7.906,-6.476,-13.28,-4.198,-58.55,-5.74,12.088,-2.855,-9.417,-17.038,-58.748,11.603,-1.791,5.48,-2.069,-14.061,-123.481,38.595,6.141,4.04,-20.959,24.015,170.855,19.557,0,0
0,0.804,0,41.809,-217.518,0.309,5,15,10,0,0,7.738,-3.791,-13.953,-2.015,-62.748,-5.878,10.794,-2.127,-9.654,-11.649,-60.107,10.855,-1.672,6.342,11.075,-29.695,426.992,100.397,8.481,7.681,-17.211,35.405,137.344,3.908,0,0
0,0.856,0,39.959,-185.017,5.161,5,15,10,0,0,7.604,-3.214,-12.746,-12,-66.641,-9.298,10.584,-1.588,-10.002,-12.26,-58.931,8.916,-1.703,1.241,-0.479,39.74,-183.695,1.71,6.45,5.164,-21.543,54.947,97.099,-14.168,0,0
0,0.87,0,38.534,-142.456,1.431,5,15,10,0,0,6.996,-2.098,-13.448,-18.931,-66.916,-11.237,10.955,-0.412,-10.172,-16.809,-61.267,5.756,-1.758,1.988,-4.826,15.374,-85.206,-16.427,6.677,6.835,-19.201,60.824,54.29,-29.695,0,0
0,0.889,0,37.509,-102.471,1.888,5,15,10,0,0,7.983,-2.476,-13.189,-28.824,-67.496,-14.092,10.718,-0.357,-10.837,-25.802,-59.954,4.183,3.827,2.793,5.585,71.313,-76.595,-15.389,10.529,2.021,-19.531,74.992,21.252,-27.664,0,0
0,0.918,0,36.942,-56.774,2.895,5,15,10,0,0,8.344,-2.888,-13.757,-34.198,-67.16,-14.626,10.402,-0.359,-11.094,-31.679,-61.145,1.939,4.467,5.992,1.892,62.947,-120.244,0.183,9.087,0.527,-24.587,78.397,-6.779,-21.756,0,0
0,0.936,0,36.806,-13.561,1.808,5,15,10,0,0,8.138,-2.886,-14.957,-35.466,-68.656,-14.748,10.859,-0.45,-11.211,-34.611,-61.893,-2.656,2.714,6.991,-6.196,27.618,-112.992,388.641,9.233,5.71,-25.643,59.374,-45.344,-10.55,0,0
0,0.98,0,37.084,27.809,4.429,5,15,10,0,0,8.519,-2.855,-14.686,-39.42,-72.779,-15.603,12.73,-0.146,-10.979,-36.718,-60.718,-5.725,0.273,9.374,-7.597,51.802,-128.382,-120.183,6.876,3.492,-26.225,15.206,-104.916,-3.237,0,0
0,1.189,0,37.835,75.073,20.874,5,15,10,0,0,8.39,-4.45,-12.365,-42.305,-85.634,-19.023,15.074,-0.275,-9.8,-41.252,-46.107,-1.237,1.389,9.227,-10.045,35.16,-182.733,-120.733,5.535,6.026,-13.494,-54.427,-136.992,-1.679,0,0
0,1.519,0,38.751,91.587,32.982,5,15,10,0,0,10.543,-5.585,-12.569,-29.542,-86.092,-21.634,14.61,-1.174,-11.498,-48.382,-42.443,2.473,-2.206,11.097,-37.286,-79.16,453.237,44.458,15.582,6.526,-0.924,-124.015,-104.443,-1.435,0,0
0,1.878,0,39.443,69.237,35.877,15,15,10,0,0,10.972,-2.292,-13.494,-19.481,-76.595,-18.855,13.082,-2.318,-11.994,-44.092,-42.015,-1.771,4.222,12.417,-15.932,-151.679,-310.55,-301.863,9.388,-2.867,4.352,-141.313,-92.458,5.008,0,0
0,2.247,0,39.816,37.319,36.964,15,15,10,0,1,13.199,-3.37,-10.792,-18.031,-82.29,-23.237,13.747,-1.497,-12.847,-38.443,-40.092,-2.336,3.03,9.614,-13.963,-125.679,-83.817,-108.427,9.697,-9.127,-0.522,-113.13,-48.397,12.443,0,1
0,2.675,0,39.904,8.812,42.812,15,5,10,0,1,8.792,-2.237,-13.266,-23.176,-83.74,-22.992,15.386,-0.093,-10.792,-33.099,-32.458,-8.137,3.985,7.841,-9.451,-340.626,-277.084,-306.687,7.877,2.079,-4.668,-104.885,-59.023,15.053,0,0
0,3.155,0.659,39.952,4.772,47.985,15,5,10,0,1,11.714,-1.911,-12.545,-27.252,-82.137,-25.328,16.394,-0.213,-9.999,-33.649,-27.664,-10.458,1.29,-5.691,7.463,-428.229,-459.145,-58.87,14.466,-0.01,-16.308,-71.237,-76.382,-0.58,0,0
0,3.69,1.279,40.336,38.406,53.524,15,5,10,0,1,13.961,-3.461,-10.236,-30.122,-81.71,-28.153,16.557,-1.164,-8.933,-34.84,-22.458,-10.779,1.842,-1.978,-2.905,-159.282,-109.145,-159.695,10.433,0.663,-19.862,-43.435,-115.359,-17.145,0,0
0,4.327,1.862,41.12,78.369,63.652,15,5,10,0,1,9.829,-1.02,-9.374,-38.443,-88.794,-28.183,15.843,0.369,-6.855,-36.153,-12.885,-8.931,2.738,-2.433,-3.494,-107.679,-203.924,-155.786,11.975,4.747,-15,-40.443,-133.206,-26.779,0,0
0,5.012,2.405,41.999,87.868,68.539,15,5,10,0,1,10.711,-2.297,-7.877,-46.351,-88.489,-28.443,16.559,0.752,-5.35,-39.908,-5.466,-10.321,3.406,1.777,-2.869,-57.603,-249.847,-188.458,12.133,4.21,-8.763,-62.748,-111.771,-31.008,0,0
0,5.821,2.911,42.647,64.842,80.898,15,5,10,0,1,9.891,-1.442,-6.742,-53.328,-91.924,-29.832,15.582,-0.053,-2.879,-39.557,2.641,-14.733,4.328,3.44,-11.63,66.55,-288.992,-441.405,10.354,-4.206,-9.039,-48.015,-86.183,-23.603,0,0
0,6.741,3.378,42.735,8.823,91.953,15,5,10,0,1,9.805,-1.291,-5.925,-64.962,-94.58,-34.763,15.85,0.709,-2.68,-41.008,13.298,-18.733,0.012,8.555,-20.877,52.641,-111.252,-96.489,14.044,-4.62,-12.753,-32.672,-38.015,-14.183,0,0
0,7.945,3.807,42.236,-49.873,120.449,15,5,10,0,1,10.907,-4.503,-4.44,-65.756,-99.496,-37.573,15.105,-0.433,-3.444,-44.229,33.145,-21.466,4.436,6.735,-12.562,17.053,-496.26,403.053,6.28,-7.439,-13.484,37.115,-39.634,-9.206,0,0
0,9.388,4.198,41.512,-72.441,144.287,15,5,10,0,1,10.299,-5.338,-8.028,-55.115,-104.534,-38.824,15.29,-0.831,-2.733,-45.176,55.008,-26.183,4.404,4.785,-8.366,2,489.389,-14.779,16.267,5.075,-7.427,62.641,-27.725,-5.038,0,0
0,11.11,4.55,40.197,-131.504,172.142,15,5,10,0,1,9.566,-6.239,-10.964,-45.786,-118.412,-42.382,16.918,-1.377,-1.432,-40.168,74.748,-30.244,3.233,9.561,-6.615,36.992,420.015,-5.252,8.967,0.905,-12.914,62.626,-3.847,-10.855,0,0
0,13.197,4.865,38.384,-181.252,208.718,15,5,10,0,1,10.996,-10.088,-11.896,-34.489,-140.366,-45.924,16.959,-2.977,-2.393,-27.328,103.252,-33.008,0.182,6.771,-14.519,15.557,-310.061,-4.794,12.243,-0.271,-12.37,70.702,17.176,-2.015,0,0
0,15.822,5.14,36.173,-221.18,262.551,15,5,10,0,1,11.788,-8.023,-16.312,-12.504,-162.336,-47.817,16.607,-6.184,-4.354,-14.794,128.672,-36.794,0.022,6.855,-13.108,13.649,-169.374,10.473,6.783,-1.142,-12.492,58.092,17.878,-6.626,0,0
0,18.928,5.378,33.806,-236.63,310.605,15,5,10,0,1,7.334,-11.76,-17.603,33.664,-190.351,-48.229,17.555,-6.273,-5.995,8.794,151.267,-30.947,2.026,3.097,-14.497,5.496,-164.931,-9.466,9.681,-1.387,-9.317,61.038,7.45,-12,0,0
0,22.74,5.577,31.529,-227.749,381.169,15,5,10,0,1,10.303,-11.434,-17.876,82.595,-209.115,-50.489,17.668,-5.916,-5.633,39.237,185.725,-20.595,4.237,1.875,-10.634,-7.603,-154.687,-1.221,9.333,-0.481,-10.426,57.618,-12.962,-14.855,0,0
0,27.05,5.738,29.562,-196.656,431.02,15,5,10,0,1,12.701,-13.197,-15.771,125.298,-226.229,-58.718,14.631,-6.038,-7.35,57.374,207.16,3.298,2.927,0.207,-17.905,-4.351,375.328,5.863,6.416,-3.341,-15.932,46.672,-14.824,-19.405,0,0
0,31.848,5.86,27.988,-157.482,479.794,15,5,10,0,1,11.046,-11.738,-12.452,167.542,-237.618,-57.588,16.296,-5.719,-11.003,84.656,222.336,25.893,3.49,1.351,-12.222,5.252,-131.664,-1.084,9.633,-1.942,-12.468,32.763,-15.237,-21.908,0,0
0,36.737,5.945,26.669,-131.859,488.893,15,5,10,0,1,9.671,-4.438,-19.673,181.344,-231.573,-58.931,13.642,-5.82,-12.859,120.229,234.611,51.695,2.467,-0.147,-17.824,34.214,-500.046,-41.893,11.18,-2.053,-12.667,26.687,-12.58,-24.565,0,0
0,41.918,5.991,25.464,-120.495,518.132,15,5,10,0,1,9.647,-3.717,-23.299,174.55,-245.832,-66.244,11.63,-4.266,-13.374,136.641,235.939,71.908,0.58,1.178,-14.631,29.786,-235.374,-30.779,12.737,-1.037,-8.828,27.008,-10.275,-24.611,0,0
0,47.02,5.998,24.219,-124.512,510.167,15,5,10,0,1,12.298,-8.577,-18.77,190.656,-237.496,-67.038,14.442,0.56,-12.818,132.992,243.695,89.053,2.575,2.765,-14.571,87.405,-490.153,-21.74,9.096,-3.542,-12.234,53.099,-17.618,-22.977,0,0
0,52.133,5.968,23.062,-115.654,511.266,15,5,10,0,1,11.515,-4.227,-17.608,220.336,-199.389,-55.45,14.693,0.254,-13.927,123.817,250.305,89.618,2.539,4.522,-13.268,60.656,-124.504,-3.237,11.242,1.514,-9.815,66.061,-16.87,-19.771,0,0
0,56.743,5.899,21.853,-120.919,461.038,15,5,10,0,1,20.88,-2.972,-13.551,185.527,-176.122,-58.397,14.435,2.096,-15.117,110.718,263.481,102.153,2.742,4.371,-13.369,76.397,-126.366,-9.542,11.451,0.637,-9.568,73.252,-14.656,-18.672,0,0
0,60.973,5.791,20.664,-118.95,422.997,15,5,10,0,1,9.434,5.128,-18.54,155.008,-139.237,-55.13,19.625,0.881,-12.445,105.863,272.198,76.916,6.297,5.765,-11.043,80.595,-249.206,-12.275,9.659,2.112,-10.301,91.435,-19.053,-12.427,0,0
0,64.653,5.646,19.546,-111.74,368.008,15,5,10,0,1,6.45,3.846,-17.472,116.366,-103.649,-49.679,17.474,0.501,-11.161,80.229,268.076,68.702,3.406,15.725,-25.186,-248.473,-229.634,-498.321,9.099,4.112,-12.236,79.115,-11.542,-12.901,0,0
0,68.018,5.462,18.426,-112.038,336.514,15,5,10,0,1,4.867,6.922,-19.227,70.061,-67.695,-43.588,18.181,-0.826,-10.162,67.511,253.313,48.366,1.511,9.597,-14.943,82.336,486.763,-60.58,11.209,3.382,-10.591,67.344,-8.687,-8.397,0,0
0,71.007,5.24,17.342,-108.364,298.852,15,5,10,0,1,6.534,4.021,-20.861,26,-31.588,-37.511,16.851,-0.141,-11.017,59.298,242.504,27.588,1.48,3.512,-19.448,148.992,497.573,-55.939,10.414,6.388,-9.966,52.366,-10.779,-6.763,0,0
0,73.538,4.979,16.353,-98.889,253.075,15,5,10,0,1,3.985,2.239,-19.313,-2.504,2.107,-24.595,14.602,-0.843,-11.192,60.916,228.092,6.748,4.735,8.888,-12.387,59.374,-472.687,-108.458,9.707,2.505,-12.023,52.229,-18.611,-4.84,0,0
0,75.592,4.681,15.632,-72.178,205.41,15,5,10,0,1,5.295,-0.431,-17.134,-32.229,36.305,-16.092,13.125,-2.294,-11.17,62.565,217.115,-14.412,3.276,18.493,-24.669,195.038,125.298,-104.55,12.174,6.067,-8.495,24.107,-15.084,-5.588,0,0
0,77.218,4.344,14.95,-68.115,162.667,15,5,10,0,1,3.576,1.198,-19.254,-57.664,65.939,-10.229,12.183,-1.571,-11.554,61.481,206.443,-31.053,1.217,9.217,-21.574,77.053,-437.511,-120.183,9.18,3.391,-9.503,7.71,-13.71,-7.099,0,0
0,78.478,3.968,14.313,-63.709,125.965,15,5,10,0,1,2.56,-0.565,-18.696,-73.344,90.748,-4.718,11.721,-0.642,-11.669,55.832,195.786,-44.031,1.442,17.367,-43.359,158.275,190.275,-158.779,8.658,1.739,-10.064,-1.328,-15.191,-6.229,0,0
0,79.375,3.555,13.716,-59.681,89.699,15,5,10,0,1,1.097,-0.932,-19.845,-77.252,112.489,1.832,10.524,0.735,-11.803,46,185.786,-53.038,3.969,5.997,-12.495,6.626,-91.695,-6.779,10.581,1.909,-10.002,0.702,-22.351,-5.084,0,0
0,79.968,3.103,13.328,-38.876,59.292,15,5,10,0,1,-0.721,-0.948,-20.844,-75.573,132.046,4.992,12.698,-0.18,-10.272,28.595,178.168,-60.58,3.353,5.188,-12.95,7.985,-91.099,-16.366,5.784,-3.961,-15.263,12.183,-39.053,-6.26,0,0
0,80.232,2.612,13.317,-1.099,26.379,15,5,10,0,1,-0.129,-4.582,-17.879,-60.672,154.412,7.282,10.409,0.992,-11.372,11.817,167.74,-55.863,3.954,6.426,-12.466,11.008,-247.16,-6.29,11.012,5.887,-7.24,-6.336,-35.344,-6.977,0,0
0,80.126,2.084,13.35,3.376,-10.574,15,5,10,0,1,0.826,-1.109,-18.954,-49.649,180.504,9.115,11.273,0.889,-11.795,-0.321,159.527,-55.191,3.868,6.755,-15.108,25.466,113.328,-89.893,10.358,0.855,-8.057,-22.122,-36.687,-10.809,0,0
0,80.045,1.517,13.369,1.808,-8.057,15,5,10,0,1,0.489,-4.234,-16.82,-53.313,187.618,-1.069,12.078,3.856,-11.659,-23.985,164.275,-33.176,3.008,6.555,-12.538,9.328,-109.878,-14.351,9.645,0.069,-8.869,-15.557,-40.427,-10.122,0,0
0,79.709,0.912,13.397,2.872,-33.68,15,5,10,0,1,-2.165,-1.732,-18.942,-26.87,218.87,5.466,13.333,0.091,-11.635,-19.45,164.733,-33.695,2.026,4.286,-20.061,37.969,97.45,-111.634,9.463,0.369,-9.367,-8.229,-44.718,-10.977,0,0
0,79.108,0.268,13.416,1.854,-60.104,15,5,10,0,1,2.316,-5.08,-16.315,-4.809,240.092,2.336,10.56,-2.967,-14.698,-8.901,156.702,-18.992,1.938,5.682,-15.352,8.534,-117.053,-15.45,10.045,0.568,-8.775,-1.832,-48.229,-11.328,0,0
0,78.222,0,13.416,-0,-88.577,15,5,10,0,1,1.794,-2.074,-18.547,-1.679,255.634,-3.557,7.276,-2.299,-14.758,6.718,145.328,-5.908,2.5,5.305,-11.956,7.847,-60.351,-8.809,9.53,0.462,-9.147,3.099,-52.458,-11.42,0,0
0,77.137,0,13.416,-0,-108.467,15,5,10,0,1,2.675,-2.254,-18.916,0.809,270.458,-8.198,5.729,-2.891,-14.21,25.511,132.427,-2.321,2.709,4.991,-11.769,16.672,-62.672,-10.412,9.23,0.623,-8.926,5.664,-53.985,-10.84,0,0
0,75.838,0,13.416,-0,-129.959,15,5,10,0,1,1.291,-1.679,-20.614,-0.763,277.634,-9.313,5.726,-1.918,-13.019,43.969,121.237,-3.16,2.496,5.233,-12.078,27.588,-64.382,-12.26,9.551,0.544,-9.178,5.908,-54.611,-9.664,0,0
0,74.358,0,13.416,-0,-147.961,15,5,10,0,1,2.306,-3.272,-19.443,2.672,287.466,-10.626,5.303,-1.966,-13.647,60.076,111.008,-5.771,2.673,5.171,-12.902,32.687,-65.985,-11.282,10.102,0.977,-9.642,7.466,-54.626,-9.435,0,0
0,72.603,0,13.405,-1.099,-175.461,15,5,10,0,0,2.745,-0.934,-20.916,1.389,298.366,-11.695,3.676,-3.164,-13.441,80.885,98.183,-7.481,2.876,5.053,-13.285,37.16,-64.901,-10.015,9.939,1.03,-10.524,11.908,-57.099,-10.214,0,0
0,70.722,0,13.405,-0,-188.164,15,5,10,0,0,3.578,-2.393,-20.652,-3.145,302.626,-15.313,3.947,-2.577,-13.939,100.214,91.008,-10.992,2.484,5.336,-13.838,41.115,-65.359,-9.405,9.973,1.588,-11.23,12.702,-56.473,-10.565,0,0
0,68.63,0,13.402,-0.309,-209.13,15,5,10,0,0,4.402,-0.098,-23.1,-2.122,307.939,-16.748,2.544,-1.377,-14.408,116.87,80.351,-14.076,2.026,5.868,-14.411,44.809,-67.573,-10.015,9.932,1.195,-11.391,11.664,-56.412,-10.855,0,0
0,66.481,0,13.397,-0.446,-214.989,15,5,10,0,0,2.359,-0.829,-23.078,-1.45,305.603,-16.611,1.873,-1.617,-13.589,124.977,74.962,-22.641,1.535,5.995,-15.319,45.435,-73.008,-10.015,10.258,0.956,-11.472,11.344,-53.893,-10.122,0,0
0,64.202,0,13.383,-1.465,-227.807,15,5,10,0,0,-2.352,-2.333,-23.991,0.031,298.443,-17.695,3.137,-0.381,-10.938,120.87,66.656,-28.366,1.229,6.411,-16.322,45.069,-74.183,-10.458,10.67,1.078,-12.157,17.176,-60.137,-10.87,0,0
0,61.903,0,13.372,-1.076,-229.924,15,5,10,0,0,21.883,-13.558,-20.731,15.832,306.519,-22.366,6.948,3.128,-9.386,88.931,64.794,-41.832,2.419,6.27,-16.116,42.229,-74.55,-8.992,10.224,1.688,-11.187,14.901,-63.481,-11.237,0,0
0,59.493,0,13.35,-2.14,-241.024,15,5,10,0,0,-0.92,-4.558,-23.174,10.748,277.511,-17.267,-0.134,0.474,-10.332,89.649,43.802,-27.679,2.687,6.768,-16.068,42.031,-75.16,-8.534,10.617,0.913,-11.019,13.634,-61.924,-10,0,0
0,57.201,0,13.302,-4.818,-229.226,15,5,10,0,0,-1.449,2.048,-26.384,-9.496,262.504,-14.061,1.221,2.893,-6.809,61.511,20,-32.702,3.466,7.87,-15.103,38.626,-74.412,-7.817,12.1,2.814,-9.113,8.489,-58.229,-6.137,0,0
0,54.93,0,13.068,-23.403,-227.074,15,5,10,0,0,1.502,-3.188,-22.221,-23.115,240.183,-7.817,4.072,4.031,-5.94,28.519,1.817,-36.58,8.256,6.534,-10.454,28.458,-79.466,1.008,7.925,-0.096,-13.716,9.298,-55.099,-2.458,0,0
0,52.773,0,12.713,-35.568,-215.653,15,5,10,0,0,3.303,-3.463,-23.184,-41.435,220.534,-1.191,7.147,4.299,-3.662,2.092,-7.298,-36.427,5.353,5.595,-14.507,28.84,-167.328,1.832,16.358,-0.165,-10.112,16.26,-39.313,4.183,0,0
0,50.587,0,12.299,-41.313,-218.663,15,5,10,0,0,3.348,-3.08,-26.633,-43.908,205.435,6.412,5.101,2.318,-5.595,-16.107,-20.718,-41.756,5.336,6.895,-13.546,14.794,-423.511,25.313,10.212,3.329,-9.906,19.832,-48.046,9.237,0,0
0,48.548,0,11.845,-45.445,-203.911,15,5,10,0,0,1.363,-3.87,-27.047,-50.321,174.702,10.87,6.023,3.518,-5.121,-25.939,-27.053,-36.076,3.111,7.379,-15.608,19.313,-89.481,4,10.936,2.563,-11.034,21.664,-43.023,3.725,0,0
0,46.57,0,11.325,-52.002,-197.754,15,5,10,0,0,1.238,-5.197,-26.012,-54.58,148.473,19.511,4.196,1.609,-4.127,-40.321,-42.473,-32.931,5.262,5.734,-14.729,13.74,-92.656,2.443,8.838,0.972,-11.628,20.183,-50,5.221,0,0
0,44.838,0,10.896,-42.87,-173.252,15,5,10,0,0,-0.592,-5.109,-26.52,-69.191,109.374,25.695,5.166,2.048,-4.22,-44.504,-53.45,-25.832,6.713,6.265,-12.821,10.687,-86.58,2.809,8.414,0.443,-11.93,26.351,-57.893,6.351,0,0
0,43.27,0,10.648,-24.868,-156.761,15,5,10,0,0,0.781,-6.876,-26.096,-70.824,76.687,32.305,5.396,-0.067,-2.793,-46.87,-64.092,-16.183,8.002,5.331,-10.291,14.565,-72.473,-3.603,12.548,2.591,-7.413,19.481,-68.733,7.038,0,0
0,41.952,0,10.475,-17.223,-131.836,15,5,10,0,0,0.422,-7.027,-26.367,-71.405,40.275,38.305,5.633,-0.319,-3.183,-43.42,-72.336,-5.634,10.335,3.99,-8.725,18.427,-68.382,4.58,6.766,-2.259,-12.473,23.008,-71.511,5.939,0,0
0,40.868,0,10.468,-0.71,-108.341,15,5,10,0,0,9.345,-6.194,-24.839,-64.611,25.16,30.901,9.999,-3.284,-2.709,-48.443,-70.885,-7.481,10.368,4.589,-8.232,18.809,-65.13,3.282,12.49,0.398,-6.136,13.969,-63.389,9.588,0,0
0,40.088,0,10.468,-0,-78.072,15,5,10,0,0,4.323,-7.089,-26.23,-62.275,-19.176,17.557,11.927,-2.979,-1.966,-24.29,-69.588,9.527,5.106,4.962,-11.29,38.58,-57.893,4.901,11.989,-0.393,-7.954,14.519,-64.947,12.672,0,0
0,39.63,0,10.479,1.064,-45.731,15,5,10,0,0,2.522,-3.71,-33.846,-38.122,-58.336,4.26,7.302,-4.136,-4.457,-15.649,-78.321,25.588,5.853,4.534,-10.454,46.107,-56.336,7.771,11.379,-1.358,-8.725,27.008,-70.092,16.351,0,0
0,39.696,0,10.526,4.738,6.603,15,5,10,0,0,4.551,-5.861,-18.842,3.389,-97.634,-10.611,6.665,-4.337,-5.794,18.87,-85.45,38.947,5.535,4.479,-11.606,52.87,-54.809,8.244,12.718,-0.845,-8.157,37.023,-73.099,18.931,0,0
0,39.74,0,10.545,1.854,4.337,15,5,10,1,0,13.276,-5.03,-5.413,34.733,-73.557,-19.985,10.782,-6.5,-7.628,37.099,-88.87,47.099,5.022,6.68,-13.443,52.427,-55.16,15.191,11.233,1.746,-8.04,46.29,-75.115,22.397,1,0
0,39.711,0,10.636,9.155,-2.872,5,15,10,1,0,9.494,-3.226,-8.612,42.595,-64.336,-16.855,12.861,-5.592,-8.828,73.237,-70.534,51.695,9.683,4.004,-10.833,66.702,-91.237,32.153,12.377,-2.381,-10.373,62.718,-82.595,24.809,0,0
0.655,39.758,0,11.043,40.615,4.738,5,15,10,1,0,11.015,-4.254,-4.385,57.893,-56.519,-5.038,13.182,-0.534,-6.579,101.405,-52.733,59.267,1.878,12.425,-9.671,145.511,-67.832,251.115,13.381,2.864,-4.56,72.595,-102.595,28.214,0,0
1.273,40.014,0,11.775,73.265,25.6,5,15,10,1,0,4.768,1.818,-13.609,28.458,-70,-4.366,15.881,2.361,-1.602,104.137,-28.26,67.16,10.569,7.851,-11.283,75.008,3.603,18.443,15.529,2.646,-5.449,66.336,-106.55,24.947,0,0
1.852,40.743,0,12.845,106.957,72.91,5,15,10,1,0,4.843,-6.031,-18.317,32.656,-90.84,-2.672,10.775,3.492,-1.377,88.595,-17.053,77.206,11.204,19.361,-8.656,110.29,54.229,68.702,14.483,4.871,-4.455,42.687,-125.71,20.687,0,0
2.394,41.626,0,14.159,131.47,88.268,5,15,10,1,0,4.227,-5.389,-20.971,62.916,-98.641,6.198,5.966,0.563,-2.639,59.725,-30.046,77.466,9.731,10.375,-8.809,25.481,38.427,13.13,15.577,4.539,-3.082,15.863,-124.076,17.954,0,0
2.897,42.299,0,15.657,149.746,67.337,5,15,10,1,0,10.557,-2.587,-21.814,78,-83.847,3.389,5.683,-1.451,-6.91,35.099,-53.313,68.901,8.191,7.535,-9.283,-3.908,52.672,12,14.598,0.347,-5.104,3.573,-132.198,16.046,0,0
3.363,42.493,0,17.466,180.943,19.398,5,15,10,1,0,8.725,0.635,-20.089,69.542,-70.611,3.985,8.704,0.218,-9.475,22.382,-77.908,55.344,8.45,9.127,-7.262,-27.374,73.084,13.069,14.818,0.283,-3.502,-8.84,-140.29,15.542,0,0
3.791,42.238,0,19.685,221.913,-25.566,5,15,10,1,0,12.421,-0.778,-16.37,43.405,-58.214,6.779,11.252,3.612,-9.482,5.725,-95.756,41.618,8.751,7.848,-5.207,-37.008,97.374,15.221,12.121,2.148,-4.007,-26.55,-151.45,18.351,0,0
4.181,41.476,0,22.158,247.227,-76.195,5,15,10,1,0,10.993,1.289,-17.831,22.168,-34.336,22.718,13.745,4.883,-10.217,-16.794,-114.641,25.42,9.757,8.579,-5.465,-33.069,119.16,9.802,17.941,4.836,-1.442,-36.962,-149.878,17.145,0,0
4.534,40.136,0,24.857,269.909,-134.022,5,15,10,1,0,11.384,1.092,-16.032,-11.13,-10.168,37.13,11.604,2.891,-12.519,-24.718,-135.634,11.908,8.986,9.839,-6.804,-31.618,140,12.458,17.632,1.748,-5.295,-36.076,-146.29,15.924,0,0
4.848,38.33,0,27.687,283.024,-180.554,5,15,10,1,0,6.586,8.45,-19.706,-78.504,-1.71,39.817,12.473,-2.28,-13.498,-37.588,-158.87,1.344,9.106,9.506,-7.813,-35.359,158.321,12.168,16.578,-0.144,-11.848,-30.412,-151.756,18.458,0,0
5.124,36.1,0,30.789,310.181,-223.023,5,15,10,1,0,7.003,-1.356,-18.185,-98.901,29.344,41.634,10.097,2.088,-13.613,-33.206,-169.847,-5.71,10.509,12.016,-9.556,-55.359,173.802,16.214,14.21,8.804,-12.756,-43.267,-176.076,18.824,0,0
5.363,33.433,0,34.242,345.338,-266.648,5,15,10,1,0,6.081,0.4,-17.263,-130.489,42.015,48.947,11.843,-4.194,-11.273,-51.878,-183.13,-14.122,8.275,10.629,-12.856,-76.336,447.389,9.374,16.602,7.793,-15.024,-66.397,-194.763,13.45,0,0
5.564,30.317,0,38.073,383.069,-311.6,5,15,10,1,0,18.252,-1.53,-12.931,-133.74,63.16,42.489,7.69,4.064,-11.429,-66.763,-199.542,-5.588,10.311,1.347,-19.232,-208.702,416.351,-14.351,14.935,9.731,-12.854,-103.267,-207.603,9.023,0,0
5.727,27.01,0,42.226,415.307,-330.735,5,15,10,1,0,5.657,4.699,-13.685,-158.26,43.191,55.298,9.587,4.124,-9.06,-76.611,-203.817,-8.748,9.987,7.579,-23.035,-242.763,-213.634,-428.702,13.649,8.967,-11.709,-141.008,-203.435,7.374,0,0
5.852,23.744,0,46.536,430.974,-326.626,5,15,10,1,0,0.697,0.833,-17.029,-162.763,32.58,52.84,8.392,3.336,-8.167,-93.893,-199.985,-10.87,9.714,10.123,-27.332,-243.115,-17.298,-226.198,12.263,3.226,-13.06,-150.626,-193.267,-0.244,0,0
5.939,20.719,0,50.934,439.855,-302.468,5,15,10,1,0,10.505,-2.558,-18.758,-148.763,34.412,47.099,10.394,2.067,-9.446,-106.26,-190.107,-9.252,5.482,3.765,-19.349,-115.267,-495.008,-149.832,10.713,0.443,-17.06,-153.42,-170.565,8.351,0,0
5.988,18.148,0,55.376,444.18,-257.069,5,15,10,1,0,6.249,-10.15,-15.285,-122.427,26.26,43.481,9.412,-1.03,-10.284,-105.038,-176.672,-0.84,6.747,1.574,-17.958,-111.389,-485.969,-164.458,13.192,2.929,-16.768,-130.382,-169.359,4.351,0,0
5.999,15.962,0,59.9,452.352,-218.663,5,15,10,1,0,5.188,-7.645,-14.808,-97.924,16.107,41.069,11.587,-2.553,-11.051,-114.275,-166.427,10.321,8.742,0.321,-16.621,-76.702,-457.481,-317.74,15.28,4.378,-17.817,-126.855,-151.573,-5.023,0,0
5.973,13.959,0,64.302,440.186,-200.318,5,15,10,1,0,4.668,-6.167,-15.81,-64.427,15.832,38.565,9.973,-4.697,-9.788,-111.573,-166.382,22.947,7.619,3.77,-18.013,-49.221,262.031,-84.58,14.037,-0.8,-17.208,-117.847,-129.542,-8.504,0,0
5.908,12.186,0,68.325,402.386,-177.235,5,15,10,1,0,6.306,-6.323,-14.854,-61.649,17.649,34.58,8.423,-7.252,-11.048,-102.519,-163.359,30.885,9.491,4.883,-17.618,-39.939,-498.336,-127.267,13.242,1.523,-11.47,-109.695,-93.573,-6.672,0,0
5.806,10.352,0,71.659,333.321,-183.426,5,15,10,1,0,8.191,-7.621,-14.286,-35.573,21.496,31.237,9.8,-6.419,-8.66,-83.664,-165.847,33.863,0.283,1.527,-30.11,-215.679,-267.74,141.924,14.396,-4.713,-11.393,-72.458,-41.008,-3.206,0,0
5.666,8.55,0,74.229,257.035,-180.188,5,15,10,1,0,9.556,-5.082,-13.85,-42.031,26.824,28.321,7.077,-7.118,-10.414,-69.832,-166.275,27.893,9.853,5.84,-21.091,-52.885,-122.824,-163.786,12.648,-5.983,-11.048,-46.107,-5.099,4.595,0,0
5.488,6.602,0,76.133,190.419,-194.836,5,15,10,1,0,6.471,-5.104,-14.437,-37.634,24.672,24.489,9.899,-3.114,-8.359,-51.557,-165.542,19.466,6.011,6.77,-23.236,-58.504,407.252,-44.305,8.857,-7.46,-13.374,20.412,57.908,20.473,0,0
5.272,4.84,0,77.477,134.388,-176.171,5,15,10,1,0,5.806,-7.161,-11.316,-50.351,18.092,19.603,9.161,-0.984,-9.47,-57.435,-156.641,14.687,3.248,3.921,-16.641,-35.603,-241.511,380.58,8.653,-4.927,-14.99,55.786,90.962,21.542,0,0
5.018,3.064,0,78.455,97.779,-177.624,5,15,10,1,0,8.608,-6.15,-11.807,-36.443,24,18.275,9.032,-0.711,-8.799,-56.443,-152.015,13.786,1.787,2.937,-22.063,-61.74,361.405,9.13,8.481,0.22,-13.568,67.313,111.099,16.977,0,0
4.727,1.402,0,79.059,60.436,-166.203,5,15,10,1,0,5.307,-3.832,-12.782,-41.527,20.641,18.718,10.703,-1.906,-11.158,-67.267,-150.107,11.969,2.536,4.258,-13.903,-24.443,175.359,17.008,5.628,-1.018,-15.814,72,128.504,12.595,0,0
4.397,-0.239,0,79.543,48.374,-164.097,5,15,10,1,0,5.837,-5.341,-13.886,-17.802,19.206,17.618,11.082,-2.62,-8.217,-67.42,-145.679,13.496,2.917,2.526,-18.446,-84.031,-237.435,318.779,1.564,-1.873,-17.108,68.366,141.221,14.031,0,0
4.03,-1.741,0,79.839,29.652,-150.158,5,15,10,1,0,6.354,-3.928,-12.538,-15.832,15.588,15.511,10.05,0.457,-11.944,-69.252,-142.809,12.214,2.189,6.913,-22.269,0.855,336.244,32.611,7.901,0.148,-14.097,45.237,165.511,18.382,0,0
3.625,-3.158,0,79.741,-9.865,-141.724,5,15,10,1,0,4.934,-6.864,-12.593,-0.458,16.26,16.656,10.969,-0.338,-11.697,-58.58,-140.595,12.702,3.085,6.832,-20.252,7.084,-336.809,-374.718,6.716,0.137,-13.939,29.664,184.824,23.191,0,0
3.181,-4.48,0,79.781,4.005,-132.225,5,15,10,1,0,3.935,-2.793,-12.914,3.069,11.786,16.427,10.543,-1.425,-10.993,-51.618,-138.076,10.275,8.26,5.677,-14.653,40.183,-332.458,27.603,6.517,2.036,-11.692,24.794,192.382,31.237,0,0
2.7,-5.714,0,79.627,-15.381,-123.413,5,15,10,1,0,6.996,-4.345,-12.404,5.389,11.267,13.786,10.629,-2.031,-11.343,-38.992,-131.679,10.092,1.811,5.346,-16.358,2.748,-374.977,-63.023,11.321,3.279,-9.97,-2.061,219.42,29.817,0,0
2.182,-6.846,0,79.154,-47.276,-113.159,5,15,10,1,0,5.892,-4.905,-11.683,14.366,6.763,14.015,10.754,-1.918,-11.901,-24.626,-123.557,7.71,-0.11,6.225,-17.263,8.214,148.84,-10.29,8.768,0.081,-13.067,-11.511,232.015,33.038,0,0
1.625,-7.853,0,78.341,-81.276,-100.685,5,15,10,1,0,4.433,-3.47,-12.224,10.061,-1.466,11.023,11.594,-1.581,-9.908,-11.924,-111.527,4.397,-0.75,5.995,-17.96,-3.542,197.908,-17.252,6.797,-1.31,-15.836,-19.71,259.42,42.397,0,0
1.03,-8.581,0,77.206,-113.56,-72.842,5,15,10,1,0,6.792,-4.095,-11.865,1.878,-6.595,7.237,14.828,-2.745,-9.726,-5.664,-92.321,-1.45,-0.802,7.363,-22.844,-44.519,-500.046,-70.473,7.168,-0.582,-16.037,-13.298,269.267,52.672,0,0
0.398,-8.947,0,75.774,-143.143,-36.61,5,15,10,1,0,6.134,-5.008,-10.473,5.924,-15.863,4.656,15.704,-2.79,-10.198,-8.427,-66.107,-1.878,0,7.616,-14.859,-34.198,246.763,-9.618,6.443,1.502,-17.184,-17.511,277.481,61.756,0,0
0,-8.907,0,74.115,-165.928,4.028,5,15,10,1,0,5.109,-6.962,-7.786,10.962,-29.313,0,15.798,-2.136,-6.354,-5.267,-40.076,3.511,-0.738,8.536,-15.747,-50.29,107.908,-3.603,7.741,3.058,-16.023,-34.137,290.244,66.397,0,0
0,-8.879,0,72.16,-195.488,2.85,5,15,10,1,0,8.09,-6.625,-8.071,26.198,-18.229,1.542,7.295,-4.807,-8.09,7.221,-48.336,9.298,-2.781,7.075,-16.758,-68.397,189.084,-6.656,5.573,-0.261,-17.987,-35.664,297.45,70.336,0,0
0,-8.919,0,69.97,-219.052,-4.005,5,15,10,1,0,7.489,0.977,-11.115,-2.321,-27.282,-2.611,7.513,-1.324,-6.258,23.038,-61.115,9.405,-2.778,7.484,-17.591,-89.313,165.115,-15.053,8.026,2.237,-15.352,-47.618,310.366,76.595,0,0
0,-8.973,0,67.553,-241.7,-5.436,5,15,10,1,0,5.382,-7.748,-8.011,-19.16,-38.58,-6.641,10.852,-0.508,-4.658,19.023,-61.359,6.748,-1.741,7.813,-15.795,-112.824,137.389,-22.84,4.663,0.393,-17.177,-33.74,308.427,81.42,0,0
0,-9.215,0,64.99,-256.279,-24.181,5,15,10,1,0,8.89,-5.437,-10.042,-1.939,-27.527,-4.275,7.104,-3.322,-9.012,14.366,-69.389,6.962,-3.64,1.824,-41.654,50.931,426.122,-97.466,4.299,-1.157,-20.324,-26.412,309.084,84.55,0,0
0,-9.637,0,62.317,-267.346,-42.183,5,15,10,1,0,5.923,-5.453,-8.624,-11.664,-39.832,-6.55,9.678,0.668,-7.568,16.321,-72.809,8.382,-5.418,6.519,-17.536,-130.473,42.763,-10.595,8.09,2.005,-20.794,-33.313,312.718,84.305,0,0
0,-9.981,0,59.628,-268.822,-34.39,5,15,10,1,0,7.01,-1.348,-13.62,-28.427,-39.099,-6.641,10.251,-1.14,-9.525,3.069,-72.183,1.954,-3.185,4.697,-16.008,-125.13,37.527,-2.947,10.797,5.808,-20.6,-40.168,303.573,80.076,0,0
0,-10.186,0,56.911,-271.775,-20.519,5,15,10,1,0,2.548,-3.147,-14.135,-23.802,-53.176,-7.466,15.493,0.314,-8.287,-7.084,-65.42,2.061,-0.838,4.462,-12.277,-117.557,55.359,17.649,6.701,4.431,-21.471,-51.328,284.397,75.16,0,0
0,-10.152,0,54.183,-272.805,3.33,5,15,10,1,0,4.627,-3.983,-13.187,-23.344,-55.405,-9.389,11.853,-2.086,-11.031,-17.771,-55.863,9.176,-1.586,2.268,-10.299,-98.748,21.985,362.992,6.91,3.226,-22.856,-50.702,266.824,71.71,0,0
0,-10.113,0,51.513,-266.991,3.971,5,15,10,1,0,7.453,-5.156,-12.212,8.336,-53.359,-7.221,8.299,-2.642,-11.453,-12.611,-60.84,14.031,-1.782,1.394,-8.133,-115.252,-12.702,-362.015,6.732,1.677,-23.871,-38.87,246.198,67.313,0,0
0,-10.108,0,48.924,-258.832,0.446,5,15,10,1,0,5.765,-2.975,-13.005,-2.855,-62.336,-7.298,9.542,-1.023,-9.652,-6.824,-64.427,14.565,-3.042,2.069,-5.053,-37.695,-89.405,88.916,6.74,1.691,-24.63,-16.321,219.74,59.573,0,0
0,-10.101,0,46.507,-241.7,0.71,5,15,10,1,0,8.035,-5.216,-11.158,-6.244,-65.298,-7.664,9.46,-0.443,-9.357,-12.153,-63.985,15.725,-3.547,2.453,-6.141,7.481,-47.847,26.626,7.219,3.509,-23.51,7.756,183.099,50.824,0,0
0,-10.087,0,44.248,-225.964,1.408,5,15,10,0,0,6.893,-4.285,-11.077,-9.466,-69.237,-6.656,10.263,0.484,-8.533,-21.832,-62.275,16.305,-2.74,3.255,-5.252,14.046,-56.031,19.756,5.197,5.408,-24.314,28.992,140.489,37.924,0,0
0,-10.065,0,42.182,-206.589,2.197,5,15,10,0,0,5.877,-4.294,-10.471,-20.229,-73.847,-6.885,10.758,-0.151,-8.488,-35.893,-57.786,17.786,1.715,4.785,-1.681,3.908,-64.244,18.687,10.651,8.203,-19.962,37.191,92.595,30.473,0,0
0,-9.981,0,40.472,-170.975,8.457,5,15,10,0,0,6.047,-4.091,-11.549,-28.336,-77.023,-8.29,11.958,-0.244,-9.183,-45.802,-52.58,17.496,2.709,3.509,-2.39,2.641,-146.015,41.405,6.919,4.143,-26.331,69.252,47.573,15.756,0,0
0,-9.614,0,39.3,-117.234,36.667,5,15,10,0,0,8.598,-4.062,-12.318,-34.336,-87.221,-11.084,12.241,-3.245,-10.806,-58.473,-37.191,19.649,1.502,0.005,-1.76,-6.244,-138.992,24.672,3.284,9.662,-30.546,68.595,-14.962,-4.26,0,0
0,-9.043,0,38.816,-48.328,57.049,5,15,10,0,0,5.231,-6.124,-13.194,-20.931,-97.145,-13.405,13.201,-2.572,-10.588,-61.267,-29.374,23.45,0.86,3.509,-3.008,-0.443,-127.206,12.947,-0.503,8.883,-34.323,52.672,-93.282,-17.954,0,0
0,-8.315,0,39.062,24.536,72.888,5,15,10,0,0,8.066,-4.51,-14.035,-15.359,-100.351,-16,12.904,-2.584,-10.366,-63.359,-30.29,23.527,-0.901,12.263,11.879,12.443,438.702,-240.611,8.129,5.295,-25.734,26.382,-141.481,-22.351,0,0
0,-7.487,0,39.933,87.135,82.775,5,15,10,0,0,9.774,-3.602,-13.508,-16.885,-104.504,-21.298,12.492,-1.775,-9.968,-68.748,-33.069,24.443,4.546,1.237,-10.145,-12.748,-277.756,-144.489,11.472,3.032,-4.127,0.198,-155.527,-9.496,0,0
0,-6.655,0,40.904,97.115,83.164,5,15,10,0,0,10.679,-3.777,-12.306,-26.183,-105.908,-25.176,12.938,-1.729,-9.839,-81.664,-34.733,19.313,3.667,4.887,-20.252,-53.45,-147.252,-238.29,18.128,3.358,10.212,-41.786,-106.26,-3.42,0,0
0,-5.872,0,41.658,75.359,78.312,5,15,10,0,1,10.785,-3.887,-10.15,-37.893,-104.855,-28.656,13.848,0.388,-8.641,-94.397,-35.405,14.901,4.522,9.447,-28.812,-383.282,-495.664,-215.939,27.662,2.534,14.157,-71.176,-41.542,0.061,0,1
0,-5.235,0,41.812,15.381,63.744,5,5,10,0,1,17.742,-0.359,-8.105,-66.855,-92.824,-30.137,11.743,-0.721,-10.169,-108.931,-36.412,10.107,6.337,8.63,24.161,323.893,-422.366,383.145,10.679,-8.071,-7.827,-68.015,-32.763,-6.351,0,0
0,-4.604,0.659,41.79,-2.117,63.034,5,5,10,0,1,8.665,-2.117,-7.724,-102.107,-103.496,-30.824,15.934,1.447,-7.221,-121.13,-26.244,-0.183,0.565,3.504,-10.857,-110,-60.534,-347.42,9.058,-0.228,-16.911,-65.206,-49.573,-8.321,0,0
0,-3.857,1.279,42.131,34.058,74.696,5,5,10,0,1,11.92,-2.68,-7.882,-130.305,-109.008,-36.55,17.417,0.486,-6.699,-130.015,-13.405,0.718,1.863,-2.884,2.855,-213.695,-179.695,-233.282,9.027,0.079,-21.96,-48.656,-87.695,-15.359,0,0
0,-2.927,1.862,42.925,79.422,92.983,5,5,10,0,1,10.531,-3.353,-7.628,-138.275,-120.305,-37.389,16.736,2.211,-7.207,-129.252,-0.885,4.748,-1.063,0.436,0.283,-143.16,-84.565,-121.252,8.49,3.128,-17.943,-36.931,-116.321,-26.015,0,0
0,-1.734,2.405,43.918,99.266,119.374,15,5,10,0,1,12.787,-4.031,-7.54,-137.954,-128.489,-39.664,15.225,0.072,-7.3,-128.351,16.214,6.336,-0.326,3.217,-9.08,-21.725,-214.122,-103.573,10.416,2.831,-13.63,-44.84,-108.656,-27.588,0,0
0,-0.29,2.911,44.665,74.673,144.345,15,5,10,0,1,7.767,-5.2,-9.436,-127.191,-144.992,-41.282,15.596,0.491,-5.552,-108.458,29.893,1.359,1.66,4.718,-12.873,9.237,-136.656,-109.069,10.457,-0.158,-13.41,-50.565,-86.137,-22.473,0,0
0,1.493,3.378,44.939,27.454,178.322,15,5,10,0,1,10.179,-3.209,-10.684,-108.519,-157.939,-40.214,17.46,-0.814,-6.402,-89.618,52.305,-9.298,2.591,7.439,-17.522,11.191,-184.962,-95.237,16.597,-2.132,-12.809,-41.527,-58.611,-15.466,0,0
0,3.544,3.807,44.618,-32.158,205.09,15,5,10,0,1,10.49,-4.852,-12.241,-64.229,-161.084,-37.42,17.445,-0.331,-6.021,-67.481,68.519,-15.511,2.591,7.439,-17.522,9.191,-96.992,-117.557,15.469,-2.395,-13.702,-22.947,-40.794,-17.13,0,0
0,6.008,4.198,43.805,-81.299,246.415,15,5,10,0,1,10.306,-4.124,-11.185,-29.527,-184.336,-34.458,18.679,0.572,-4.304,-47.313,95.511,-14.901,2.955,5.155,-24.501,-23.557,-498.092,-141.252,20.133,4.783,-8.007,-10.443,-22.427,-22.107,0,0
0,9.008,4.55,42.27,-153.443,299.985,15,5,10,0,1,12.888,-2.06,-9.561,-27.45,-202.733,-34.885,20.192,2.709,-5.025,-43.313,132.794,-12.87,6.304,7.684,-12.392,-25.023,384.229,-39.45,12.085,-3.312,-14.612,0.168,3.145,-28.519,0,0
0,12.633,4.865,40.135,-213.501,362.538,15,5,10,0,1,13.185,-7.197,-5.123,-19.42,-209.618,-34.824,18.533,1.894,-5.741,-38.305,166.473,-7.298,1.839,2.502,-22.609,5.908,-341.206,-9.74,16.296,-5.489,-12.928,36,29.893,-17.053,0,0
0,16.581,5.14,37.45,-268.502,394.776,15,5,10,0,1,12.509,-7.815,-11.125,-10.916,-206.931,-26.382,19.991,0.187,-6.61,-31.878,197.374,-9.267,2.134,2.765,-18.279,27.282,251.786,28.092,8.466,0.52,-11.745,52.107,46.137,-18.26,0,0
0,20.976,5.378,34.264,-318.616,439.454,15,5,10,0,1,11.362,-10.136,-14.085,7.237,-216.214,-24.947,18.142,-2.273,-10.277,-9.649,225.282,0.061,4.998,0.908,-10.414,32.046,-394.962,43.664,15.862,-5.916,-6.546,86.092,47.542,-20.87,0,0
0,25.721,5.577,30.943,-332.12,474.565,15,5,10,0,1,12.543,-5.734,-19.014,24.366,-221.634,-31.42,10.335,-6.799,-12.801,11.267,242.107,18.321,5.291,-5.137,-10.763,45.191,-192.916,27.542,5.889,-9.515,-11.101,146.916,25.084,-32.214,0,0
0,30.907,5.738,27.632,-331.067,518.567,15,5,10,0,1,10.83,0.417,-24.087,34.076,-245.603,-35.618,13.053,-7.187,-14.55,44.244,249.679,28.168,-0.12,0.174,-20.056,137.359,-422.229,88.183,6.165,-6.057,-15.038,150.687,20.794,-33.389,0,0
0,36.349,5.86,24.48,-315.262,544.19,15,5,10,0,1,8.418,-13.58,-21.189,66.672,-262.809,-46.427,10.62,2.007,-11.853,75.817,268.534,56.595,3.26,-0.117,-12.435,76.55,-186.977,19.389,10.591,-4.814,-13.917,147.42,12.321,-27.725,0,0
0,42.154,5.945,21.857,-262.219,580.48,15,5,10,0,1,17.292,-7.092,-24.142,120.458,-264.473,-37.069,13.565,2.318,-13.642,61.13,280.382,81.023,6.934,0.721,-11.034,79.344,363.511,0.977,9.82,5.7,-12.586,121.588,5.588,-24,0,0
0,47.851,5.991,19.876,-198.166,569.768,15,5,10,0,1,14.761,-12.718,-17.771,216.855,-221.069,-33.985,15.366,-1.741,-19.412,33.069,288.901,101.084,8.105,4.609,-15.256,202.947,437.863,0,8.407,7.341,-12.514,89.863,-0.916,-25.771,0,0
0,53.18,5.998,18.488,-138.771,532.838,15,5,10,0,1,12.167,-14.411,-7.353,236.947,-186.718,-38.992,30.338,-2.167,-12.308,50.58,296.779,107.13,7.329,7.827,-14.092,109.374,-114.809,-7.756,10.859,8.49,-10.449,51.237,-2.504,-27.344,0,0
0,57.545,5.968,17.434,-105.423,436.559,15,5,10,0,1,14.722,4.172,-15.086,220.718,-112.595,-29.939,7.681,1.638,-25.217,53.145,272.443,134.733,3.722,25.039,-22.379,202.061,-456.015,-97.466,10.435,7.286,-11.101,26.687,0.84,-27.985,0,0
0,61.006,5.899,16.404,-102.951,346.07,15,5,10,0,1,4.553,-0.201,-16.645,190.58,-80.031,-25.695,12.231,-2.072,-17.153,80.794,255.756,137.466,3.478,3.302,-19.812,132.382,-468.351,-104.244,8.126,2.91,-11.515,16.763,2.702,-25.756,0,0
0,63.921,5.791,15.379,-102.551,291.527,15,5,10,0,1,4.491,8.78,-16.715,119.542,-50.718,-6.718,9.695,2.809,-5.707,77.481,209.924,106.061,2.316,1.376,-20.492,110.061,-489.359,-99.908,9.834,3.039,-10.514,18.504,6.763,-22.031,0,0
0,66.371,5.646,14.511,-86.735,244.984,15,5,10,0,0,6.692,4.84,-17.292,67.542,-19.985,17.237,12.959,2.824,-5.772,55.237,186.427,56.779,29.916,-6.198,4.11,39.053,-75.267,9.878,-7.932,-4.325,-19.402,90.137,-45.603,-12.244,0,0
0,68.257,5.462,14.991,47.962,188.576,15,5,10,0,1,8.553,0.278,-15.223,23.42,19.481,31.618,13.211,-1.083,-11.151,32.84,181.237,17.389,-12.136,17.255,-43.441,193.42,-351.527,-348.336,28.091,23.991,7.096,-11.16,31.527,-6.962,0,0
0,69.601,5.24,14.104,-88.658,134.423,15,5,10,0,1,4.431,2.158,-15.922,-24.962,47.115,33.634,11.348,-3.631,-10.437,26.779,172.672,-4.244,-6.747,6.856,-28.74,164.382,-485.45,-180.214,11.757,-3.269,-10.579,-67.481,25.557,-33.863,0,0
0,70.498,4.979,12.299,-180.497,89.722,15,5,10,0,1,4.766,2.644,-17.742,-60.855,80.137,31.542,11.199,-2.84,-10.387,31.16,163.878,-29.771,-0.091,8.316,-8.929,78.855,-275.557,242.321,7.834,-14.784,-11.005,40.092,18.84,-11.71,0,0
0,71,4.681,10.578,-172.188,50.171,15,5,10,0,1,4.186,-1.641,-17.817,-72.061,103.008,30.748,9.345,-2.268,-11.204,35.832,152.748,-43.588,1.873,1.146,-12.804,38.611,480.656,-7.817,6.177,-1.126,-12.868,103.802,3.939,-0.397,0,0
0,71.157,4.344,9.245,-133.29,15.724,15,5,10,0,1,3.705,-0.821,-18.051,-79.313,124.504,36.473,9.659,-0.783,-10.306,39.374,145.282,-55.206,6.574,1.108,-13.905,110.183,-438.611,-144.977,9.573,5.832,-9.252,103.16,2.977,-2.382,0,0
0,71.238,3.968,8.216,-102.883,8.057,15,5,10,0,1,2.761,-5.59,-15.081,-93.145,129.802,31.511,9.908,1.444,-9.58,21.863,142.702,-47.939,6.826,2.912,-13.723,72.26,-395.679,-22.779,9.199,6.462,-9.901,52.153,7.756,-9.038,0,0
0,71.179,3.555,7.472,-74.364,-5.882,15,5,10,0,1,3.238,-0.467,-17.649,-86.992,152.733,34.901,11.242,0.532,-9.695,1.267,143.069,-53.42,6.253,6.313,-12.639,69.481,-304.687,-33.954,10.905,2.79,-7.975,21.985,-0.855,-9.267,0,0
0,70.901,3.103,7.066,-40.604,-27.821,15,5,10,0,1,5.468,-2.687,-17.493,-57.527,180.427,37.71,8.462,-0.721,-11.223,-5.267,141.542,-49.924,6.167,8.045,-11.194,69.344,-64.076,-5.405,8.617,3.966,-6.44,4.076,-9.42,-10.336,0,0
0,70.352,2.612,6.832,-23.46,-54.875,15,5,10,0,1,3.422,-2.905,-18.236,-36.641,192.29,29.557,9.925,-1.801,-10.639,-7.374,139.374,-36.031,5.092,17.48,-12.344,113.206,-232.321,-57.771,9.156,2.539,-6.582,-3.664,-13.359,-10.687,0,0
0,69.663,2.084,6.733,-9.853,-68.916,15,5,10,0,1,5.154,-4.474,-16.624,-10.779,206.885,19.038,8.756,-2.776,-11.539,-4.611,137.557,-20.992,4.907,7.863,-10.03,38.672,-48.992,-11.237,9.199,2.599,-7.307,-0.275,-19.176,-8.55,0,0
0,68.879,1.517,6.777,4.372,-78.358,15,5,10,0,1,5.271,-4.701,-17.156,17.282,220.824,11.527,7.36,-1.526,-12.298,3.496,135.389,-5.42,3.458,8.339,-11.12,30.046,-45.725,-4.092,9.525,3.564,-8.205,0.092,-20.58,-8.427,0,0
0,68.074,0.912,6.978,20.153,-80.532,15,5,10,0,1,4.34,-4.709,-18.739,40,225.038,3.481,6.493,-2.522,-12.548,15.786,134.672,9.252,4.148,9.791,-9.65,20.336,-34.275,-3.786,9.935,4.512,-4.984,-6.977,-39.008,-5.176,0,0
0,67.231,0.268,7.253,27.432,-84.286,15,5,10,0,1,3.552,-4.273,-18.648,58.687,229.45,-3.542,5.688,-2.354,-12.792,32.351,130.336,22.336,3.348,9.683,-12.116,25.725,-33.496,-12.885,13.618,3.557,-4.881,-10.092,-34.489,-4.336,0,0
0,66.411,0,7.52,26.756,-82.031,15,5,10,0,1,3.185,-3.703,-18.652,67.252,228.718,-12.916,5.552,-2.749,-11.649,49.282,126.305,34.427,0.263,10.739,-14.27,8.916,-44.885,-8.427,9.757,2.548,-6.936,-20.901,-31.084,-4.916,0,0
0,65.544,0,7.692,17.201,-86.712,15,5,10,0,1,3.298,-3.193,-19.333,72.779,233.221,-20.748,5.034,-2.429,-10.864,66.26,117.267,40.061,-5.772,12.49,-17.479,0.733,-50.504,-13.115,13.676,1.423,-5.195,-16.198,-30.931,-2.26,0,0
0,64.635,0,7.652,-4.028,-90.866,15,5,10,0,1,3.375,-3.331,-18.846,71.221,231.771,-28.672,5.583,-3.554,-9.76,80.962,110.122,43.664,5.561,6.114,-10.358,-17.206,-48.87,-2.687,7.238,0.922,-9.937,-0.58,-47.511,0.458,0,0
0,63.617,0,7.648,-0.355,-101.795,15,5,10,0,1,2.869,-2.522,-19.8,71.389,234.443,-33.359,5.48,-2.304,-9.295,97.908,99.954,41.802,3.581,5.389,-12.495,-5.237,-50.824,-3.405,10.014,1.49,-8.323,9.511,-40.046,3.176,0,0
0,62.456,0,7.648,-0,-116.101,15,5,10,0,1,3.142,-3.169,-19.031,71.511,236.26,-36.427,5.42,-2.496,-9.288,111.603,87.405,35.084,2.848,5.128,-12.648,1.267,-48.58,-5.023,9.788,1.289,-8.881,8.153,-40.534,2.809,0,0
0,61.145,0,7.648,-0,-131.069,15,5,10,0,1,3.188,-0.994,-20.492,62.351,235.649,-41.038,6.023,-1.978,-8.675,122.137,75.206,24.397,2.745,5.274,-12.777,10.427,-48.687,-4.137,9.616,0.695,-9.111,10.55,-41.328,4.87,0,0
0,59.655,0,7.648,-0,-149.048,15,5,10,0,1,4.725,-2.85,-20.341,63.237,239.878,-41.863,6.641,-0.877,-9.458,126.26,65.298,12.504,2.541,5.324,-12.971,15.481,-48.672,-1.16,9.798,0.374,-9.305,15.145,-42.779,5.267,0,0
0,57.963,0,7.644,-0.401,-169.19,15,5,10,0,1,5.243,-2.036,-21.435,66.153,244.534,-42.534,5.123,-0.139,-10.188,128.412,53.298,1.328,2.682,5.561,-13.316,18.397,-48.183,2.061,10.054,1.083,-9.784,18.55,-44.87,6.198,0,0
0,56.087,0,7.644,-0,-187.569,15,5,10,0,1,3.43,-1.645,-22.14,66.229,240.137,-43.527,2.915,-0.508,-8.809,125.389,40.504,-6.198,2.817,6.158,-13.632,18.702,-48.382,4.076,10.023,2.084,-10.208,17.939,-46.763,5.893,0,0
0,54.107,0,7.644,-0,-198.04,15,5,10,0,1,3.825,-0.934,-23.84,69.008,236.336,-42.336,3.882,0.881,-8.957,116.412,27.084,-14.107,2.702,6.96,-14.054,15.985,-107.481,16,9.927,2.299,-10.687,13.191,-48.565,5.511,0,0
0,52.074,0,7.644,-0,-203.282,15,5,10,0,1,3.056,-2.582,-22.425,64.534,221.527,-41.969,3.439,1.921,-7.535,103.603,15.634,-19.466,2.4,7.499,-14.605,8.87,-232.427,20.153,9.573,2.129,-11.218,6.198,-51.42,4.824,0,0
0,50.06,0,7.644,-0,-201.416,15,5,10,0,1,2.038,-2.261,-23.004,55.191,206.794,-40.031,4.67,1.933,-5.717,89.191,5.725,-23.939,2.117,7.59,-15.359,-0.092,-61.084,0.153,9.479,1.95,-11.891,-2.977,-55.374,3.817,0,0
0,48.14,0,7.644,-0,-191.941,15,5,10,0,1,2.905,-2.757,-21.696,35.542,184.412,-38.885,5.614,2.917,-4.752,72.748,-2.992,-22.321,2.462,7.18,-15.903,-9.023,-271.16,-6.595,10.054,1.973,-12.045,-11.893,-58.763,2.305,0,0
0,46.365,0,7.641,-0.309,-177.567,15,5,10,0,1,2.287,-2.354,-22.978,20.489,164.076,-34.336,4.416,3.693,-5.614,57.481,-13.985,-24.137,2.972,6.356,-15.553,-14.504,-72.305,-3.176,10.49,2.244,-11.247,-19.557,-60.901,-0.824,0,0
0,44.808,0,7.641,-0,-155.651,15,5,10,0,0,1.885,-2.848,-23.143,2.122,134.519,-30.397,4.56,3.482,-4.541,48.168,-22.733,-22.489,3.003,6.31,-21.186,-28.382,-283.618,-28.214,10.948,1.756,-10.948,-25.008,-61.176,-2.519,0,0
0,43.468,0,7.616,-2.563,-134.056,15,5,10,0,0,1.061,-3.822,-22.995,-10.931,105.695,-24.244,5.137,3.09,-3.827,39.16,-28.198,-22.137,3.475,5.118,-14.957,-16.382,-78.901,-8.611,9.961,0.616,-11.429,-20.489,-64.962,-5.435,0,0
0,42.311,0,7.608,-0.79,-115.666,15,5,10,0,0,2.409,-6.519,-21.96,-15.069,75.588,-15.756,5.327,2.709,-3.47,32.763,-33.313,-19.511,3.564,3.868,-14.329,-13.924,-79.832,-12.26,10.385,-0.505,-9.556,-11.328,-68.595,-6.656,0,0
0,41.461,0,7.608,-0,-85.018,15,5,10,0,0,1.643,-3.473,-23.783,-27.786,43.679,-9.252,4.927,3.772,-3.073,24.962,-39.924,-15.954,3.099,3.348,-13.517,-4.366,-79.206,-15.069,10.212,-0.956,-7.88,-0.244,-68.504,-5.725,0,0
0,40.824,0,7.608,-0,-63.675,15,5,10,0,0,0.707,-5.19,-23.186,-33.176,12.366,-1.237,5.082,4.529,-4.093,13.756,-45.863,-13.359,3.679,2.314,-12.066,9.405,-73.679,-16.595,10.181,-1.159,-7.592,14.122,-70.275,-6.092,0,0
0,40.374,0,7.605,-0.309,-45.044,15,5,10,0,0,0.604,-5.535,-24.08,-32.046,-16.244,6.779,3.707,4.191,-4.768,2.58,-54.443,-6.763,1.569,4.28,-11.151,23.847,-67.756,-15.985,10.926,-1.746,-7.822,29.618,-72.763,-4.137,0,0
0,40.118,0,7.605,-0,-25.612,15,5,10,0,0,6.428,-6.869,-21.479,-27.74,-40.977,5.313,8.351,2.4,-3.14,-6.427,-55.13,-4.824,5.822,4.62,-12.155,34.473,-56.931,-2,11.621,0.225,-7.75,39.573,-72.595,0.672,0,0
0,40.136,0,7.605,-0,1.808,15,5,10,0,0,2.184,-3.53,-25.895,-29.237,-70.916,5.893,9.515,0.137,-3.353,-6.412,-52.458,4.473,5.853,4.201,-12.392,46.885,-52.611,1.908,11.798,-0.048,-9.087,51.481,-73.908,3.008,0,0
0,40.223,0,7.644,3.971,8.732,15,5,10,0,0,20.619,-7.578,-25.181,1.191,-82.29,4.962,-0.395,-0.922,-10.198,-4.824,-61.893,24.29,6.366,4.203,-12.559,63.786,-46.779,1.847,12.873,0.347,-8.943,57.878,-72.458,6.55,0,0
0,40.567,0,7.663,1.865,34.424,15,5,10,0,0,0.786,-3.952,-24.302,-6.092,-141.221,-6.702,10.114,0.323,-4.486,4.214,-61.405,37.466,8.098,6.217,-9.918,75.328,-41.939,2.122,13.616,6.251,-1.935,55.588,-92.504,12.901,0,0
0,41.248,0,7.732,6.947,68.127,15,5,10,0,0,7.099,-6.895,-10.845,9.023,-132.092,-13.038,11.372,-3.995,-6.474,11.405,-62.733,43.008,7.053,4.474,-11.865,89.115,-47.786,-0.427,12.401,-2.555,-12.152,73.679,-75.588,12.412,0,0
0,41.923,0,8.073,34.069,67.452,15,15,10,0,0,8.136,-7.633,-9.477,11.221,-133.145,-13.466,11.831,-6.335,-9.503,24.702,-59.985,59.649,6.459,6.074,-11.506,101.252,-43.206,16.733,9.573,0.812,-8.565,86.84,-96.763,17.481,0,0
0,42.483,0,8.677,60.402,56.007,15,15,10,1,0,9.115,-2.898,-4.33,56.763,-69.939,-17.221,12.322,-7.446,-12.193,57.573,-49.695,73.176,7.235,5.93,-12.813,117.023,-113.954,18.321,13.994,1.708,-7.305,79.176,-104.382,22.87,1,0
0,42.878,0,9.409,73.231,39.539,5,15,10,1,0,5.513,-2.242,-9.07,60.29,-48.107,-23.13,11.451,-3.377,-12.567,83.13,-38.183,92.351,9.618,6.823,-11.29,117.099,-12.595,11.344,14.796,0.216,-6.74,81.573,-117.328,23.344,0,0
0.652,43.325,0,10.34,93.029,44.655,5,15,10,1,0,0.764,2.259,-18.149,76.061,-52.733,-21.099,12.648,-0.802,-7.161,89.924,-30.733,97.74,8.847,8.133,-13.352,102.611,-13.176,305.099,13.671,1.236,-6.483,76.29,-117.603,23.496,0,0
1.266,44.094,0,11.449,110.939,76.904,5,15,10,1,0,7.204,3.034,-26.048,51.099,-78.412,-25.588,10.411,4.28,-4.23,99.221,-30.824,103.527,5.168,19.569,-11.094,148.611,34.351,20.489,15.285,0.46,-7.056,67.511,-137.069,22.046,0,0
1.843,45.383,0,12.896,144.676,128.906,5,15,10,1,0,3.918,-7.252,-30.158,52.794,-122.015,-14.626,2.615,6.323,-1.863,83.359,-38.779,90.214,14.147,8.749,-8.778,46.702,36.565,3.756,17.771,3.937,-4.088,52.779,-150.244,14.947,0,0
2.382,46.588,0,14.563,166.672,120.484,5,15,10,1,0,8.931,-4.903,-19.982,82.519,-123.817,7.115,3.765,-0.505,-3.499,61.42,-57.099,62.901,10.821,8.543,-9.726,0.397,82.809,11.237,15.781,1.859,-6.847,17.405,-150.84,12.244,0,0
2.884,47.035,0,16.397,183.438,44.724,5,15,10,1,0,12.239,-0.58,-12.797,86.595,-83.084,0.046,12.689,-3.164,-6.809,45.267,-85.817,44.87,14.25,5.753,-4.644,-9.099,102.595,24.947,8.359,1.456,-6.28,-3.221,-175.099,14.519,0,0
3.348,46.511,0,18.657,225.964,-52.437,5,15,10,1,0,13.386,-0.101,-14.425,63.71,-39.389,-5.42,16.135,-2.656,-11.35,23.298,-108.443,33.084,12.691,5.94,-2.989,-19.206,189.954,16.183,19.589,-0.038,-4.725,-21.618,-175.206,13.405,0,0
3.775,45.064,0,21.352,269.509,-144.642,5,15,10,1,0,12.794,1.504,-19,35.542,-9.893,15.252,14.981,2.965,-12.009,28.305,-137.328,21.542,1.49,17.235,-0.345,-39.817,-19.908,64.733,17.63,3.796,-3.236,-37.695,-178.198,10.779,0,0
4.165,42.94,0,24.321,296.975,-212.391,5,15,10,1,0,7.731,6.263,-21.627,-10.351,2.443,31.13,11.781,6.706,-11.604,21.573,-161.817,4.305,8.483,11.017,0.613,-260.031,265.038,11.969,21.627,3.087,-0.934,-79.038,-175.74,7.267,0,0
4.517,40.513,0,27.405,308.373,-242.741,5,15,10,1,0,7.142,3.676,-17.807,-76.397,17.511,38.58,14.933,9.106,-13.575,9.878,-173.359,-7.74,8.766,9.048,-7.403,-37.405,286.351,5.588,17.242,-1.035,-5.034,-93.924,-171.618,8.229,0,0
4.831,37.883,0,30.639,323.411,-263.02,5,15,10,1,0,10.682,7.523,-19.761,-122.718,33.725,49.359,13.082,3.751,-13.45,-40.168,-186.702,-15.832,8.727,3.885,-8.56,-171.053,350.779,6.84,16.389,3.736,-7.307,-94.046,-177.527,13.802,0,0
5.108,34.983,0,34.151,351.14,-289.96,5,15,10,1,0,6.68,6.378,-18.751,-137.725,45.71,55.069,10.346,4.194,-13.355,-64.977,-195.878,-17.191,7.882,11.043,-13.005,-111.389,189.511,-8.382,15.783,7.475,-13.11,-94.122,-189.023,13.771,0,0
5.348,31.884,0,38.037,388.585,-309.895,5,15,10,1,0,0.323,1.947,-15.551,-154.443,54.687,52.061,4.998,2.053,-13.216,-79.435,-205.115,-14.519,9.697,10.552,-14.049,-136.733,188.84,-41.191,12.787,8.984,-15.848,-108.489,-208.26,11.374,0,0
5.55,28.5,0,42.362,432.496,-338.38,5,15,10,1,0,0.601,0.129,-15.005,-169.16,61.191,60.534,5.782,2.687,-9.06,-82.748,-212.855,-6.672,11.374,7.956,-14.516,-151.099,226.137,-34.855,16.483,7.29,-13.812,-135.405,-213.008,19.389,0,0
5.715,25.113,0,46.917,455.579,-338.734,5,15,10,1,0,9.039,-2.548,-17.263,-167.389,62.137,57.603,7.255,2.812,-7.561,-91.008,-206.229,-4.29,10.416,4.591,-17.139,-151.313,248.015,-58.504,13.295,1.545,-16.605,-143.053,-199.893,19.511,0,0
5.843,21.792,0,51.598,468.03,-332.108,5,15,10,1,0,12.176,-4.203,-17.323,-157.542,46.55,51.145,7.781,1.59,-8.797,-98.244,-200.733,2.214,6.61,3.715,-19.328,-142.076,256.565,-73.435,15.623,4.033,-13.019,-149.527,-181.237,20.916,0,0
5.932,19.013,0,56.227,462.892,-277.92,5,15,10,1,0,3.102,-2.144,-17.414,-144.473,15.847,44.733,10.854,-0.8,-8.193,-112.107,-189.679,-0.061,8.529,1.863,-18.094,-121.893,-454.061,-322.931,14.629,0.865,-18.288,-143.634,-169.008,17.588,0,0
5.985,16.68,0,60.825,459.893,-233.311,5,15,10,1,0,3.133,-9.781,-16.935,-97.969,17.786,41.939,13.752,0.419,-9.245,-124.382,-170.779,5.802,6.014,1.351,-19.079,-98.382,157.298,325.008,11.58,5.106,-17.397,-145.313,-159.908,8.26,0,0
6,14.757,0,65.239,441.319,-192.284,5,15,10,1,0,5.925,-11.472,-13.889,-66.626,20.321,39.511,10.715,-4.244,-11.149,-113.328,-159.237,21.649,4.689,3.69,-27.174,-146.443,-483.191,-355.298,11.192,-1.557,-17.929,-150.29,-137.649,0.458,0,0
5.977,13.046,0,69.362,412.377,-171.044,5,15,10,1,0,6.191,-5.612,-15.342,-71.45,11.282,32.702,10.663,-6.792,-10.215,-125.099,-155.573,28.809,5.523,3.547,-17.352,-53.038,254.519,-94.015,17.644,-4.084,-14.15,-112.275,-102.901,3.038,0,0
5.917,11.355,0,72.962,359.917,-169.178,5,15,10,1,0,5.789,-12.037,-13.115,-41.069,24.015,31.176,8.112,-8.761,-11.685,-93.42,-159.908,34.366,7.535,1.621,-13.072,-45.863,-18.763,-229.008,13.546,-3.07,-12.138,-75.481,-75.893,3.832,0,0
5.82,9.611,0,75.987,302.559,-174.328,5,15,10,1,0,8.833,-13.812,-13.386,-36.672,25.74,29.206,9.539,-7.084,-9.206,-75.237,-160.244,31.649,9.159,2.261,-12.89,-19.359,232.214,-34.718,16.904,-2.35,-8.277,-37.359,-18.672,7.756,0,0
5.685,7.887,0,78.301,231.411,-172.486,5,15,10,1,0,5.851,-6.797,-12.433,-37.328,26.58,23.725,7.853,-5.252,-11.271,-54.718,-160.458,28.84,8.241,3.389,-12.706,-18.626,216.931,-25.71,8.04,-2.769,-10.064,14.229,26.794,4.183,0,0
5.513,6.082,0,79.993,169.19,-180.474,5,15,10,1,0,2.484,-2.156,-14.559,-39.16,16.916,20.84,8.363,-3.458,-7.98,-42.55,-159.481,19.206,4.158,4.786,-19.084,-31.206,404.977,8.336,9.005,-3.971,-12.873,59.099,69.267,1.527,0,0
5.303,4.316,0,81.235,124.169,-176.583,5,15,10,1,0,7.025,-6.289,-13.158,-30.779,30.015,17.985,6.591,-3.312,-9.822,-38.855,-157.099,17.893,3.051,2.013,-19.505,-19.42,384.611,20.336,5.851,-4.242,-14.84,98.427,94.58,-1.557,0,0
5.056,2.544,0,82.172,93.716,-177.212,5,15,10,1,0,3.078,-0.261,-15.889,-22.076,19.13,17.053,9.506,-0.903,-9.278,-33.481,-151.847,10.076,2.263,1.405,-20.655,0.672,372.733,62.046,4.924,-1.145,-14.974,112.519,116.489,-5.191,0,0
4.771,0.969,0,82.872,69.958,-157.494,5,15,10,1,0,9.204,-3.815,-14.133,-15.13,21.954,12.718,10.449,-2.702,-10.883,-38.366,-147.252,10.458,2.441,1.295,-21.019,25.588,-264.55,-125.069,5.844,1.025,-13.975,108.779,136.061,-9.435,0,0
4.449,-0.554,0,83.37,49.793,-152.298,5,15,10,1,0,9.058,-4.716,-12.497,8.947,22.87,12.84,10.069,-0.091,-11.077,-30.275,-144.183,10.458,1.717,2.426,-14.897,26.595,361.71,64.244,6.443,1.665,-12.698,92.794,158.794,-10.809,0,0
4.09,-1.975,0,83.589,21.984,-142.102,5,15,10,1,0,6.888,-4.507,-12.368,18,17.16,14.595,9.99,-1.035,-12.627,-32.702,-140.855,9.725,1.475,3.937,-15.723,38.443,349.252,53.679,5.997,-0.812,-12.571,77.053,180.809,-7.221,0,0
3.693,-3.411,0,83.524,-6.569,-143.555,5,15,10,1,0,5.255,-2.074,-13.479,29.023,16.824,17.939,7.813,-1.842,-13.436,-16.672,-148.595,10.29,1.255,4.191,-15.026,42.626,168.809,23.847,6.059,-3.6,-13.898,72.015,203.344,2.092,0,0
3.258,-4.817,0,83.48,-4.417,-140.602,5,15,10,1,0,5.992,-0.92,-12.377,8.061,7.328,13.603,11.697,1.245,-10.77,-4.58,-143.023,6.443,-1.039,5.233,-17.479,45.893,164.672,29.069,3.569,0.24,-12.344,60.733,213.786,10.046,0,0
2.786,-6.07,0,83.128,-35.122,-125.302,5,15,10,1,0,6.388,-3.983,-11.058,3.389,3.725,14.458,11.673,-0.098,-11.379,-3.237,-132.58,3.466,1.533,4.069,-15.917,40,479.817,14.046,3.557,-2.062,-14.969,34.901,233.344,6.947,0,0
2.277,-7.208,0,82.407,-72.167,-113.835,5,15,10,1,0,5.755,-3.377,-10.775,6.107,-1.664,14.519,12.88,-0.527,-9.326,-2.565,-118.107,3.786,-1.65,5.01,-17.208,23.756,-437.618,0,5.489,-1.997,-14.686,7.725,257.359,14.855,0,0
1.73,-8.183,0,81.301,-110.584,-97.47,5,15,10,1,0,6.093,-3.605,-11.417,-1.344,-8.534,14.153,13.692,-0.697,-8.864,-6.107,-104.26,4.122,-2.745,6.917,-17.11,10.137,131.618,1.053,5.025,-3.291,-15.716,-6.122,275.603,26.885,0,0
1.146,-8.849,0,79.868,-143.246,-66.639,5,15,10,1,0,3.566,-1.48,-13.683,-10.076,-24.992,13.145,18.995,-0.711,-8.021,-15.679,-82.443,1.725,-1.597,6.138,-16.533,-7.573,239.405,-5.618,5.329,-2.321,-17.541,-11.695,287.847,41.145,0,0
0.524,-9.098,0,78.192,-167.668,-24.868,5,15,10,1,0,7.88,-7.662,-8.493,3.115,-32.519,8.061,16.312,-1.447,-8.912,-25.237,-56.427,9.267,-4.127,5.544,-18.092,-21.069,105.389,-2.382,7.626,-1.174,-18.633,-22.916,298.382,48.901,0,0
0,-9.069,0,76.255,-193.715,2.895,5,15,10,1,0,6.778,-6.234,-8.521,13.084,-40.29,8.153,13.221,-2.517,-7.08,-23.771,-44.275,14.458,-2.869,6.293,17.014,-324.763,-242.687,16.366,7.084,1.13,-17.524,-34.763,300.061,52.015,0,0
0,-8.783,0,74.046,-220.894,28.542,5,15,10,1,0,5.935,-8.04,-6.313,12.626,-55.099,3.969,11.575,-1.969,-4.625,-18.809,-36.26,19.573,-2.781,8.642,-24.194,-122.443,324.031,5.252,5.662,2.306,-15.139,-51.542,308.794,61.71,0,0
0,-8.416,0,71.596,-244.984,36.69,5,15,10,1,0,7.719,-5.233,-8.68,10.26,-55.634,2.55,9.808,-4.103,-4.862,-12.504,-43.756,18.321,-4.234,13.195,-36.117,382.29,117.74,5.374,6.895,0.299,-15.065,-46.84,310.382,72.748,0,0
0,-8.179,0,68.897,-269.898,23.781,5,15,10,1,0,5.995,-4.833,-10.335,8.382,-60.595,2.183,9.599,-3.149,-5.35,-0.641,-56.672,20.427,-4.874,6.675,-18.346,-109.557,104.198,-3.42,7.247,-2.826,-20.554,-35.008,322.565,77.252,0,0
0,-8.153,0,66.041,-285.588,2.598,5,15,10,0,0,9.343,-4.507,-11.309,9.527,-57.191,2.947,7.063,-2.053,-8.835,4.84,-69.359,20.947,-5.499,6.989,-18.672,-121.42,38.855,-2.29,7.923,-0.089,-19.754,-30.489,322.992,76.275,0,0
0,-8.157,0,63.107,-293.393,-0.446,5,15,10,0,0,6.471,-5.058,-9.676,-3.069,-72.382,2.244,10.588,-0.201,-7.844,2.366,-62.702,20.962,-2.218,5.858,-14.607,-133.252,63.664,3.695,11.082,2.905,-18.681,-19.771,312.26,74.305,0,0
0,-8.135,0,60.192,-291.493,2.197,5,15,10,0,0,6.388,-4.821,-10.964,-4.275,-74.122,2.107,11.051,-0.821,-8.608,-12.214,-60.015,21.969,0.901,4.777,-11.515,-21.374,172.336,143.511,6.749,4.661,-19.821,-6.763,291.038,70.519,0,0
0,-8.055,0,57.31,-288.163,8.057,5,15,10,0,0,5.772,-3.092,-12.627,-11.237,-78.107,0.076,11.736,0.266,-9.889,-24.962,-55.557,21.267,-1.221,8.9,-5.499,169.771,119.084,224.977,6.934,4.955,-21.222,-5.481,273.237,66.015,0,0
0,-7.636,0,54.53,-278.012,41.828,5,15,10,0,0,6.84,-3.782,-13.216,-16.855,-87.603,-3.389,13.527,-2.596,-10.627,-41.45,-34.931,20.824,-1.734,2.1,-7.247,-53.679,6.168,122.565,6.519,3.976,-22.496,3.908,255.832,59.481,0,0
0,-6.988,0,51.882,-264.782,64.785,5,15,10,0,0,7.911,-7.084,-12.183,-3.893,-99.954,-7.405,12.028,-3.415,-10.811,-46.015,-28.687,28.29,-1.255,0.091,-4.709,-1.237,-11.237,65.71,5.564,4.366,-24.144,9.115,227.985,50.397,0,0
0,-6.216,0,49.411,-247.17,77.259,5,15,10,0,0,9.408,-5.02,-12.983,1.649,-101.313,-9.008,11.642,-4.519,-11.616,-40.321,-28.55,28.55,-2.582,1.648,0.69,150.336,-429.191,479.511,6.596,5.592,-23.399,20.366,197.817,35.802,0,0
0,-5.384,0,47.13,-228.104,83.141,5,15,10,0,0,10.038,-5.688,-12.009,-0.565,-103.557,-13.099,11.879,-2.529,-12.325,-29.511,-28.214,27.649,-3.217,1.322,-5.54,58.916,-51.786,88.061,6.165,6.038,-23.174,39.634,161.267,17.45,0,0
0,-4.59,0,45.06,-206.967,79.491,5,15,10,0,0,11.075,-2.227,-13.448,-4,-98.29,-14.687,10.797,-2.817,-11.415,-23.893,-34.076,20.641,-3.068,1.686,-6.177,63.038,-110.534,1.466,5.178,7.53,-22.106,57.023,120.641,-2.733,0,0
0,-3.832,0,43.252,-180.84,75.737,5,15,10,0,0,9.961,-2.939,-13.661,-10.046,-99.374,-17.053,11.635,-1.176,-11.76,-28.031,-33.832,13.985,4.749,5.341,-1.777,57.756,-128.55,22.901,8.974,0.158,-24.295,85.16,82.534,-5.924,0,0
0,-3.136,0,41.885,-136.643,69.626,5,15,10,0,0,11.319,-1.559,-13.68,-14.565,-97.496,-18.489,11.343,0.074,-11.245,-38.702,-34.198,11.115,2.563,4.292,4.22,82.244,-244.763,43.359,9.908,3.346,-24.228,113.878,42.336,-8.794,0,0
0,-2.455,0,40.995,-89.001,68.115,5,15,10,0,0,9.616,-1.859,-13.462,-24.397,-100.031,-19.756,11.743,1.365,-10.081,-51.832,-33.405,8.992,3.636,5.413,8.708,133.298,-202.748,323.542,5.76,5.334,-32.244,103.573,-20.519,-11.252,0,0
0,-1.836,0,40.816,-17.887,61.855,5,15,10,0,0,9.903,-0.601,-13.467,-33.481,-94.84,-19.756,12.677,1.662,-10.605,-67.42,-35.771,6.015,2.575,1.935,5.058,74.275,-178.763,-7.695,3.145,12.133,-30.484,58.076,-102.489,-6.275,0,0
0,-1.254,0,41.266,44.975,58.273,5,15,10,0,0,10.799,-1.48,-11.999,-47.863,-94.046,-23.099,11.645,-0.575,-10.021,-78.824,-38.916,3.802,-0.96,7.08,-4.129,41.481,-236.046,-115.42,5.949,9.106,-19.551,-35.511,-145.817,-8.916,0,0
0,-0.752,0,42.01,74.341,50.182,5,15,10,0,0,8.689,-1.559,-11.24,-59.267,-94.366,-25.756,13.953,-0.536,-8.56,-81.542,-35.725,-1.679,-0.924,15.657,-16.42,-174.427,419.282,187.847,9.4,0.798,-5.231,-81.557,-148.153,-5.344,0,0
0,-0.283,0,42.812,80.223,46.852,5,15,10,0,0,10.816,-1.212,-11.429,-73.084,-92.351,-26.641,13.879,-1.823,-9.776,-88.504,-36.885,-8.168,0.685,28.483,-22.714,-179.13,-321.481,-289.954,12.346,-4.704,4.675,-102.565,-118.046,6.611,0,0
0,0.245,0,43.548,73.62,52.769,5,15,10,0,1,8.967,-2.239,-10.449,-77.908,-97.145,-30.718,14.313,-3.185,-9.729,-81.481,-28.931,-10.29,4.962,17.094,-38.244,-28.595,470.947,339.053,12.296,-5.803,2.127,-98.076,-89.939,14.748,0,1
0,0.885,0,44.199,65.151,64.041,5,5,10,0,1,11.072,-5.185,-10.222,-71.771,-101.023,-33.588,14.923,-4.04,-8.996,-67.771,-19.069,-12.733,3.863,3.866,-16.123,-158.519,-213.389,-29.679,7.415,-0.826,-8.902,-124.992,-81.939,18.015,0,0
0,1.65,0.655,44.892,69.271,76.515,5,5,10,0,1,10.323,-2.565,-12.471,-59.145,-108.351,-33.756,16.142,-3.008,-9.091,-51.878,-7.634,-17.756,2.209,-4.758,-20.339,-405.756,-402.718,304.855,5.988,-0.596,-15.958,-130.702,-88.412,8.687,0,0
0,2.658,1.273,45.756,86.426,100.754,5,5,10,0,1,9.535,-5.477,-11.51,-42.397,-115.435,-35.344,18.274,-1.775,-8.057,-34.718,10.214,-18.947,1.662,-3.195,-5.489,-155.725,-60.748,-198.473,12.207,-3.013,-19.63,-126.931,-96.168,-3.313,0,0
0,3.947,1.852,46.712,95.593,128.895,5,5,10,0,1,11.173,-4.541,-9.844,-28.305,-122.412,-36.58,18.013,-0.536,-7.305,-24.275,27.466,-16.534,3.129,-14.246,21.68,118.214,-485.634,376.183,12.327,-2.936,-17.922,-84.534,-115.878,-13.908,0,0
0,5.59,2.394,47.635,92.274,164.383,15,5,10,0,1,11.161,-4.718,-6.62,-14.992,-133.771,-38.779,17.991,-0.501,-3.988,-19.542,47.527,-10.458,2.823,-4.675,13.661,-396.122,-122.153,70.595,13.443,0.716,-15.517,-57.466,-107.847,-22.183,0,0
0,7.557,2.897,48.349,71.388,196.701,15,5,10,0,1,10.016,-1.262,-6.651,-16.733,-137.939,-38.473,20.676,-0.776,-2.893,-26.763,66.107,-12.947,2.314,2.409,-4.249,-1.45,-374.977,-359.328,9.479,-2.508,-13.882,-27.466,-103.389,-24.137,0,0
0,9.81,3.363,48.316,-3.273,225.209,15,5,10,0,1,16.629,-8.761,-2.397,-10.794,-134.931,-40.855,14.765,2.376,-4.534,-23.557,82.855,-7.649,1.36,3.257,1.025,332.427,403.023,-156.824,28.391,9.264,0.661,-28.504,-75.267,-16.137,0,0
0,12.204,3.791,47.602,-71.434,239.48,15,5,10,0,1,12.581,-0.857,-10.694,-13.985,-138.504,-35.298,14.852,1.128,-2.196,-29.374,102.26,-18.992,8.13,-3.982,-28.961,486.443,43.466,-400.366,17.045,-9.487,-15.115,31.282,-31.359,-19.466,0,0
0,14.915,4.181,46.54,-106.19,271.031,15,5,10,0,1,8.663,-5.161,-13.412,-26.26,-155.756,-41.252,18.075,-0.85,1.075,-34.672,128,-24.153,2.484,1.712,-18.633,54.382,-139.588,-15.985,15.11,1.447,-10.203,46.366,-13.145,-27.405,0,0
0,17.87,4.534,44.881,-165.917,295.533,15,5,10,0,1,14.88,-5.856,-13.417,-17.13,-165.359,-42.061,15.017,-6.457,-5.904,-33.725,146.504,-26.855,4.857,5.103,-13.34,86.321,-255.527,-27.237,10.414,-2.694,-14.497,57.069,8.534,-30.26,0,0
0,21.25,4.848,42.654,-222.645,337.99,15,5,10,0,1,13.652,-11.261,-14.186,15.954,-183.969,-44.046,12.583,-6.069,-7.899,-5.603,168.534,-18.366,4.546,4.304,-16.468,45.557,-165.847,-6.137,11.966,-4.941,-13.975,86.779,34.183,-17.542,0,0
0,25.059,5.124,40.017,-263.695,380.883,15,5,10,0,1,14.761,-11.783,-16.296,51.725,-203.099,-47.618,11.115,-6.907,-11.855,37.176,190.489,-8.916,0.589,3.225,-17.608,102.702,269.802,149.985,15.228,-4.225,-14.782,99.542,43.893,-10.718,0,0
0,29.332,5.363,37.011,-300.625,427.312,15,5,10,0,1,10.449,-5.19,-15.934,79.496,-217.069,-52.809,9.396,-8.804,-12.888,76.626,204.962,8.29,2.932,3.061,-13.05,36.168,256.244,126.84,13.304,-5.521,-15.034,110.947,42.87,-12.87,0,0
0,34.052,5.564,33.873,-313.866,472.047,15,5,10,0,1,7.621,-9.456,-16.329,113.542,-222.412,-57.954,12.418,-5.664,-13.098,99.863,223.023,31.908,4.709,3.238,-11.748,8.443,250.26,128.977,7.032,-0.596,-11.623,114.824,27.115,-27.695,0,0
0,38.96,5.727,30.848,-302.491,490.735,15,5,10,0,1,7.901,-6.828,-18.13,144.534,-218.656,-60.29,14.138,-2.932,-14.37,115.053,237.756,51.252,0.568,6.15,-14.475,3.557,231.084,74.626,5.882,0.366,-15.125,95.481,9.191,-25.832,0,0
0,44.087,5.852,28.024,-282.315,512.708,15,5,10,0,1,7.07,-16.439,-16.655,167.099,-218.885,-55.328,13.333,1.799,-16.243,100.855,252.366,84.687,4.395,3.925,-13.532,11.756,-183.679,14.885,7.724,-1.741,-16.494,88,6.504,-24.763,0,0
0,49.225,5.939,25.75,-227.417,513.784,15,5,10,0,1,8.912,4.632,-28.927,178.824,-221.679,-55.939,6.584,-2.512,-20.681,112.672,247.084,111.603,5.178,3.399,-12.468,13.069,-164.672,13.893,10.902,6.534,-11.091,57.237,-2.794,-17.679,0,0
0,54.41,5.988,23.934,-181.652,518.59,15,5,10,0,1,14.775,-16.583,-14.727,218.962,-179.878,-51.74,16.727,2.062,-14.349,82.641,261.634,108.947,8.869,6.143,-10.33,22.489,425.771,-125.069,9.012,4.483,-12.215,37.023,-6.87,-20.351,0,0
0,59.116,5.999,22.498,-143.612,470.548,15,5,10,0,1,14.705,-9.08,-10.679,209.328,-165.954,-45.13,21.9,-1.95,-17.361,62.824,283.832,118.565,4.814,8.108,-22.235,253.511,-381.573,-220.336,8.299,3.137,-11.58,18.137,-3.099,-21.023,0,0
0,63.05,5.973,21.209,-128.838,393.38,15,5,10,0,1,15.771,0.968,-19.084,197.435,-98.702,-36.458,17.256,-2.793,-13.838,71.038,277.847,102.366,3.995,9.133,-24.036,257.176,-248.687,-369.344,9.254,0.951,-10.505,21.908,-1.725,-16.641,0,0
0,66.39,5.908,20.038,-117.176,333.985,15,5,10,0,1,10.279,2.989,-17.443,168.55,-54.733,-32.061,11.678,-3.257,-10.423,67.908,248.382,91.191,3.2,7.19,-13.814,35.771,-261.603,-30.534,9.884,1.382,-10.011,40.305,1.084,-12.351,0,0
0,69.14,5.806,18.895,-114.281,275.013,15,5,10,0,1,11.118,3.327,-16.418,110.031,-20.275,-29.176,12.514,-3.327,-12.246,77.588,223.084,72.947,4.613,8.262,-19.016,312.397,-11.252,-102.107,10.332,2.56,-8.981,44.061,0.412,-9.191,0,0
0,71.388,5.666,17.679,-121.582,224.797,15,5,10,0,1,7.202,0.029,-16.48,57.267,-2.595,-23.863,14.198,-1.344,-11.376,78.122,210.397,50.168,2.91,7.01,-13.506,47.405,478.153,-110.168,10.018,1.475,-9.918,49.176,5.313,-5.634,0,0
0,73.227,5.488,16.349,-132.981,183.907,15,5,10,0,1,7.441,0.625,-16.95,25.496,33.191,-11.969,13.915,-1.657,-10.873,77.084,198.26,23.756,1.878,13.191,-37.324,366.733,-365.45,-412.336,8.945,2.103,-10.411,52.901,9.176,-1.71,0,0
0,74.676,5.272,15.017,-133.244,144.963,15,5,10,0,1,3.308,1.212,-16.808,-11.893,60.473,-5.099,14.998,-1.118,-11.027,80.275,196.427,0.565,4.692,5.549,-12.732,43.527,-259.13,-24.336,8.874,0.453,-12.344,63.756,2.901,1.863,0,0
0,75.848,5.018,13.936,-108.032,117.165,15,5,10,0,1,3.054,1.138,-17.855,-46.947,90.382,-3.466,13.46,-1.514,-11.053,75.924,197.771,-15.45,4.907,5.94,-13.422,46.092,-121.679,-8.412,8.704,4.239,-11.429,53.969,-1.252,3.298,0,0
0,76.767,4.727,13.131,-80.578,91.931,15,5,10,0,1,3.013,-0.168,-17.807,-70.458,114.855,-1.084,12.265,-0.635,-10.43,68.55,195.893,-25.863,5.355,6.808,-15.213,95.496,-214.305,-23.939,6.776,3.954,-10.121,33.954,-6.137,0.412,0,0
0,77.471,4.397,12.555,-57.541,70.324,15,5,10,0,1,2.352,-0.498,-18.54,-82.076,135.985,4.901,10.167,1.289,-11.635,56.534,191.847,-34.015,4.079,7.985,-13.326,45.969,-189.42,-26.534,9.63,6.143,-6.991,1.786,-8.336,0.458,0,0
0,77.903,4.03,12.01,-54.508,43.259,15,5,10,0,1,2.67,-2.378,-18.248,-79.145,157.969,12.855,10.744,1.562,-12.222,37.695,186.84,-43.16,0.913,6.895,-15.515,39.13,-93.176,-15.756,10.258,3.037,-9.228,-14.565,-4.87,-4.855,0,0
0,78.064,3.625,11.387,-62.29,16.056,15,5,10,0,1,2.438,-1.988,-16.995,-70.519,176.809,17.969,9.139,1.255,-13.022,21.038,182.55,-43.74,2.932,14.381,-13.604,35.71,-366,-26.015,5.777,-1.336,-10.584,-13.863,-16.198,-3.45,0,0
0,77.939,3.181,10.885,-50.182,-12.428,15,5,10,0,1,2.273,-0.97,-18.068,-54.489,203.71,17.359,11.618,0.754,-12.588,9.069,178.321,-40.794,7.532,3.365,-8.1,10.794,-157.618,4.58,6.625,-1.387,-11.791,9.313,-30.061,-2.214,0,0
0,77.888,2.7,10.71,-17.578,-5.093,15,5,10,0,1,9.036,-5.976,-14.981,-44.168,222.687,7.924,11.64,-2.285,-14.267,-10.382,184.687,-29.649,5.111,9.002,-13.747,39.985,-137.252,3.023,10.181,3.377,-8.989,0.153,-29.618,-2.397,0,0
0,77.463,2.182,10.692,-1.774,-42.549,15,5,10,0,1,-1.233,-1.039,-19.812,-0.748,243.008,15.008,11.633,-1.224,-13.134,1.237,175.267,-15.71,3.542,5.449,-13.199,24.397,-58.107,-2.626,9.925,2.601,-7.997,-14.214,-32.122,-8.55,0,0
0,76.654,1.625,10.706,1.465,-80.876,15,5,10,0,1,2.112,-2.627,-20.279,25.511,263.695,7.618,8.162,-2.637,-12.947,11.206,161.023,-1.756,2.156,7.022,-14.741,23.695,-57.756,-7.695,9.566,0.627,-8.991,-21.939,-31.267,-10.137,0,0
0,75.537,1.03,10.725,1.831,-111.683,15,5,10,0,1,1.097,-2.067,-20.049,41.298,275.603,-2.58,5.942,-2.716,-13.743,26,144.046,7.191,2.809,6.402,-12.684,15.542,-55.023,-11.221,8.871,0.014,-8.706,-15.115,-40.397,-8.84,0,0
0,74.149,0.398,10.768,4.372,-138.84,15,5,10,0,1,1.015,-0.675,-19.515,48.198,288.244,-10.656,4.218,-3.015,-13.814,46.87,125.176,8.641,2.824,5.932,-12.991,6.931,-60.55,-11.389,9.324,-0.125,-9.767,-9.023,-41.298,-9.344,0,0
0,72.531,0,10.768,-0,-161.831,15,5,10,0,1,2.002,-0.022,-19.495,46.58,299.542,-17.634,4.414,-2.589,-13.977,63.771,109.328,5.511,2.606,5.688,-12.868,1.237,-62.214,-10.656,9.506,0.872,-9.582,-4.763,-45.725,-9.863,0,0
0,70.67,0,10.768,-0,-186.081,15,5,10,0,1,1.923,-0.716,-18.636,32.702,305.74,-25.557,2.165,-2.251,-14.286,80.595,93.053,3.847,2.637,5.48,-12.916,2.702,-62.885,-10.977,9.633,0.972,-9.69,-3.16,-48.092,-10.427,0,0
0,68.615,0,10.768,-0,-205.445,15,5,10,0,1,3.887,0.932,-20.379,14.519,314.031,-31.176,-0.086,-2.522,-14.737,101.832,73.71,-1.435,2.673,5.482,-12.962,2.702,-63.038,-10.87,12.183,-1.008,-11.961,-1.939,-34.885,-10.015,0,0
0,66.364,0,10.732,-3.639,-225.151,15,5,10,0,1,-0.218,-1.25,-21.97,-2.504,307.252,-33.496,2.785,-2.326,-13.197,122,59.924,-12.534,2.182,4.663,-12.921,7.771,-67.939,-8.473,12.219,-0.307,-9.194,0.824,-48.015,-9.511,0,0
0,64.042,0,10.721,-1.156,-232.235,15,5,10,0,1,-1.25,-0.963,-21.778,-14.702,298.779,-35.252,3.585,-1.224,-11.544,137.725,50.382,-23.328,2.304,5.312,-13.371,18.031,-67.725,-11.664,10.394,1.109,-9.156,4.427,-51.481,-8.58,0,0
0,61.643,0,10.677,-4.395,-239.857,15,5,10,0,1,3.609,-3.353,-20.916,-13.847,297.786,-32.916,2.232,0.144,-11.91,135.328,38.015,-31.176,1.554,6.208,-13.34,23.511,-70.763,-12.626,11.11,1.734,-8.665,-0.534,-49.099,-8.061,0,0
0,59.2,0,10.395,-28.153,-244.286,15,5,10,0,1,3.343,-1.121,-24.889,-16.092,291.42,-31.786,1.597,1.866,-10.593,124.412,30.351,-48.55,4.45,0.962,-13.556,76.26,-331.985,-36.641,11.764,1.236,-9.06,-1.542,-43.298,-6.58,0,0
0,56.794,0,9.882,-51.27,-240.578,15,5,10,0,0,-1.396,-2.256,-25.909,-16.534,265.374,-32.366,4.546,3.446,-7.039,96.901,22.183,-57.71,0.247,4.764,-15.268,9.206,-200.382,-13.313,12.399,-1.674,-10.277,18.916,-32.748,-5.634,0,0
0,54.403,0,9.311,-57.118,-239.125,15,5,10,0,0,1.621,-2.845,-26.336,-8.336,252.519,-27.954,2.826,4.17,-7.281,65.084,10.26,-58.351,1.926,4.127,-13.62,15.191,-399.099,-23.084,8.078,-1.217,-10.069,43.359,-47.298,-4.076,0,0
0,52.165,0,8.802,-50.961,-223.79,15,5,10,0,0,1.559,-4.203,-26.206,-9.924,223.908,-25.008,2.773,3.827,-7.231,43.298,0.809,-51.237,1.31,4.876,-14.262,34.443,-104.595,-21.618,13.661,0.814,-7.731,46.153,-46.977,-4.641,0,0
0,50.056,0,8.212,-58.926,-210.915,15,5,10,0,0,-1.063,-4.63,-27.737,-11.206,191.176,-19.573,3.542,3.633,-4.306,21.084,-12.183,-44.55,4.874,4.024,-13.802,42.794,-109.573,-34.443,8.337,1.552,-11.288,46.611,-47.191,-5.008,0,0
0,48.225,0,7.707,-50.514,-183.06,15,5,10,0,0,-0.388,-5.049,-28.041,-16.763,156.122,-13.084,5.231,2.352,-3.339,2.321,-23.191,-35.359,4.867,3.287,-15.007,99.924,-374.977,-109.802,10.04,3.118,-6.57,46.733,-60.672,-2.992,0,0
0,46.573,0,7.447,-26.058,-165.242,15,5,10,0,0,-0.587,-4.962,-27.387,-27.969,117.71,-5.908,5.552,1.801,-3.046,-8.275,-31.267,-27.237,1.581,6.844,-29.899,-492.366,-253.817,-362.992,12.215,3.281,-5.839,43.893,-62.733,-3.817,0,0
0,45.193,0,7.381,-6.592,-137.993,15,5,10,0,0,3.411,-4.239,-28.843,-30.794,90.534,3.954,0.627,2.589,-6.45,-8.382,-48.015,-18.504,3.53,9.206,-14.725,63.756,-67.71,-17.924,14.399,4.766,-6.9,35.206,-70.031,-2.595,0,0
0,44.138,0,7.385,0.401,-105.538,15,5,10,0,0,10.002,-4.189,-26.259,-42.29,55.344,1.557,6.352,1.892,-2.476,-5.527,-53.466,-17.435,5.001,8.397,-14.169,53.389,338.58,-20.336,11.4,1.88,-10.552,20.733,-71.832,-2.992,0,0
0,43.365,0,7.406,2.163,-77.271,15,5,10,0,0,3.228,-3.99,-31.985,-53.634,10.611,5.313,9.755,1.116,-1.631,0.84,-52.687,-11.954,4.402,7.847,-18.882,89.603,-139.282,-20.366,11.999,0.85,-10.155,16.977,-77.42,-1.221,0,0
0,42.896,0,7.425,1.888,-46.864,15,5,10,0,0,-1.775,-4.651,-42.26,-53.893,-40.748,12.656,7.623,0.685,-0.69,9.786,-52.534,-17.71,6.771,7.607,-11.47,46.214,-66.26,-7.435,10.581,3.226,-5.489,14.397,-93.099,5.817,0,0
0,43.043,0,7.469,4.372,14.66,15,5,10,0,0,-0.12,-6.519,-34.713,-53.939,-129.313,8.168,7.556,-1.013,-1.892,-4.397,-58.855,6.107,6.019,5.099,-12.466,51.786,-71.313,-8.183,14.028,-1.935,-8.356,32.794,-81.069,9.053,0,0
0,43.574,0,7.564,9.522,53.124,15,5,10,1,0,10.687,-7.621,-10.926,-32.382,-137.42,-0.397,14.121,-5.616,-2.551,-17.115,-62.382,25.756,9.738,3.525,-10.205,64.87,-64.122,3.481,8.411,-2.757,-12.001,58.901,-96.031,16.26,1,0
0,44.226,0,7.934,36.964,65.163,5,5,10,1,0,16.447,-7.698,-1.906,-13.298,-107.115,-9.603,15.493,-5.911,-6.361,-4.595,-43.053,46.046,8.924,4.203,-10.72,77.084,452.092,8.611,14.602,3.942,-3.856,58.901,-103.969,21.16,0,0
0.662,44.878,0,8.421,48.706,65.197,5,5,10,1,0,9.57,-10.196,-4.256,33.588,-81.802,1.649,14.083,-3.571,-10.267,11.664,-22.214,73.588,8.569,7.911,-11.659,84.458,-33.405,12.275,15.69,4.189,-2.467,54.626,-106.809,19.817,0,0
1.286,45.599,0,8.915,49.45,72.155,5,5,10,1,0,4.771,0.673,-8.524,48.397,-70.534,2.046,11.987,-0.481,-6.684,10.824,-7.802,95.069,12.186,6.541,-10.72,81.237,-161.649,55.939,12.543,0.977,-7.077,67.511,-119.893,19.481,0,0
1.871,46.651,0,9.736,82.054,105.114,5,5,10,1,0,4.043,-3.209,-19.098,41.985,-81.847,-5.878,5.619,0.587,-6.888,14.26,-13.344,112.763,14.155,8.842,-8.675,73.267,6.702,16.809,15.845,2.975,-4.855,71.511,-135.099,20.901,0,0
2.417,47.914,0,10.922,118.607,126.332,5,5,10,1,0,0.532,0.285,-33.018,51.145,-108.183,-1.13,3.791,-0.865,-6.922,15.466,-42.137,106.183,15.134,7.863,-9.336,56.168,27.649,13.313,16.636,2.314,-6.979,65.893,-144.031,16.748,0,0
2.925,49.181,0,12.479,155.697,126.732,5,5,10,1,0,7.003,-1.14,-26.692,51.634,-120,1.328,7.458,-1.221,-7.365,24.504,-59.374,73.008,14.72,8.991,-7.508,38.763,47.359,8.443,13.46,2.879,-6.354,47.786,-160.122,11.176,0,0
3.394,49.807,0,14.423,194.436,62.554,5,15,10,1,0,15.558,-2.402,-18.236,64.137,-85.069,5.298,12.004,-3.355,-11.647,24.153,-70.244,42.489,10.196,5.497,-9.194,4.397,124.611,3.756,14.351,3.044,-5.374,19.557,-160.611,5.145,0,0
3.824,49.555,0,16.668,224.511,-25.211,5,15,10,1,0,10.888,2.139,-16.957,43.74,-51.099,10.397,13.165,-0.453,-11.228,22.931,-90.794,19.985,11.752,4.323,-6.21,5.099,86.733,2.015,13.707,1.408,-6.33,-6.107,-177.466,0.702,0,0
4.215,48.404,0,19.242,257.378,-115.013,5,15,10,1,0,12.5,3.422,-18.882,6.153,-17.542,25.756,12.95,1.439,-11.094,24.275,-121.298,1.344,1.566,6.486,-3.487,10.168,220.565,-4,18.451,-0.462,-7.662,-12.626,-175.038,-0.565,0,0
4.567,46.441,0,22.212,297.021,-196.324,5,15,10,1,0,9.839,6.342,-21.201,-38.229,1.481,41.191,14.179,3.99,-9.288,11.298,-141.74,-14.947,10.988,5.269,1.193,21.252,266.992,19.603,14.926,4.27,-1.976,-32.733,-200.885,-3.71,0,0
4.881,44.017,0,25.405,319.302,-242.409,5,15,10,1,0,11.788,-0.589,-17.709,-89.573,23.74,41.115,17.929,6.735,-10.881,-24.84,-161.145,-26.916,10.323,5.521,-8.404,13.359,166.733,4.84,20.889,1.37,1.595,-44.305,-176.977,-5.038,0,0
5.156,41.344,0,28.742,333.687,-267.312,5,15,10,1,0,10.382,6.361,-21.582,-123.725,42.534,53.771,11.968,-0.757,-10.768,-69.191,-176.718,-33.344,8.845,7.12,-10.423,-0.275,186.626,3.481,18.566,0.726,-6.996,-33.679,-157.969,-0.809,0,0
5.393,38.326,0,32.25,350.774,-301.793,5,15,10,1,0,9.082,1.504,-16.454,-119.099,52.137,58.641,9.774,2.522,-12.385,-79.786,-192.626,-31.008,8.284,10.21,-12.825,-24.153,200.672,-2.519,12.876,3.578,-16.621,-34.718,-162.992,5.008,0,0
5.59,35.144,0,35.989,373.925,-318.226,5,15,10,1,0,5.952,5.978,-17.175,-145.679,53.511,62.687,9.712,2.922,-11.338,-71.74,-197.832,-24.672,4.378,10.375,-15.999,-61.893,206.87,-19.359,13.276,6.505,-23.866,-48.534,-180.565,5.13,0,0
5.749,31.848,0,40.179,418.946,-329.556,5,15,10,1,0,-2.594,1.818,-17.663,-166.504,41.74,64.336,1.679,1.526,-8.883,-66.748,-214.595,-19.908,6.977,3.531,-20.042,-206.046,437.847,-159.389,9.669,7.578,-19.574,-84.672,-222.397,-2.763,0,0
5.869,28.699,0,44.734,455.533,-314.919,5,15,10,1,0,-0.86,-4.366,-14.408,-169.115,42.977,57.344,7.623,2.711,-6.562,-75.038,-201.969,-19.191,3.066,18.716,-30.316,-246.87,441.145,-261.74,14.823,5.365,-19.301,-106.55,-214.58,-8.336,0,0
5.95,25.744,0,49.641,490.735,-295.533,5,15,10,1,0,9.884,-8.545,-12.174,-157.176,30.855,46.382,11.132,0.477,-6.598,-100.58,-185.847,-16.824,6.74,4.306,-20.506,-133.374,353.573,-149.588,13.144,7.235,-18.027,-127.802,-230.885,-1.008,0,0
5.993,23.114,0,54.681,503.942,-262.986,5,15,10,1,0,4.347,-4.639,-18.188,-131.634,20.84,44.427,10.255,0.56,-8.191,-110.656,-175.679,-8.076,6.759,2.357,-20.324,-113.954,-497.634,-176.244,15.319,7.98,-18.212,-163.008,-221.466,-9.527,0,0
5.997,20.836,0,59.599,491.845,-227.795,5,15,10,1,0,6.009,-8.718,-16.803,-90.489,18.977,45.496,12.952,-2.266,-7.935,-130.214,-161.359,-2.992,6.481,3.215,-34.986,-182.229,67.023,386.198,12.303,-9.925,-27.373,-196.305,-168.092,-14.84,0,0
5.962,18.859,0,64.038,443.849,-197.686,5,15,10,1,0,9.697,-12.109,-11.621,-56.489,14.794,37.13,12.03,-5.082,-10.083,-113.969,-153.191,13.664,6.531,5.997,-21.392,-69.817,253.603,-188.092,10.217,-3.126,-15.153,-205.237,-143.069,-12.687,0,0
5.888,17.05,0,67.821,378.297,-180.943,5,15,10,1,0,3.854,-3.415,-17.16,-39.786,17.053,35.71,8.591,-7.041,-10.775,-101.038,-152.305,22.443,6.117,2.679,-28.127,-123.359,-66.947,-356.885,10.315,-6.673,-11.69,-156.321,-100.901,-6.794,0,0
5.776,15.486,0,70.896,307.561,-156.361,5,15,10,1,0,5.913,-9.41,-12.77,-32.366,9.542,25.802,12.119,-6.311,-9.144,-77.298,-143.405,28.916,6.294,3.512,-21.517,-83.969,-120.931,-488.55,9.879,-12.722,-12.121,-100.977,-51.084,-1.252,0,0
5.625,14.061,0,73.394,249.791,-142.456,5,15,10,1,0,7.36,-6.912,-14.265,-23.008,13.679,24.061,9.599,-5.092,-9.068,-67.084,-138.382,32.611,6.304,2.742,-15.129,-30.687,418.244,-64.244,9.963,-9.19,-11.982,-26.122,-11.13,4.305,0,0
5.435,12.805,0,75.434,204.003,-125.622,5,15,10,1,0,5.703,-4.943,-15.163,-25.405,9.115,17.237,9.211,-5.398,-9.036,-57.939,-133.847,31.954,3.667,3.214,-14.43,-28.031,386.916,-42.687,10.452,-3.24,-11.472,25.557,18.137,3.817,0,0
5.207,11.607,0,77.078,164.36,-119.774,5,15,10,1,0,5.719,-8.284,-13.57,-14.046,10.916,15.008,7.808,-5.358,-8.713,-45.832,-129.863,31.252,2.572,5.079,-16.928,-54.962,-312.443,-49.221,9.324,0.062,-12.497,50.794,50.489,-1.832,0,0
4.939,10.473,0,78.367,128.906,-113.491,5,15,10,1,0,5.647,-2.893,-13.963,-11.725,9.756,11.832,9.111,-2.819,-8.553,-41.588,-127.542,26.809,1.576,8.288,-17.105,-51.786,-312.55,14.412,7.389,2.999,-13.046,66.55,67.908,-5.664,0,0
4.633,9.422,0,79.315,94.86,-105.103,5,15,10,1,0,6.426,-4.266,-12.799,-12.824,9.115,8.443,9.568,-1.959,-7.913,-43.969,-120.214,22.305,1.332,3.358,-13.374,-16.092,325.557,33.71,3.942,0.726,-16.08,70.595,87.435,-8.84,0,0
4.288,8.4,0,80.078,76.229,-102.184,5,15,10,1,0,9.547,-4.534,-12.488,1.237,11.695,9.71,8.586,-1.31,-8.864,-39.45,-118.412,21.282,0.738,2.247,-14.835,0.412,163.969,30.565,3.212,1.344,-15.553,68.84,101.191,-8.26,0,0
3.905,7.345,0,80.568,49.038,-105.446,5,15,10,1,0,5.509,-1.588,-13.022,-1.954,3.313,9.71,9.611,0.798,-8.277,-35.924,-116.779,15.573,0.81,5.194,-19.539,38.015,321.527,46.534,3.569,2.481,-13.496,53.237,117.969,-6.748,0,0
3.483,6.448,0,80.93,36.221,-89.733,5,15,10,1,0,4.718,-3.64,-12.447,-12.489,-1.481,6.901,10.62,1.698,-8.811,-38.382,-110.29,12.794,2.146,5.553,-17.168,51.939,312.824,27.237,5.77,0.235,-13.474,42.565,136.107,-1.847,0,0
3.022,5.624,0,81.191,26.035,-82.432,5,15,10,1,0,7.384,-5.03,-13.027,-0.366,-0.336,8.809,10.842,-1.018,-8.581,-39.374,-102.656,12.244,2.259,5.825,-13.975,23.573,302.168,8.733,7.307,-2.587,-16.032,37.191,156.244,5.511,0,0
2.522,4.898,0,81.194,0.355,-72.521,5,15,10,1,0,7.645,-2.242,-13.728,5.221,-3.405,9.893,10.61,-0.321,-9.405,-39.008,-99.267,14.718,1.562,7.457,-27.591,169.893,294.107,14.656,6.766,0.163,-13.386,13.679,176.198,13.344,0,0
1.983,4.291,0,81.125,-6.935,-60.78,5,15,10,1,0,8.617,-3.075,-13.118,0.687,-8.916,5.191,11.589,-1.118,-8.081,-41.145,-92.092,15.954,0.388,6.947,-21.488,40.824,289.237,-31.145,9.755,0.616,-12.423,13.328,181.74,22.718,0,0
1.406,3.906,0,80.876,-24.891,-38.441,5,15,10,1,0,7.274,-4.85,-11.448,3.389,-18,3.45,11.556,-1.145,-9.872,-44.397,-82.046,16.153,0.28,7.834,-14.612,3.145,136.977,-12.458,3.248,-0.019,-14.842,-19.466,195.924,24.412,0,0
0.79,3.734,0,80.345,-53.112,-17.235,5,15,10,1,0,7.199,-5.868,-11.518,14.901,-21.45,3.191,10.756,-1.796,-10.133,-40.641,-68.626,15.176,0.635,7.421,-20.013,-17.588,260.809,-117.74,8.313,3.602,-12.65,-40.092,215.069,34.855,0,0
0.136,3.727,0,79.521,-82.432,-0.71,5,15,10,1,0,6.773,-5.789,-10.9,26.656,-26.656,2.26,9.92,-3.799,-9.444,-34.687,-58.092,17.221,1.047,6.449,-18.394,-58.748,-500.168,-352.977,6.737,-1.835,-17.45,-47.405,229.282,43.832,0,0
0,3.737,0,78.547,-97.389,1.076,5,15,10,1,0,6.407,-4.663,-11.75,28.58,-27.45,2.931,9.218,-4.493,-9.247,-18.351,-60.565,15.298,0.469,7.329,-14.617,-42.137,251.313,-58.931,9.784,2.371,-13.618,-61.924,242.183,53.817,0,0
0,3.731,0,77.342,-120.449,-0.675,5,15,10,1,0,6.505,-3.355,-11.51,21.908,-30.992,2.824,8.277,-4.024,-8.327,0.321,-65.679,11.267,-0.01,7.057,-18.149,-96.366,473.878,-115.298,8.766,1.387,-14.358,-63.099,250.366,59.374,0,0
0,3.694,0,75.91,-143.189,-3.719,5,15,10,1,0,7.518,-3.969,-10.981,11.863,-35.679,-0.015,9.194,-2.939,-7.978,10.168,-68.107,7.16,-1.672,5.455,-28.405,-486.351,-145.847,-238.168,6.455,0.51,-15.927,-58.336,259.099,64.779,0,0
0,3.643,0,74.284,-162.644,-5.093,5,15,10,1,0,7.068,-5.521,-11.599,14.931,-38.382,-0.641,10.03,-2.488,-8.081,13.16,-68.244,4.519,-2.282,6.027,-19.768,-135.664,185.298,-46.198,7.31,1.617,-15.137,-50.519,268.504,69.679,0,0
0,3.386,0,72.43,-185.337,-25.658,5,15,10,1,0,10.737,-5.406,-11.475,26.763,-23.802,3.191,5.458,-3.789,-12.013,15.649,-79.679,3.527,-2.723,5.818,-13.858,-76.092,156.504,-35.023,5.156,-2.742,-17.841,-31.099,273.74,69.847,0,0
0,2.925,0,70.435,-199.54,-46.143,5,15,10,1,0,5.111,-3.837,-12.306,12.351,-33.954,-0.076,7.48,0.35,-9.444,24.366,-88.168,5.252,-3.813,2.006,-30.57,336.855,84.015,85.008,6.699,1.075,-15.69,-19.847,277.328,72.962,0,0
0,2.357,0,68.234,-220.093,-56.774,5,15,10,1,0,5.681,-1.212,-13.11,-4.641,-28.748,1.939,9.391,0.587,-8.668,16.046,-93.939,0.214,-3.444,2.92,-14.655,-83.008,51.313,-8.061,5.118,0.283,-17.975,-3.588,275.802,71.435,0,0
0,1.705,0,65.891,-234.33,-65.14,5,15,10,1,0,6.201,-3.36,-12.351,-11.13,-31.008,2.168,10.038,1.262,-8.107,1.939,-94.153,-0.336,-4.352,4.93,-20.521,-178.656,66,-7.023,8.459,0.172,-18.595,-11.573,287.969,70.351,0,0
0,1.039,0,63.423,-246.827,-66.639,5,15,10,0,0,7.274,-4.249,-11.134,-24.122,-36.427,2.168,11.065,1.154,-7.623,-18.29,-91.466,0.809,-1.509,1.508,-21.249,320.977,265.649,3.298,8.557,4.06,-15.637,-11.282,280.382,70.748,0,0
0,0.409,0,60.866,-255.684,-62.988,5,15,10,0,0,6.517,-3.018,-11.477,-29.344,-34.198,2.916,10.416,-0.096,-8.469,-32.382,-90.412,1.191,-3.037,8.264,-15.759,-143.817,63.145,71.084,6.819,-0.17,-21.28,-6.687,274.809,67.557,0,0
0,-0.185,0,58.262,-260.376,-59.395,5,15,10,0,0,7.36,-2.939,-12.255,-34.916,-35.42,0.351,10.435,-1.926,-8.869,-40.336,-86.763,-1.053,-1.914,3.461,-12.322,-59.847,14.305,13.206,7.918,1.059,-20.655,-18.031,271.359,67.008,0,0
0,-0.675,0,55.684,-257.779,-49.004,5,15,10,0,0,8.428,-6.692,-10.531,-33.878,-41.664,-1.664,10.399,-2.833,-9.841,-39.847,-80.443,0.641,-3.815,4.28,-11.328,-42.107,3.725,1.405,6.95,1.42,-21.718,-20.992,256.84,61.725,0,0
0,-1.118,0,53.139,-254.54,-44.312,5,15,10,0,0,6.931,-5.875,-12.306,-29.298,-49.756,-1.42,12.449,-2.141,-9.034,-36.229,-74.763,2.198,-2.62,3.236,-8.809,-23.008,-10.595,1.405,7.899,3.724,-20.418,-22.229,227.374,55.969,0,0
0,-1.353,0,50.707,-243.153,-23.506,5,15,10,0,0,4.503,-3.813,-14.037,-29.099,-60.336,-1.13,14.205,-1.38,-7.032,-32.183,-66,5.588,-3.255,4.261,-7.961,-16.29,-72.794,79.389,7.355,1.475,-21.998,-16.382,203.802,50.153,0,0
0,-1.374,0,48.415,-229.248,-2.117,5,15,10,0,0,7.839,-9.096,-10.102,-9.099,-68.504,-1.145,11.539,-2.785,-8.737,-26.061,-56.153,12.931,-2.347,4.227,-7.094,-15.634,-26.855,15.847,7.003,2.891,-20.997,-1.237,170.244,45.359,0,0
0,-1.374,0,46.342,-207.264,0,5,15,10,0,0,6.665,-3.442,-13.939,-1.954,-70.84,-0.427,11.925,-2.869,-9.745,-15.817,-55.374,13.374,-0.733,5.403,-0.977,-47.954,-63.756,26.198,6.668,4.927,-20.635,9.924,137.71,35.878,0,0
0,-1.264,0,44.541,-180.142,10.963,5,15,10,0,0,3.832,-1.794,-16.315,-8.214,-77.817,-4.58,13.819,-2.1,-9.499,-10.992,-51.603,10.458,-0.525,2.74,-4.917,-28.916,-43.115,20.122,4.742,7.106,-22.619,10.031,104.687,21.267,0,0
0,-1.023,0,43.112,-142.903,24.159,5,15,10,0,0,5.049,-1.32,-16.171,-6.504,-77.969,-6.855,12.406,-1.856,-9.925,-14.992,-51.847,9.191,-2.213,3.056,-5.698,-29.771,-52.031,7.389,3.537,7.058,-22.362,10.031,68.672,1.206,0,0
0,-0.657,0,42.057,-105.469,36.633,5,15,10,0,0,5.049,-1.32,-16.171,-8.061,-80.794,-7.908,12.112,-0.381,-8.845,-22.26,-45.298,10.748,2.486,8.675,3.77,-229.878,375.679,-27.115,8.454,3.674,-20.832,16.229,34.168,-4.412,0,0
0,-0.25,0,41.387,-66.971,40.661,5,15,10,0,0,8.102,-1.269,-16.389,-20.885,-82.046,-12.916,12.809,-2.314,-9.824,-29.74,-45.099,3.069,2.989,3.458,-4.598,-26,-67.618,-26.382,6.553,6.898,-21.852,22.214,-4.931,-9.313,0,0
0,0.263,0,41.189,-19.81,51.258,5,15,10,0,0,8.778,-3.846,-14.188,-20.473,-90.29,-16.26,11.539,-1.839,-10.893,-34.397,-43.023,3.16,2.462,6.85,1.226,-62.489,-121.053,-221.802,10.373,5.142,-24.333,23.527,-42.58,-17.221,0,0
0,0.742,0,41.464,27.489,47.962,5,15,10,0,0,10.9,-4.052,-13.209,-17.603,-91.603,-18.26,10.263,-0.558,-11.199,-36.885,-47.313,4.076,-0.206,5.932,-7.029,-28.351,-27.374,-22.84,5.652,2.505,-31.253,22.366,-94.611,-18.626,0,0
0,1.171,0,42.215,75.062,42.87,5,15,10,0,0,10.538,-1.72,-13.508,-21.191,-88.015,-17.802,11.472,-0.661,-10.833,-38.534,-52.214,-2.168,-1.207,4.828,-9.235,-129.237,-402.824,-292.763,3.19,5.341,-22.59,-10.29,-144.122,-16.595,0,0
0,1.522,0,43.229,101.441,35.099,5,15,10,0,0,10.473,-3.092,-12.145,-31.206,-91.664,-21.344,13.134,-0.302,-10.572,-42.58,-55.618,-1.695,-0.541,15.284,-16.727,-49.496,-120.931,77.679,7.968,-1.554,-5.324,-35.847,-141.069,-5.557,0,0
0,1.815,0,44.171,94.162,29.285,5,15,10,0,1,11.599,-0.699,-11.927,-41.756,-83.008,-22.595,13.594,-0.57,-10.27,-49.557,-57.359,-3.221,-3.389,9.642,-19.194,8.626,-367.954,-308.092,12.255,-16.181,-9.07,-27.634,-90.855,7.511,0,1
0,2.035,0,44.65,47.905,21.996,15,5,10,0,1,7.817,0.757,-13.68,-55.832,-83.74,-23.771,16.77,0.457,-8.131,-52.397,-55.466,-10.412,5.528,4.466,-24.602,-64.26,-189.878,-142.015,10.2,-7.173,-1.123,-52.794,-57.817,14.046,0,0
0,2.291,0.659,44.695,4.475,25.623,15,5,10,0,1,8.778,-1.164,-11.321,-68.168,-86.489,-26.183,18.001,0.704,-6.95,-59.206,-44.702,-14.397,6.553,2.723,-9.688,-78.198,-85.237,-135.176,12.377,-7.384,-10.385,-30.397,-60.626,5.939,0,0
0,2.654,1.279,44.713,1.808,36.266,15,5,10,0,1,10.236,-4.313,-8.644,-76.947,-96.84,-28.55,19.249,2.172,-5.753,-65.191,-25.725,-13.298,1.669,0.675,-3.425,-214.061,-137.725,-241.221,12.114,0.812,-16.624,-18.275,-73.435,-8.305,0,0
0,3.206,1.862,45.112,39.894,55.287,15,5,10,0,1,11.424,-4.024,-9.614,-74.061,-96.519,-29.115,17.28,0.002,-6.162,-68.947,-12.687,-15.237,1.198,0.707,-2.922,-103.466,-215.527,-208.977,9.575,7.875,-16.09,-14.87,-107.053,-24.855,0,0
0,4.027,2.405,45.665,55.309,82.1,15,5,10,0,1,9.233,-3.533,-9.92,-66.198,-110.58,-31.573,18.252,0.97,-6.04,-61.664,3.405,-14.748,0.644,3.24,-5.173,-59.649,-122.824,-103.237,10.478,6.165,-13.927,-34.824,-104.031,-28.244,0,0
0,5.206,2.911,46.086,42.126,117.851,15,5,10,0,1,10.325,-4.225,-7.343,-60.321,-119.237,-35.496,17.172,-1.118,-5.647,-62.489,19.756,-13.282,0.613,7.831,-13.623,-119.954,375.435,-488.305,9.015,5.003,-12.787,-65.832,-78.855,-22.26,0,0
0,6.656,3.378,46.053,-3.273,145.031,15,5,10,0,1,11.271,-2.093,-8.579,-47.878,-120.748,-35.893,17.048,-0.541,-6.062,-53.618,35.679,-15.603,2.685,7.199,-15.213,-2.397,-111.405,-99.756,8.83,-5.971,-15.594,-56.84,-59.359,-17.115,0,0
0,8.469,3.807,45.562,-49.152,181.286,15,5,10,0,1,12.888,-2.915,-6.584,-39.16,-125.496,-37.634,15.814,-1.83,-5.439,-42.489,55.389,-15.237,3.298,3.755,-17.009,-14.962,-126.015,-40.595,10.667,-8.418,-16.648,-33.908,-43.267,-15.099,0,0
0,10.524,4.198,44.643,-91.896,205.468,15,5,10,0,1,13.221,-3.291,-8.773,-29.115,-129.649,-42.305,16.097,-0.663,-4.234,-35.359,76.656,-21.527,6.979,4.8,-6.668,-57.237,435.221,-114.809,15.944,-5.521,-15.996,-12.58,-31.176,-14.931,0,0
0,12.867,4.55,43.475,-116.799,234.33,15,5,10,0,1,10.33,-5.659,-8.208,-35.557,-145.038,-46.168,18.712,-2.979,-0.513,-28.137,100.626,-24.763,3.47,7.114,-14.691,-8.382,-299.588,-33.252,16.399,4.067,-9.072,20.321,-19.206,-17.847,0,0
0,15.537,4.865,41.826,-164.83,267.026,15,5,10,0,1,15.249,-10.1,-9.065,-29.603,-152.122,-48.58,18.037,-1.746,-4.155,-23.099,125.786,-21.542,1.126,10.108,-20.794,30.702,312.901,-120.183,14.782,1.988,-12.61,23.313,1.878,-20.519,0,0
0,18.452,5.14,39.669,-215.71,291.482,15,5,10,0,1,10.169,-7.937,-16.962,-10.87,-161.695,-39.985,16.205,-3.02,-4.699,-12.977,143.176,-30.824,0.795,10.745,-25.301,45.786,298.672,-19.176,12.016,-6.411,-16.293,55.069,30.504,-16.198,0,0
0,21.799,5.378,37.066,-260.354,334.717,15,5,10,0,1,14.305,-5.415,-19.376,17.45,-180.656,-37.374,15.568,-5.43,-5.988,7.496,167.099,-25.099,4.033,2.018,-18.173,40.351,-364.824,4.519,12.313,1.662,-10.62,59.023,38.183,-10.26,0,0
0,25.593,5.577,34.176,-288.941,379.361,15,5,10,0,1,12.282,-6.158,-19.661,50.779,-205.511,-40.076,12.164,-4.242,-9.638,27.252,187.664,-12.519,4.601,1.241,-9.211,19.985,248.763,361.771,16.284,-3.712,-6.488,84.687,36.595,-15.344,0,0
0,29.991,5.738,31.1,-307.629,439.797,15,5,10,0,1,11.391,-6.665,-21.953,80.565,-226.977,-42.198,14.741,-7.465,-11.23,53.664,206.687,2.519,-0.002,-0.18,-14.092,50.992,-197.405,6.321,8.608,-6.833,-12.174,109.466,31.695,-30.763,0,0
0,34.682,5.86,27.973,-312.756,469.129,15,5,10,0,1,10.591,-5.125,-23.612,113.603,-241.542,-48.29,13.345,-6.04,-13.11,72.611,223.084,24.427,-0.014,-2.764,-13.007,64.992,84.641,55.817,8.629,-11.544,-16.514,128.473,24.031,-29.237,0,0
0,39.758,5.945,25.124,-284.878,507.604,15,5,10,0,1,11.254,-6.067,-22.99,133.16,-245.802,-54.84,13.762,-2.912,-12.643,102.366,235.069,58.229,4.062,-1.928,-12.873,82.565,-190.641,22.656,7.034,-2.055,-13.973,135.466,9.344,-24.626,0,0
0,45.028,5.991,22.736,-238.781,527.001,15,5,10,0,1,10.967,-6.574,-23.39,144.977,-254.046,-54.656,11.415,-0.939,-15.362,98.26,237.069,85.496,4.46,1.068,-14.097,103.756,-174.229,19.634,10.083,4.814,-12.955,122.947,2.733,-25.771,0,0
0,50.327,5.998,20.7,-203.602,529.897,15,5,10,0,1,12.844,-13.956,-16.092,200.229,-226.641,-46.397,14.301,2.28,-14.981,74.031,246.29,100.672,5.825,5.616,-13.836,120.198,-160.534,14.137,9.834,3.42,-12.433,98.198,1.099,-28.718,0,0
0,55.33,5.968,18.964,-173.561,500.234,15,5,10,0,1,-3.909,6.043,-23.258,202.718,-200.534,-32.504,21.821,-1.267,-13.264,64.198,262.916,93.573,7.951,9.47,-12.77,122.26,-150.55,6.733,8.811,4.931,-11.977,85.481,1.542,-23.618,0,0
0,59.746,5.899,17.393,-157.139,441.617,15,5,10,0,1,13.802,1.253,-14.468,188.427,-142.214,-35.237,21.962,1.42,-16.09,52.153,266.382,107.74,4.56,0.662,-25.157,-499.802,375.435,-34.443,11.875,4.792,-11.012,78.076,12.55,-17.939,0,0
0,63.43,5.791,16.789,-60.436,368.397,15,5,10,0,1,8.818,4.668,-14.234,144.183,-94.168,-26.015,14.777,3.104,-14.217,46.962,255.008,91.557,14.159,7.741,7.051,-28.489,-26.641,-436.763,-6.78,-2.261,-22.377,143.252,-44.473,-9.435,0,0
0,66.661,5.646,16.888,9.922,323.079,15,5,10,0,1,6.203,8.21,-16.873,84.336,-60.015,-9.832,11.386,2.469,-12.672,29.42,230.015,70.275,-10.265,-33.697,-11.707,253.389,-47.405,239.389,16.957,28.086,-4.656,-42.947,43.496,-19.924,0,0
0,69.373,5.462,15.228,-165.928,271.283,15,5,10,0,1,7.161,4.472,-16.104,28.198,-26.733,2.153,11.043,0.125,-11.343,26.519,208.595,39.725,-8.407,19.752,-19.778,66.107,-187.13,-95.328,9.405,-8.416,-11.858,-49.008,31.557,-31.084,0,0
0,71.553,5.24,12.698,-253.018,217.953,15,5,10,0,1,6.9,-2.426,-14.555,-12.962,-3.649,11.328,10.893,-1.047,-11.144,23.221,194.183,18.214,-1.336,8.108,-14.246,76.626,203.344,-231.573,3.815,-14.107,-16.097,80.931,17.252,-1.756,0,0
0,73.282,4.979,10.384,-231.446,172.875,15,5,10,0,1,4.809,0.333,-18.255,-41.237,27.313,21.71,12.162,-1.681,-10.358,25.71,183.45,-6.382,2.019,4.095,-11.046,15.511,-180.397,7.893,7.64,-0.127,-12.507,152.519,3.954,10.84,0,0
0,74.615,4.681,8.629,-175.45,133.301,15,5,10,0,1,2.831,-1.351,-18.638,-60.779,50.122,25.725,12.847,-1.732,-9.935,30.656,179.282,-22.87,8.244,2.86,-14.202,52.718,-297.985,16.153,13.192,13.709,-7.657,121.634,16.229,12.137,0,0
0,75.647,4.344,7.18,-144.963,103.203,15,5,10,0,0,3.674,-0.46,-19.275,-72.229,74.885,29.466,11.786,-2.206,-10.964,36.031,173.298,-36.107,7.971,7.937,-13.917,75.527,-250.336,-6.962,10.035,11.733,-8.775,39.511,11.481,-1.496,0,0
0,76.409,3.968,6.026,-115.38,76.206,15,5,10,0,0,3.272,-0.223,-19.445,-73.13,76.504,30.183,10.871,-1.478,-11.795,38.809,166.626,-42.198,6.071,0.061,-29.114,-379.863,128.595,-115.053,8.445,3.88,-10.176,-3.817,5.405,-5.817,0,0
0,76.929,3.555,5.15,-87.547,52.025,15,5,10,0,0,2.28,-2.467,-16.947,-72.29,113.099,37.588,9.453,0.862,-11.194,26.748,161.924,-43.282,4.007,8.998,-14.353,56.061,-94.305,-7.481,6.447,0.917,-8.603,-13.74,-2.321,-4.336,0,0
0,77.203,3.103,4.613,-53.787,27.42,15,5,10,0,0,4.982,-3.988,-15.687,-58.931,136.977,38.321,10.066,-0.345,-11.74,17.435,158.244,-41.847,4.675,6.329,-16.473,73.084,-152.779,-1.282,10.193,1.497,-8.205,-7.344,-4.244,-2.336,0,0
0,77.262,2.612,4.334,-27.844,5.894,15,5,10,0,0,5.542,-3.231,-15.898,-43.725,161.359,36.473,10.232,-0.412,-11.951,9.267,161.267,-40.046,2.009,8.852,-14.351,12.656,-274.321,21.985,9.302,3.039,-9.293,-20.718,-5.756,-4.656,0,0
0,77.226,2.084,4.136,-19.764,-3.662,15,5,10,0,0,0.381,-2.076,-18.633,-42.046,164.916,24.321,16.202,-0.774,-9.743,-2.718,171.756,-29.099,1.394,8.902,-14.444,7.71,-120,5.313,11.144,2.958,-7.602,-33.74,-16.962,-7.359,0,0
0,77.174,1.517,3.997,-13.962,-5.104,15,5,10,0,0,3.729,-4.962,-15.908,-8.443,189.557,18.168,13.376,-1.31,-11.618,-12.962,178.473,-9.13,5.719,5.859,-10.72,3.374,-198.718,14.84,6.57,0.611,-9.214,-23.527,-37.344,-6.641,0,0
0,76.903,0.912,4.074,7.713,-27.111,15,5,10,0,0,5.679,-1.914,-17.932,27.771,219.679,17.374,7.389,-1.89,-14.169,0.855,172.214,4.641,2.785,7.202,-12.856,0.229,-49.42,1.725,8.957,0.041,-7.252,-15.725,-36.595,-4.916,0,0
0,76.397,0.268,4.195,12.131,-50.594,15,5,10,0,0,2.345,-4.105,-18.034,45.099,229.481,5.481,6.491,-3.461,-12.502,17.084,167.435,23.221,3.535,12.307,-16.88,-20.351,-204.84,-10.015,7.731,-0.026,-9.709,-6.534,-44.031,-3.13,0,0
0,75.738,0,4.374,17.91,-65.907,15,5,10,0,0,0.4,-1.686,-18.169,52.748,236.718,-4.366,5.719,-3.159,-13.735,36.733,161.649,28.275,-1.751,8.732,-17.45,-6.962,-55.435,-10.473,13.316,2.527,-5.791,-19.557,-35.908,-3.221,0,0
0,74.969,0,4.316,-5.836,-76.893,15,5,10,0,0,0.469,-2.766,-18.727,59.298,244.718,-13.832,6.323,-3.315,-12.459,57.618,154.015,32.519,4.095,5.406,-12.552,-15.939,-61.893,-8.458,7.221,-0.477,-12.294,-14.473,-46.382,-4.214,0,0
0,74.05,0,4.304,-1.167,-91.953,15,5,10,0,0,2.27,-4.524,-18.882,67.069,255.099,-20.153,5.834,-3.126,-12.21,73.527,143.725,34.351,2.031,6.361,-13.589,-11.969,-63.206,-8.534,9.326,1.126,-8.129,-9.832,-50.015,-1.481,0,0
0,72.944,0,4.304,-0,-110.596,15,5,10,0,0,3.772,-3.775,-18.379,66.809,265.893,-26.214,3.88,-3.243,-13.055,90.779,129.634,33.954,2.596,5.13,-13.221,-9.115,-65.634,-9.481,9.57,-0.024,-8.878,-4.702,-49.298,-0.366,0,0
0,71.659,0,4.304,-0,-128.483,15,5,10,0,0,3.159,-1.859,-19.088,53.878,272.275,-33.038,5.252,-3.707,-11.53,108.443,117.252,28.901,2.771,4.416,-13.259,1.038,-64.702,-6.687,9.678,-0.06,-9.096,5.954,-50.458,1.618,0,0
0,70.139,0,4.304,-0,-151.978,15,5,10,0,0,3.193,-2.055,-19.828,45.511,280.489,-37.405,5.858,-4.218,-11.079,122.672,100.198,20.061,2.879,4.359,-13.726,12.061,-62.122,-4.214,9.982,1.286,-9.784,9.374,-51.496,1.618,0,0
0,68.403,0,4.304,-0,-173.63,15,5,10,0,0,3.437,-2.469,-19.584,44.962,281.802,-37.725,4.579,-4.124,-10.713,138.977,84.382,4.366,3.3,4.273,-14.119,21.954,-58.336,-2.763,10.402,1.322,-9.875,10.137,-55.344,-0.931,0,0
0,66.375,0,4.304,-0,-202.835,15,5,10,0,0,1.633,6.134,-28.723,41.679,317.542,-51.939,6.33,-5.022,-10.79,132.687,88.55,-16.947,3.624,4.433,-14.389,28.84,-56.473,-1.359,10.631,0.055,-9.551,13.893,-55.542,-1.786,0,0
0,64.122,0,4.304,-0,-225.22,15,5,10,0,0,-4.309,-1.262,-23.162,29.924,285.145,-42.473,3.767,-0.342,-10.552,162.198,61.725,-11.45,3.767,4.776,-14.454,35.069,-56.122,-2.183,10.282,0.22,-8.735,18.809,-54.779,0.244,0,0
0,61.767,0,4.304,-0,-235.508,15,5,10,0,0,4.63,-2.388,-21.974,25.176,291.267,-38.397,3.09,1.55,-10.121,133.649,43.573,-24.473,3.425,6.129,-14.796,35.405,-57.374,-4.031,10.495,0.481,-9.65,21.924,-54.427,2.214,0,0
0,59.449,0,4.304,-0,-231.812,15,5,10,0,0,2.951,-0.786,-22.75,5.649,278.458,-33.969,3.648,2.934,-7.638,88.26,25.756,-37.878,3.243,6.457,-14.926,29.42,-123.344,-12.397,9.329,1.315,-10.49,22.351,-58.168,1.771,0,0
0,57.08,0,4.304,-0,-236.962,15,5,10,0,0,-2.704,-0.386,-27.706,-4.382,264.305,-31.511,5.279,4.287,-5.741,42.947,9.588,-46.489,3.482,6.002,-14.684,23.008,-129.664,-30.595,10.67,0.623,-9.877,24,-63.939,-0.26,0,0
0,54.721,0,4.304,-0,-235.84,15,5,10,0,0,-0.139,-6.493,-25.505,3.13,245.359,-29.069,5.068,3.046,-6.902,14.305,-1.679,-40.489,4.881,6.68,-14.097,6.58,-131.008,-24.122,11.915,0.709,-8.124,27.466,-64.656,2.29,0,0
0,52.4,0,4.304,-0,-232.098,15,5,10,0,0,2.718,-5.537,-26.221,-1.802,216.901,-25.069,3.458,1.801,-6.126,3.832,-18.168,-26.809,5.77,6.749,-13.496,17.328,-60.58,-9.008,12.586,1.344,-8.004,27.435,-62.351,6.076,0,0
0,50.21,0,4.304,-0,-219.075,15,5,10,0,0,0.493,-3.959,-27.885,-13.298,186.733,-18.305,2.347,1.638,-5.877,9.038,-35.313,-23.145,4.886,6.419,-13.221,15.466,-58.626,-4.412,11.314,0.467,-10.84,26.672,-63.313,7.863,0,0
0,48.211,0,4.304,-0,-199.894,15,5,10,0,0,-1.186,-5.068,-28.34,-33.588,141.389,-11.435,2.088,0.376,-3.691,17.695,-49.206,-18.305,4.768,7.128,-12.715,13.771,-49.847,-1.481,15.963,4.962,-4.594,12.275,-73.771,10.855,0,0
0,46.537,0,4.345,4.04,-167.336,15,5,10,0,0,-4.749,-2.965,-32.043,-35.954,106.244,-0.382,1.885,0.774,-4.979,26.473,-62.382,-22.229,3.212,5.734,-14.028,13.893,-55.053,-2.122,11.635,1.02,-9.954,7.985,-65.374,6.855,0,0
0,45.208,0,4.378,3.319,-132.946,15,5,10,0,0,-1.049,-5.968,-28.867,-45.145,56.656,6.122,2.34,1.384,-4.747,25.389,-73.954,-10.092,4.749,3.985,-13.654,19.481,-58.748,0.214,9.135,-1.854,-12.442,14.489,-75.588,8.504,0,0
0,44.168,0,4.689,31.117,-104.016,15,5,10,0,0,-0.137,-8.387,-26.388,-36.916,20.931,15.634,3.578,1.298,-4.713,19.084,-82.122,-2.489,6.553,4.694,-11.441,31.405,-44.947,-2.076,10.397,-1.214,-11.048,35.374,-98.947,9.71,0,0
0,43.311,0,5.327,63.744,-85.671,15,5,10,0,0,8.208,-6.162,-24.046,-27.237,-1.267,7.985,11.934,0.309,-0.568,13.573,-82.214,0.748,4.479,4.249,-13.939,43.985,-46.107,-5.817,11.762,2.646,-8.172,20.214,-100.305,10.779,0,0
0,42.574,0,5.945,61.844,-73.689,15,5,10,0,0,8.584,-6.507,-23.627,-24.58,1.817,8.718,10.478,-5.089,-6.1,14.336,-84.412,19.359,7.053,5.063,-12.04,54.351,-47.557,-6.824,12.248,-0.556,-9.405,20.427,-97.908,9.924,0,0
0,41.959,0,6.638,69.26,-61.501,15,5,10,0,0,-1.899,-3.925,-33.894,-2.565,-65.71,-11.389,8.507,-6.493,-5.018,34.641,-89.069,30.611,6.608,5.621,-10.773,63.069,-36.992,-5.16,14.641,-0.501,-3.969,28.87,-105.115,13.435,0,0
0,41.736,0,7.311,67.337,-22.339,15,5,10,0,0,-0.148,-2.378,-18.552,20.702,-100.779,-24.672,12.428,-2.699,-6.268,41.725,-96.183,40.489,7.302,3.942,-10.682,74.55,-60.275,4.519,13.149,-3.224,-7.602,47.115,-101.16,15.511,0,0
0,41.849,0,8.102,79.136,11.387,15,5,10,1,0,15.184,-6.277,-2.805,21.756,-57.725,-31.71,17.551,-6.476,-7.496,53.344,-70.168,38.87,8.32,5.638,-9.254,74.794,-22.534,22.198,12.351,-2.141,-6.304,67.267,-118.718,19.374,1,0
0,41.838,0,8.978,87.559,-1.156,5,5,10,1,0,20.145,1.811,-10.823,44.977,-36.504,-16.168,17.215,0.853,-5.291,77.527,-34.885,54.473,9.58,5.765,-9.884,80.382,-7.573,61.191,12.552,-0.599,-7.159,71.908,-118,21.511,0,0
0.655,42.267,0,10.018,103.981,42.858,5,15,10,1,0,11.7,-0.249,-8.476,9.634,-81.008,-3.206,17.476,8.117,3.231,77.221,-3.817,62.534,9.396,8.416,-9.961,75.405,12.84,14,17.029,2.486,-2.874,64.382,-130.763,24.076,0,0
1.273,43.337,0,11.218,120.072,107.002,5,15,10,1,0,3.88,-3.688,-17.189,4.779,-101.985,4.58,3.238,5.75,0.745,43.542,-7.893,75.252,12.794,18.264,-7.458,106.351,54.718,31.511,14.492,1.842,-5.087,59.588,-144.931,21.802,0,0
1.852,44.798,0,12.772,155.308,146.107,5,15,10,1,0,-0.821,-5.209,-22.578,33.008,-131.71,4.611,0.299,-0.005,-1.171,1.267,-34.046,90.305,8.153,33.578,1.36,103.817,434.443,92.702,14.078,4.251,-2.326,32.962,-159.45,17.206,0,0
2.394,46.123,0,14.624,185.28,132.557,5,15,10,1,0,3.499,-8.404,-21.385,72.595,-123.817,-1.939,8.754,-1.962,-6.402,-29.695,-47.069,82.672,10.715,8.732,-7.858,1.008,63.985,7.145,15.096,1.677,-3.655,2.534,-150.489,15.557,0,0
2.897,46.892,0,16.727,210.24,76.893,5,15,10,1,0,6.862,-1.909,-22.393,105.939,-88.26,-10.107,13.75,-5.566,-12.703,-23.435,-66.687,65.45,13.843,6.814,-4.431,-19.466,95.603,6.183,13.941,-2.108,-5.528,-8.244,-167.817,10.26,0,0
3.363,46.954,0,19.334,260.685,6.214,5,15,10,1,0,11.161,0.137,-18.193,89.908,-61.649,-5.725,13.589,-1.796,-14.262,1.725,-91.664,51.573,12.301,4.795,-5.113,-25.221,128.519,0,15.91,-0.067,-4.364,-6.779,-166.687,16.26,0,0
3.791,46.299,0,22.356,302.193,-65.54,5,15,10,1,0,14.229,3.272,-16.305,40.794,-33.344,11.053,12.394,1.638,-11.772,13.298,-115.908,29.985,9.604,9.915,-6.385,-31.237,151.45,1.649,18.645,6.021,-2.735,-29.053,-170.26,13.496,0,0
4.181,44.958,0,25.648,329.224,-134.068,5,15,10,1,0,11.403,5.956,-17.735,-19.221,-10.229,27.679,11.29,-0.319,-10.33,20.626,-139.771,0.656,8.555,9.235,-6.232,-90.626,349.191,5.496,19.107,5.978,-4.97,-49.939,-168.336,8.412,0,0
4.534,42.999,0,29.112,346.39,-195.935,5,15,10,1,0,5.952,5.899,-19.055,-74.58,4.702,38.763,9.377,-0.345,-12.138,18.153,-161.924,-21.267,9.456,1.499,-7.108,-121.435,382.168,21.924,16.095,6.177,-9.642,-63.252,-173.282,10.55,0,0
4.848,40.516,0,32.898,378.674,-248.291,5,15,10,1,0,8.787,-0.829,-18.672,-114.687,25.053,37.16,15.369,-0.85,-12.512,10.229,-173.481,-31.374,9.518,12.433,-9.947,-83.496,215.038,-1.679,14.789,6.306,-14.78,-79.893,-194.198,10.55,0,0
5.124,37.598,0,36.967,406.907,-291.836,5,15,10,1,0,13.74,4.759,-20.7,-130.092,49.969,40.427,12.672,1.959,-12.303,-30.992,-185.771,-25.969,5.729,18.158,-31.039,123.74,-431.16,-303.634,19.146,2.649,-18.748,-101.908,-203.069,8.489,0,0
5.363,34.405,0,41.35,438.287,-319.291,5,15,10,1,0,0.915,3.087,-15.654,-133.557,48.305,44.87,9.609,2.742,-10.423,-48.885,-199.817,-20.061,6.565,8.438,-17.726,-129.16,449.389,-119.817,16.075,4.692,-16.595,-136.366,-204.351,9.939,0,0
5.564,31.083,0,45.863,451.241,-332.2,5,15,10,1,0,2.11,2.9,-12.722,-147.298,46.656,51.435,5.089,3.25,-9.736,-56.55,-207.298,-12.183,0.647,10.336,-1.303,-115.008,-108.977,-486.595,14.782,9.295,-11.542,-171.603,-202.351,15.802,0,0
5.727,27.842,0,50.341,447.854,-324.074,5,15,10,1,0,7.774,0.726,-19.249,-151.695,44.153,47.893,8.383,0.331,-5.504,-78.198,-197.176,-11.954,8.608,5.604,-19.151,-132.977,255.038,-131.359,20.224,6.383,-13.395,-180.29,-178.168,25.939,0,0
5.852,24.839,0,54.725,438.378,-300.328,5,15,10,1,0,0.563,-4.572,-18.521,-141.588,22.672,37.679,4.522,-1.118,-8.234,-84.107,-183.969,-3.282,8.608,4.361,-20.671,-135.634,-392.656,-162.198,17.017,-3.904,-16.954,-168.779,-150.229,26.947,0,0
5.939,22.462,0,58.966,424.05,-237.683,5,15,10,1,0,4.773,-11.235,-12.258,-114.198,10.901,32.061,13.237,0.366,-7.511,-77.023,-164.687,-3.206,6.816,4.606,-20.667,-138.595,255.511,-92.58,14.413,9.463,-15.697,-143.099,-141.221,23.664,0,0
5.988,20.551,0,63.114,414.872,-191.094,5,15,10,1,0,3.911,-7.477,-14.59,-67.908,4.244,29.634,13.249,-4.026,-7.161,-78.397,-148.229,4.046,7.415,6.3,-27.193,-191.435,33.786,251.603,11.079,6.174,-18.717,-147.344,-121.985,6.855,0,0
5.999,18.957,0,66.908,379.407,-159.371,5,15,10,1,0,9.673,-11.204,-11.86,-26.58,9.924,26.168,11.149,-5.544,-10.052,-58.351,-142.534,22.427,5.767,7.065,-17.807,-67.389,490.031,-139.359,7.791,1.509,-16.162,-132.137,-126.992,1.466,0,0
5.973,17.43,0,70.208,329.957,-152.687,5,15,10,1,0,7.643,-4.069,-14.801,-17.45,7.496,24.87,9.958,-5.336,-9.281,-44.412,-145.954,29.588,7.386,3.945,-15.529,-57.405,459.405,-237.191,10.991,0.084,-10.696,-114.534,-80.015,8.733,0,0
5.908,16.039,0,72.973,276.49,-139.126,5,15,10,1,0,7.937,-7.372,-13.127,-20.275,3.786,19.374,9.944,-4.694,-9.4,-34.198,-143.466,31.115,7.688,8.676,-18.331,-90.443,436.992,-93.924,13.11,-4.931,-11.671,-81.298,-24.656,16.87,0,0
5.806,14.647,0,75.236,226.319,-139.16,5,15,10,1,0,5.911,-5.657,-14.794,-9.496,7.985,20.382,9.958,-3.305,-7.839,-33.496,-142.443,28.855,7.908,2.785,-14.868,-38.061,205.817,-55.481,9.369,-4.673,-10.505,-31.511,16.779,26.244,0,0
5.666,13.263,0,77.064,182.751,-138.405,5,15,10,1,0,6.502,-4.316,-12.595,-25.634,7.221,15.664,10.569,-1.468,-7.609,-39.649,-135.557,27.481,5.379,4.613,-14.188,-33.954,-190.977,-74.26,7.767,-5.063,-12.107,17.16,53.695,31.13,0,0
5.488,11.875,0,78.517,145.375,-138.817,5,15,10,1,0,9.238,-6.258,-11.35,-28.305,11.237,15.893,6.356,-1.444,-10.093,-42.26,-136.962,27.008,2.862,2.982,-15.436,-29.023,193.13,-6.336,9.151,-1.768,-12.375,55.389,77.023,30.092,0,0
5.272,10.363,0,79.653,113.537,-151.223,5,15,10,1,0,4.189,2.088,-14.605,-44.794,7.115,16.351,10.301,0.975,-7.197,-42.427,-140.611,21.176,2.299,4.389,-20.688,-51.145,372.763,46.168,4.792,-1.641,-15.754,77.069,99.435,23.069,0,0
5.018,9.052,0,80.52,86.758,-131.138,5,15,10,1,0,9.091,-5.398,-10.519,-59.435,6.931,11.939,8.881,1.957,-8.751,-61.405,-134.031,21.466,3.118,2.091,-15.441,-13.099,181.832,43.023,4.79,0.287,-16.463,79.634,119.603,17.527,0,0
4.727,7.638,0,81.194,67.406,-141.369,5,15,10,1,0,4.131,-2.86,-15.388,-40.382,9.298,18.321,11.604,1.928,-7.597,-69.145,-135.573,17.756,3.674,3.621,-14.684,-1.099,179.313,27.023,5.36,0.924,-16.097,77.252,139.145,16.321,0,0
4.397,6.503,0,81.648,45.376,-113.503,5,15,10,1,0,5.212,-2.558,-13.003,-53.252,-4.198,11.542,13.347,3.078,-6.802,-84.244,-121.145,17.435,2.975,4.134,-15.06,11.389,176.87,24.153,6.342,1.779,-14.806,65.435,161.237,18.412,0,0
4.03,5.602,0,81.711,6.283,-90.088,5,15,10,1,0,9.027,-8.924,-12.033,-20.183,-0.977,14.779,9.587,-1.595,-9.489,-96.092,-111.771,18.412,3.734,4.21,-15.445,17.466,169.985,20.55,6.299,0.187,-14.976,42.824,185.954,24.733,0,0
3.625,4.657,0,81.583,-12.817,-94.494,5,15,10,1,0,6.526,-1.732,-12.605,-5.664,0.87,18.29,8.133,-2.618,-10.279,-82.809,-116.229,19.618,2.285,4.665,-16.461,20.763,164.641,13.939,6.558,-1.329,-15.766,33.618,209.359,33.863,0,0
3.181,3.815,0,81.406,-17.624,-84.229,5,15,10,1,0,3.81,-2.335,-13.64,-21.847,-12.763,12.031,12.229,-0.546,-7.027,-72.275,-110.046,16.015,-2.591,6.452,-21.136,7.359,315.023,12.977,4.215,-3.799,-19.632,16.809,234.29,34.321,0,0
2.7,3.185,0,80.832,-57.461,-62.966,5,15,10,1,0,6.392,-9.149,-12.265,-2.473,-14.748,12.443,8.818,-2.606,-11.937,-74.473,-103.053,12.595,0.206,5.954,-16.868,10.901,146.26,8.092,6.663,2.065,-13.508,-7.527,241.679,37.557,0,0
2.182,2.53,0,79.88,-95.215,-65.552,5,15,10,1,0,4.515,-2.783,-14.38,10.351,-12.87,14.29,9.875,-4.68,-12.598,-57.939,-99.802,12.26,-1.557,5.451,-17.335,-3.679,138.519,-1.069,7.037,-0.872,-15.079,-18.809,268.687,40.504,0,0
1.625,1.958,0,78.572,-130.738,-57.175,5,15,10,1,0,8.347,-4.701,-13.903,6.718,-13.725,9.802,9.23,-4.186,-11.678,-37.985,-98.84,11.771,-2.191,7.24,-16.341,-16.916,124.229,0,7.42,-0.077,-13.812,-16.458,280.84,50.107,0,0
1.03,1.493,0,76.924,-164.807,-46.486,5,15,10,1,0,6.352,-2.867,-15.077,6.153,-22.229,9.985,11.252,-4.579,-11.889,-22,-94.122,7.756,-1.356,6.376,-15.596,-32.427,433.145,-1.099,7.144,-1.315,-15.129,-10.427,294.565,57.771,0,0
0.398,1.207,0,75.002,-192.25,-28.61,5,15,10,1,0,4.364,-6.555,-12.557,13.16,-31.786,6.153,13.503,-2.405,-9.264,-9.145,-82.58,10.733,-2.457,5.404,-22.274,-86.29,186.626,5.435,7.369,0.232,-16.705,-2.412,302.061,62.153,0,0
0,1.09,0,72.822,-217.93,-11.684,5,15,10,1,0,5.192,-6.505,-12.342,24.748,-36.641,6.168,12.44,-0.496,-11.587,-11.664,-78.214,13.389,-4.275,5.176,-16.885,-57.359,77.374,3.954,5.463,-1.741,-18.466,-4.015,313.466,61.405,0,0
0,1.053,0,70.402,-242.032,-3.662,5,15,10,1,0,6.213,-4.579,-13.599,34.015,-34.855,10.061,8.792,-4.287,-12.205,-7.389,-79.954,11.924,-4.749,6.131,-16.111,-63.237,64.061,5.16,7.657,4.622,-14.765,-7.969,318.26,63.374,0,0
0,0.746,0,67.751,-265.126,-30.762,5,15,10,1,0,9.566,-1.092,-14.413,38.473,-21.16,13.924,4.881,-4.852,-12.301,11.481,-98.336,10.962,-2.211,6.462,-14.598,-72.305,104.244,24.183,6.311,1.791,-18.303,2.565,317.618,64.092,0,0
0,0.05,0,64.92,-283.127,-69.534,5,15,10,1,0,5.729,-0.364,-12.203,17.557,-20.168,12.779,5.695,-1.686,-10.167,26.916,-115.985,10.733,-3.667,4.494,-23.241,-167.084,125.069,100.641,5.659,-0.472,-20.257,4.656,318.84,59.649,0,0
0,-0.976,0,61.987,-293.255,-102.608,5,15,10,1,0,5.947,-1.418,-12.334,-11.573,-15.863,11.817,6.72,0.879,-9.738,23.542,-126.901,9.221,-5.219,4.57,-16.839,-89.649,57.282,25.496,6.785,0.462,-18.901,-2.779,325.008,52.427,0,0
0,-2.257,0,59.013,-297.421,-128.128,5,15,10,1,0,7.947,-2.994,-11.822,-25.893,-9.053,12.748,8.545,1.346,-8.888,1.435,-131.802,6.809,-4.254,4.618,-15.069,-86.015,19.511,23.237,9.556,1.657,-17.373,3.847,319.023,47.435,0,0
0,-3.73,0,55.981,-303.2,-147.274,5,15,10,0,0,6.505,-3.372,-11.781,-40.565,-7.786,13.695,10.955,2.472,-7.99,-22.244,-130.824,8.427,-3.08,3.851,-13.58,-69.863,35.603,9.099,11.657,0.084,-21.098,15.634,312.977,44.198,0,0
0,-5.117,0,52.993,-298.806,-138.737,5,15,10,0,0,5.171,-3.806,-10.907,-58.275,-15.649,12.031,13.438,2.833,-6.833,-50.336,-119.878,12.702,-3.147,5.407,-18.317,-357.863,156.824,354.687,9.736,-0.685,-23.464,22.855,293.053,38.672,0,0
0,-6.362,0,50.107,-288.563,-124.512,5,15,10,0,0,4.821,-3.777,-10.476,-67.374,-18.565,11.802,15.041,1.31,-7.401,-75.878,-104.489,19.023,-2.299,0.024,-7.482,-18.198,6.351,121.344,6.876,1.296,-24.211,37.298,258.366,30.061,0,0
0,-7.337,0,47.456,-265.149,-97.47,5,15,10,0,0,3.068,-5.681,-8.864,-72.229,-38.534,7.282,15.29,-0.695,-4.383,-87.832,-86.092,30.809,-0.958,0.781,-5.796,34.412,-1.191,12.702,7.037,3.581,-23.507,46,226.183,23.389,0,0
0,-7.93,0,45.02,-243.531,-59.292,5,15,10,0,0,5.875,-5.913,-9.214,-74.84,-53.252,1.786,17.347,-1.655,-4.122,-90.702,-68.58,34.031,-2.136,1.708,-6.536,69.832,-9.313,10.168,5.983,3.576,-24.863,47.481,199.038,13.038,0,0
0,-8.036,0,42.966,-205.479,-10.632,5,15,10,0,0,7.305,-9.365,-6.675,-66.519,-70.366,-4.611,14.703,-5.142,-5.453,-90.534,-48.122,33.389,-1.576,3.693,-1.015,174.947,-31.695,-247.45,4.816,3.422,-24.537,67.527,157.344,6.809,0,0
0,-7.912,0,41.226,-173.939,12.44,5,15,10,0,0,10.993,-10.414,-8.711,-31.756,-71.908,-8.885,10.536,-4.316,-7.372,-76.122,-49.374,31.252,-2.898,5.547,-5.647,88.382,-125.069,126.046,2.74,4.627,-25.248,85.053,112.702,-2.87,0,0
0,-7.915,0,39.879,-134.766,-0.309,5,15,10,0,0,6.677,-1.473,-15.125,-22.382,-68,-2.748,10.651,-6.294,-10.011,-62.076,-60.763,14.595,1.396,6.007,-0.144,164.29,-133.374,-99.298,9.223,2.005,-25.751,95.893,66.137,-5.71,0,0
0,-7.779,0,39.033,-84.572,13.55,5,15,10,0,0,6.071,-3.08,-14.648,-20.412,-83.221,-14.107,12.902,-2.232,-10.38,-50.718,-66.076,12.733,3.387,13.086,-38.665,-440.565,469.008,218.626,5.106,5.861,-23.864,107.603,10.595,-1.725,0,0
0,-7.351,0,38.655,-37.766,42.835,5,15,10,0,0,5.954,-3.221,-13.738,-25.74,-94.198,-18.031,14.892,-1.011,-9.551,-54.931,-54.046,11.924,1.643,9.63,-5.219,49.695,-80.244,17.16,6.725,5.212,-31.808,95.435,-28.885,-0.565,0,0
0,-6.732,0,38.776,12.108,61.913,5,15,10,0,0,10.186,-4.91,-12.253,-18.092,-102.55,-23.603,14.296,-0.381,-9.681,-61.206,-46.977,17.313,-2.922,2.917,-8.914,47.038,-179.679,-108.947,4.819,8.203,-34.864,51.206,-92.321,4.809,0,0
0,-6.011,0,39.49,71.388,72.086,5,15,10,0,0,9.812,-2.654,-11.724,-23.969,-104.473,-22.672,13.802,-0.122,-9.02,-67.267,-39.313,14.809,-2.594,4.579,-7.295,41.908,-179.313,-17.16,5.918,8.114,-20.109,-11.252,-165.313,9.069,0,0
0,-5.271,0,40.728,123.837,73.952,5,15,10,0,0,12.346,-2.553,-9.951,-38.611,-102.794,-25.282,11.846,-0.309,-9.57,-71.359,-31.695,10.534,-0.764,7.292,-13.431,-86.611,-242.092,-300.947,11.381,3.992,-3.681,-63.969,-163.832,7.679,0,0
0,-4.524,0,41.995,126.675,74.776,5,15,10,0,0,10.972,-0.853,-11.793,-55.252,-102.962,-28.198,12.813,-0.877,-10.387,-72.519,-24.046,-2.122,2.175,9.179,-20.152,267.71,64.229,69.618,16.78,5.188,7.645,-121.908,-119.939,6.55,0,0
0,-3.733,0,43.032,103.649,79.113,5,15,10,0,1,11.877,-3.305,-10.847,-59.756,-108.351,-34.168,13.259,-2.555,-11.075,-64.046,-20.412,-8.015,3.911,0.466,-21.967,-265.786,-78.611,-164.519,21.701,1.14,9.709,-136.763,-76.947,8.275,0,1
0,-2.971,0,43.68,64.808,76.149,5,5,10,0,1,8.502,-3.478,-10.634,-55.42,-110.046,-37.008,14.437,-1.787,-11.604,-53.053,-18.519,-11.71,4.991,6.904,-14.59,-341.481,-105.298,347.969,8.09,-6,-11.508,-126.198,-62.947,9.282,0,0
0,-2.169,0.659,44.199,51.968,80.223,5,5,10,0,1,12.088,-3.868,-11.47,-47.008,-107.573,-40.626,15.654,-5.671,-11.022,-39.237,-13.405,-15.634,-0.92,1.558,-12.176,-367.252,-116.046,-323.42,3.516,-5.212,-23.32,-116.321,-78.153,6.855,0,0
0,-1.283,1.279,45.108,90.843,88.6,5,5,10,0,1,14.693,-5.54,-10.188,-30.672,-110.611,-43.374,15.774,-3.058,-10.586,-17.817,-9.42,-13.466,0.247,-3.834,-5.949,-165.206,-61.267,-166.321,6.941,-0.398,-20.482,-89.008,-118.931,0.153,0,0
0,-0.254,1.862,46.269,116.089,102.86,5,5,10,0,1,10.847,-3.341,-10.423,-20.458,-114.687,-44.947,15.79,-1.997,-8.981,-3.924,-2.137,-17.237,0.93,-14.14,12.492,124.931,262.305,-439.695,9.92,-0.098,-19.462,-70.58,-134.901,-16.687,0,0
0,1.002,2.405,47.463,119.396,125.611,15,5,10,0,1,10.141,-3.384,-10.224,-9.832,-123.634,-46.84,16.497,0.228,-8.423,3.588,12.351,-19.053,2.431,-1.691,-5.988,-52.687,-238.794,-121.893,11.879,-0.627,-12.301,-58.916,-124.275,-22.137,0,0
0,2.489,2.911,48.4,93.716,148.705,15,5,10,0,1,14.365,-5.717,-6.979,6.214,-127.954,-48.015,14.552,-0.934,-6.292,5.176,28.687,-15.908,4.165,1.443,-11.003,27.282,-301.328,-17.221,13.599,-3.554,-13.019,-38.229,-89.466,-16.656,0,0
0,4.206,3.378,48.638,23.792,171.719,15,5,10,0,1,8.184,-2.431,-7.089,12.595,-138.458,-46.26,16.859,-0.369,-4.634,3.725,44.794,-19.313,2.266,3.996,-31.37,104.504,-417.969,-441.649,17.175,-6.85,-15.144,-23.145,-44.504,-14.84,0,0
0,6.231,3.807,48.217,-42.08,202.526,15,5,10,0,0,11.719,-5.226,-3.145,9.069,-143.664,-49.344,18.291,2.124,-5.858,-0.305,63.878,-17.069,6.759,4.317,-14.744,59.16,-500.168,395.725,14.988,-1.746,-12.21,21.725,-44.092,-9.466,0,0
0,8.615,4.198,47.389,-82.775,238.404,15,5,10,0,1,12.49,-2.829,-7.245,-16.168,-151.206,-54.153,17.436,0.788,-2.611,-10.58,97.389,-19.023,5.477,2.147,-18.236,60.351,-487.221,-302.168,11.386,1.463,-14.521,35.099,-31.557,-21.13,0,0
0,11.351,4.55,46.075,-131.413,273.56,15,5,10,0,1,9.398,-6.471,-6.864,-7.939,-150.748,-50.275,16.389,1.586,-2.754,-24.122,121.969,-27.313,4.701,5.645,-11.64,11.771,-305.145,-8.427,8.469,5.82,-8.881,68.137,-2.763,-54.351,0,0
0,14.149,4.865,43.998,-207.688,279.797,15,5,10,0,1,15.388,-4.155,-10.402,-5.74,-145.725,-42.458,14.327,-3.664,-5.882,-15.099,137.618,-29.481,2.932,3.959,-13.139,36.137,-175.74,10.977,9.391,-4.996,-15.92,54.366,20.397,-15.985,0,0
0,17.291,5.14,41.274,-272.427,314.21,15,5,10,0,1,10.991,-11.223,-12.698,1.237,-170.977,-39.389,13.982,-1.459,-6.002,2.656,160.275,-29.374,-2.908,1.97,-35.245,67.893,187.725,126.046,10.773,-6.086,-17.376,67.786,65.145,-13.557,0,0
0,20.796,5.378,37.953,-332.143,350.476,15,5,10,0,1,9.856,-15.699,-14.82,28.321,-197.542,-39.16,18.387,-5.738,-6.507,22.87,188.336,-22.198,-0.661,0.044,-22.173,96.229,-404,60.275,9.872,-12.191,-16.267,104.595,55.771,-12.977,0,0
0,24.941,5.577,34.44,-351.208,414.506,15,5,10,0,1,15.491,-15.445,-15.649,67.786,-213.145,-46.015,15.144,-5.571,-10.133,47.42,209.237,-0.137,4.266,5.063,-3.89,77.298,188.336,181.557,9.448,-2.11,-3.698,146.794,14.763,-16.977,0,0
0,29.511,5.738,31.071,-336.938,457.055,15,5,10,0,1,10.749,-3.078,-20.018,98.87,-218.168,-44.321,8.459,-8.347,-12.363,72.824,217.405,17.13,-3.063,3.767,-15.776,53.939,-418.962,35.481,5.954,-0.141,-15.843,151.481,37.817,-26.809,0,0
0,34.416,5.86,27.808,-326.317,490.415,15,5,10,0,1,10.105,-6.34,-21.802,124.412,-231.939,-52.107,13.587,-4.352,-13.235,85.893,228.718,34,2.467,4.408,-16.066,113.389,171.908,90.931,8.569,-3.413,-15.992,136.366,20.015,-25.313,0,0
0,39.517,5.945,25.018,-279.008,510.11,15,5,10,0,1,11.719,-7.786,-23.486,147.084,-235.603,-54.382,16.171,-0.515,-11.503,94.962,246.611,64.092,6.862,1.75,-14.466,122.519,260.275,81.038,8.232,2.723,-14.737,107.008,8.107,-21.924,0,0
0,44.823,5.991,22.799,-221.913,530.652,15,5,10,0,1,9.302,-10.703,-19.795,161.527,-238.855,-52.794,10.473,-1.011,-14.746,86.305,252.244,90.885,6.332,8.041,-22.369,-407.023,-274.076,298.992,9.671,7.216,-11.659,75.313,-1.084,-22.321,0,0
0,50.052,5.998,21.022,-177.693,522.916,15,5,10,0,1,-4.555,7.243,-34.862,207.664,-214.473,-38.504,14.535,-1.157,-17.922,71.038,255.954,111.221,4.273,4.825,-18.638,337.42,56.183,25.405,9.391,4.313,-11.151,46.534,-4.214,-23.374,0,0
0,54.956,5.968,19.506,-151.612,490.346,15,5,10,0,1,15.515,-10.521,-10.368,213.405,-196.962,-50.733,15.137,4.606,-13.561,76.718,251.405,124.137,4.828,7.446,-14.753,75.771,375.435,-120.183,11.17,4.349,-9.384,37.42,2.153,-19.176,0,0
0,59.036,5.899,18.111,-139.504,408.006,15,5,10,0,1,16.013,0.331,-15.992,198.183,-135.053,-36.137,13.853,-0.321,-15.814,66.84,245.298,108.519,3.276,9.034,-15.165,78.122,-294.305,-54.962,11.352,2.958,-9.295,41.389,5.679,-16.076,0,0
0,62.481,5.791,16.694,-141.69,344.548,15,5,10,0,1,12.888,0.472,-15.366,155.863,-96.26,-23.725,12.555,0.968,-12.212,59.756,223.557,85.313,4.728,7.512,-18.02,136.779,394.977,-112.122,9.362,1.111,-10.327,54.687,6,-12.397,0,0
0,65.371,5.646,15.635,-105.847,288.998,15,5,10,0,1,10.938,2.924,-14.456,94.519,-64.153,-14.55,12.792,-1.004,-11.757,45.542,207.221,61.786,31.437,-7.18,23.423,128.87,-379.771,-374.229,-5.779,-5.662,-20.985,128.305,-44.244,-0.641,0,0
0,67.788,5.462,16.057,42.126,241.688,15,5,10,0,1,6.943,1.815,-14.689,36.641,-40.824,-6.962,13.601,-0.987,-10.651,44.809,192.794,36.275,3.37,8.694,-15.477,122.153,-331.069,-60.824,15.199,19.5,-1.669,46.916,2.412,4.473,0,0
0,69.729,5.24,16.178,12.108,194.069,15,5,10,0,1,6.378,1.15,-15.592,-0.336,-4.305,3.542,12.813,-1.554,-10.196,40,177.969,8.412,-15.211,24.421,-41.846,241.634,-181.023,-249.588,34.553,12.43,4.56,-73.267,41.878,-18.473,0,0
0,71.303,4.979,14.566,-161.213,157.448,15,5,10,0,1,5.77,-2.273,-15.105,-27.481,26.733,11.649,12.66,-0.019,-11.261,31.664,177.832,-11.802,-6.419,7.735,-32.687,365.511,23.405,-487.573,7.834,-13.92,-13.422,-50.824,32.763,-22.702,0,0
0,72.564,4.681,12.145,-242.043,126.045,15,5,10,0,1,3.609,0.134,-18.351,-52.901,49.924,16.107,11.886,-1.854,-11.391,35.145,179.206,-27.496,-1.712,1.973,-7.42,-14.885,-351.282,-14.229,3.918,-14.725,-13.776,95.252,4.656,5.313,0,0
0,73.582,4.344,10.021,-212.426,101.773,15,5,10,0,1,2.795,-1.114,-18.286,-70.84,66.26,17.542,11.206,-1.198,-11.558,37.221,175.847,-33.099,3.614,-1.019,-16.071,23.74,351.817,128.244,7.178,0.833,-13.455,161.344,2.412,15.634,0,0
0,74.384,3.968,8.512,-150.845,80.2,15,5,10,0,1,2.4,-4.479,-15.798,-70.794,84.397,20.458,10.66,-0.433,-10.643,33.725,174.779,-38.214,6.057,3.401,-13.137,53.756,495.939,-124.092,11.891,14.183,-7.789,110.122,6.55,13.573,0,0
0,75.046,3.555,7.355,-115.723,66.273,15,5,10,0,1,1.289,-1.511,-17.972,-72.55,102.611,21.802,9.343,0.065,-10.588,28.321,170.565,-36.092,0.623,14.417,-25.962,-307.069,187.847,105.038,9.24,8.996,-9.245,32.183,-2,2.947,0,0
0,75.559,3.103,6.619,-73.597,51.247,15,5,10,0,1,2.311,-2.048,-17.438,-66.122,122.031,21.344,8.732,0.786,-10.713,22.641,166.382,-33.71,8.325,21.269,-17.273,160.718,-174.809,-500.031,5.662,1.693,-11,-6.244,-8.901,-1.038,0,0
0,75.962,2.612,6.322,-29.697,40.295,15,5,10,0,1,1.42,-1.775,-17.261,-59.13,137.908,22.183,10.109,0.589,-11.297,13.191,163.878,-29.878,5.509,9.453,-13.81,59.573,-64.122,-1.435,8.902,0.187,-9.329,-14.153,-22.962,0.366,0,0
0,76.127,2.084,6.334,1.156,16.514,15,5,10,0,1,2.915,-2.893,-15.117,-41.634,162.336,20.931,11.915,-2.1,-10.928,6.962,168.519,-31.008,3.389,9.652,-15.046,27.649,-125.802,8.122,9.532,2.191,-7.935,-31.588,-22.504,-1.099,0,0
0,76.009,1.517,6.355,2.14,-11.776,15,5,10,0,1,2.177,-0.594,-17.51,-33.344,182.87,12.763,13.527,-1.061,-11.17,6.336,167.725,-20.534,3.866,14.69,-24.841,-3.802,13.664,-9.771,9.185,1.799,-8.62,-33.588,-28.641,-2.397,0,0
0,76.02,0.912,6.414,5.882,1.122,15,5,10,0,1,-14.531,6.828,-22.084,-32.611,179.313,6.611,17.297,-5.504,-11.154,7.038,172.046,-21.908,3.53,8.305,-19.16,-166.611,101.374,15.145,8.471,0.838,-9.503,-31.206,-36.824,-2.687,0,0
0,75.749,0.268,6.494,8.045,-27.123,15,5,10,0,1,6.155,-11.443,-13.441,27.847,218,-1.069,11.7,-3.36,-14.006,7.634,168.061,7.344,0.666,12.462,-37.267,-201.053,-443.496,-52.275,12.104,1.784,-6.313,-29.191,-38.061,-2.092,0,0
0,75.197,0,6.491,-0.309,-55.229,15,5,10,0,1,2.896,-5.161,-18.952,49.527,234.534,-2.55,6.016,-1.049,-12.277,32.122,159.695,12.153,2.814,6.376,-11.891,-32.443,-114.672,-3.206,8.72,-0.101,-8.359,-20.473,-44.183,-0.29,0,0
0,74.351,0,6.48,-1.156,-84.618,15,5,10,0,1,0.793,-2.136,-20.465,66.412,245.939,-9.664,5.03,-3.104,-12.95,47.267,144,15.985,2.431,5.954,-12.742,-33.45,-62.58,-1.267,9.262,0.251,-7.961,-13.435,-45.71,0.046,0,0
0,73.266,0,6.465,-1.431,-108.422,15,5,10,0,1,0.053,-2.254,-18.949,67.023,252.046,-18.687,5.813,-3.456,-11.455,64.855,129.542,19.817,2.958,4.467,-12.938,-32.641,-70,-0.962,7.868,0.022,-10.325,-8.198,-47.985,1.405,0,0
0,71.919,0,6.443,-2.197,-134.709,15,5,10,0,1,2.132,-0.582,-18.03,60.153,264.122,-26.183,5.736,-4.579,-10.842,82.748,112.153,17.435,3.559,3.878,-12.119,-18.931,-64.855,0.046,8.311,1.619,-8.557,-10.473,-56.443,-0.931,0,0
0,70.363,0,6.44,-0.378,-155.64,15,5,10,0,1,2.12,-0.728,-18.401,47.771,275.42,-32.458,4.366,-4.38,-11.06,96.794,92,14.55,3.399,4.962,-13.256,-9.588,-62.611,-1.298,10.449,1.562,-9.228,-18.458,-55.084,-3.282,0,0
0,68.579,0,6.436,-0.366,-178.414,15,5,10,0,1,5.025,0.992,-20.683,26.534,287.969,-36.641,4.601,-4.596,-10.67,114.87,74.489,5.237,2.874,4.931,-13.623,-6.214,-61.649,-0.794,9.875,0.584,-9.69,-19.084,-57.71,-4.198,0,0
0,66.613,0,6.433,-0.355,-196.61,15,5,10,0,1,2.225,-0.28,-20.327,12.137,287.115,-39.756,5.647,-3.185,-12.073,125.359,61.252,-5.191,2.718,4.541,-13.541,-3.053,-61.695,-0.214,9.745,-0.146,-9.58,-11.145,-58.824,-3.679,0,0
0,64.488,0,6.433,-0,-212.449,15,5,10,0,1,5.444,1.712,-23.977,1.435,298.748,-39.237,5.14,-1.284,-12.509,135.863,51.008,-18.198,2.764,4.73,-13.577,3.954,-63.267,-0.382,9.676,-0.405,-9.163,-1.145,-60.015,-1.771,0,0
0,62.152,0,6.433,-0,-233.643,15,5,10,0,1,1.808,-2.069,-22.135,2.504,293.328,-36.443,5.659,-0.319,-11.487,133.511,41.786,-28.031,3.257,5.362,-13.798,12.061,-64.702,-0.748,10.253,0.35,-9.103,7.496,-59.832,0.58,0,0
0,59.731,0,6.433,-0,-242.066,15,5,10,0,0,4.378,-1.181,-21.97,-4.733,292.458,-35.939,3.662,2.05,-9.606,111.221,30.229,-32.809,3.454,5.782,-13.992,6.305,-132.229,-5.679,10.234,1.427,-9.57,11.466,-61.191,0.107,0,0
0,57.19,0,6.433,-0,-254.082,15,5,10,0,0,2.081,2.484,-27.833,-11.374,289.328,-31.527,1.7,3.765,-9.367,82.947,16.87,-51.023,3.576,5.887,-14.464,21.771,-66.885,-12.458,10.39,1.267,-9.844,12.84,-62.763,0.443,0,0
0,54.703,0,6.433,-0,-248.738,15,5,10,0,0,0.656,-4.857,-24.875,-9.42,268.489,-29.176,3.628,4.44,-8.054,48.366,9.573,-51.267,3.624,4.665,-14.059,21.191,-68.366,-10.611,10.241,1.269,-9.645,18.58,-63.985,0.26,0,0
0,52.29,0,6.433,-0,-241.265,15,5,10,0,0,2.675,-5.271,-25.972,-11.817,243.405,-25.466,3.748,3.269,-7.259,18.26,1.74,-42.55,2.558,5.403,-13.992,24.687,-69.389,-17.115,9.86,0.386,-8.859,22.87,-66.809,-2.977,0,0
0,50.038,0,6.433,-0,-225.277,15,5,10,0,0,0.525,-4.994,-28.053,-8.687,218.046,-20.687,4.512,2.443,-6.038,8.107,-7.71,-40.046,3.746,6.38,-13.177,22.947,-66.809,-17.176,10.382,0.572,-8.014,26.275,-68.275,-0.595,0,0
0,47.987,0,6.433,-0,-205.021,15,5,10,0,0,-0.043,-4.455,-28.3,-16.061,177.557,-17.282,3.372,0.553,-4.316,7.649,-24.824,-27.42,4.524,5.985,-12.861,24.916,-61.863,-13.344,11.065,0.838,-8.565,28.183,-67.588,2.443,0,0
0,46.182,0,6.443,1.099,-180.531,15,5,10,0,0,-0.144,-5.528,-27.464,-20.885,136.779,-11.756,2.582,0.783,-3.844,15.023,-38.122,-19.328,4.677,5.437,-13.141,29.45,-58.443,-9.542,11.532,1.071,-9.513,26.901,-68.229,4.626,0,0
0,44.603,0,6.462,1.82,-157.894,15,5,10,0,0,-0.206,-5.238,-29.317,-18.824,101.71,-0.061,0.292,0.616,-6.15,25.542,-55.069,-19.374,5.664,5.48,-13.326,35.435,-52.916,-5.145,9.58,2.536,-9.741,33.618,-79.298,4.794,0,0
0,43.446,0,6.498,3.639,-115.677,15,5,10,0,0,-1.696,-5.98,-28.716,-31.115,44.733,0.29,4.179,0.438,-2.237,30.763,-61.893,-12.885,6.423,4.141,-12.512,37.298,-55.939,-4.718,12.885,-0.386,-10.96,25.985,-75.832,5.618,0,0
0,42.592,0,6.575,7.713,-85.396,15,5,10,0,0,5.865,-9.815,-24.994,-16.092,18.885,-0.092,8.787,0.218,-1.236,14.977,-59.084,-10.611,6.498,3.027,-13.723,46.473,-59.038,-0.26,7.856,-4.285,-15.333,40.092,-81.924,7.847,0,0
0,41.977,0,6.897,32.192,-61.501,15,5,10,0,0,2.005,-6.565,-32.105,-19.542,-31.786,1.344,9.379,1.593,-1.569,42.794,-56.595,-0.351,5.82,5.607,-12.536,55.74,-55.206,3.237,8.699,0.817,-10.035,42.153,-94.107,13.557,0,0
0,41.729,0,7.337,43.968,-24.868,15,5,10,0,0,-3.269,-4.68,-38.744,-6.198,-87.832,2.382,9.75,1.3,-1.13,31.649,-62.962,16.885,6.165,5.061,-12.107,72.183,-50.397,-0.595,12.909,-3.03,-12.607,46.183,-91.359,11.847,0,0
0,41.941,0,7.941,60.402,21.263,15,5,10,0,0,6.126,-9.884,-22.798,16.885,-124.916,-2.992,5.441,-2.51,-8.495,33.115,-78.275,37.038,5.892,4.467,-12.789,81.084,-52.779,-1.985,12.181,0.798,-7.432,41.878,-106.229,15.969,0,0
0,42.369,0,8.629,68.848,42.778,15,5,10,1,0,9.664,-2.093,-8.574,12.84,-119.053,-17.939,15.16,-6.577,-8.167,49.221,-74.031,51.435,5.832,6.189,-13.477,77.115,-72.153,8.916,14.765,1.411,-5.123,36.168,-103.252,18.443,1,0
0,42.882,0,9.311,68.184,51.293,5,5,10,1,0,13.664,-7.496,-4.57,18.382,-88.229,-23.557,18.542,-5.813,-9.604,48.595,-51.221,60.229,9.393,7.484,-10.859,84.168,462.779,54.107,13.077,-1.851,-7.633,53.023,-117.695,22.092,0,0
0.655,43.49,0,10.139,82.741,60.768,5,5,10,1,0,12.339,-5.825,-5.336,47.481,-80.031,-14.412,15.553,0.041,-7.535,58.382,-26.947,82.122,9.068,6.627,-11.989,66.153,-29.053,126.046,16.231,0.359,-4.943,59.496,-114.55,25.191,0,0
1.273,44.329,0,11.08,94.139,83.897,5,15,10,1,0,11.475,-4.349,-5.204,48.702,-77.756,-12.931,15.362,4.194,-2.429,38.748,-5.511,98.351,10.758,8.634,-11.194,67.71,7.786,21.405,13.774,1.214,-6.455,62.153,-129.16,25.282,0,0
1.852,45.577,0,12.192,111.248,124.878,5,15,10,1,0,5.92,-3.511,-22.554,36.626,-96.84,-4.198,6.318,4.541,-3.454,18.397,-8.305,109.115,12.521,8.44,-10.306,47.405,19.603,18.321,13.232,2.048,-7.942,57.115,-139.893,21.756,0,0
2.394,46.918,0,13.647,145.42,134.022,5,15,10,1,0,1.894,-4.234,-25.957,57.802,-109.832,7.878,0.879,-1.518,-6.443,12.611,-41.313,93.221,10.447,9.82,-9.348,19.282,36.015,10.458,16.748,4.222,-3.815,31.115,-146.885,16.809,0,0
2.897,47.932,0,15.375,172.875,101.475,5,15,10,1,0,6.943,0.089,-20.786,55.893,-108.26,5.267,7.563,-2.393,-7.944,18.763,-67.954,68.397,10.665,7.228,-7.681,-3.298,52.702,7.069,17.35,2.314,-5.334,1.008,-155.618,11.313,0,0
3.363,48.174,0,17.349,197.388,24.124,5,15,10,1,0,11.139,-2.187,-18.293,66.489,-65.969,2.962,9.547,-3.176,-13.587,17.023,-89.618,41.13,9.094,5.43,-8.533,-12.733,74.84,3.481,14.825,1.09,-5.815,-7.16,-171.908,9.115,0,0
3.791,47.393,0,19.832,248.303,-78.026,5,15,10,1,0,9.269,4.258,-18.995,45.084,-39.42,10.992,12.603,0.441,-12.969,28.992,-115.649,25.664,9.956,6.773,-5.87,-21.038,102.076,5.603,13.029,5.346,-2.656,-13.71,-186.061,15.206,0,0
4.181,45.921,0,22.645,281.239,-147.217,5,15,10,1,0,9.585,3.506,-18.173,-5.099,-18.687,23.878,13.671,3.001,-11.192,23.023,-136.473,8.092,11.475,6.902,-6.158,-15.145,126.427,-2.458,19.421,0.97,-3.487,-31.313,-172.473,10.962,0,0
4.534,44.021,0,25.655,301.015,-190.041,5,15,10,1,0,14.6,-0.342,-17.63,-46.427,4.534,36.107,15.098,8.347,-10.991,10.305,-148.931,-3.405,10.028,7.757,-7.269,-21.466,295.084,1.954,19.115,3.327,-0.817,-53.099,-162.061,9.969,0,0
4.848,41.754,0,28.775,312.012,-226.685,5,15,10,1,0,7.779,7.722,-20.288,-96.092,14.382,45.969,12.03,1.023,-13.103,-32.473,-165.664,-16.84,9.293,8.129,-9.139,-48.122,334.763,-1.557,18.849,1.207,-7.561,-48.824,-149.756,9.328,0,0
5.124,39.246,0,32.104,332.898,-250.798,5,15,10,1,0,5.111,3.782,-20.556,-107.267,30.351,48.458,8.505,-0.292,-12.004,-43.664,-175.42,-19.679,8.193,8.944,-11.103,-243.649,2.672,-103.573,16.686,2.486,-14.104,-50.611,-158.733,13.939,0,0
5.363,36.47,0,35.741,363.671,-277.611,5,15,10,1,0,11.225,-7.324,-13.91,-125.053,48.427,43.954,12.921,4.215,-13.065,-51.985,-179.359,-16.885,6.306,8.344,-13.829,-80.412,200.031,-13.74,14.578,4.4,-18.614,-69.374,-178.748,12.473,0,0
5.564,33.562,0,39.699,395.875,-290.818,5,15,10,1,0,6.761,5.633,-17.079,-145.527,56.137,53.756,8.584,-1.025,-11.151,-71.725,-192.244,-10.076,6.596,8.56,-15.079,-101.557,420.687,-54.229,15.599,10.198,-18.954,-103.145,-197.893,8.901,0,0
5.727,30.485,0,43.954,425.492,-307.618,5,15,10,1,0,13.934,0.141,-15.587,-141.191,49.45,51.069,10.045,-1.08,-5.832,-72.779,-193.16,-4.29,5.588,9.582,-17.203,-123.634,220.015,-43.893,15.683,11.989,-11.206,-138.107,-211.405,5.252,0,0
5.852,27.53,0,48.327,437.234,-295.533,5,15,10,1,0,-0.898,-1.516,-18.02,-134.412,28.901,50.687,8.876,0.079,-7.12,-79.908,-186.153,-4.885,6.263,8.165,-18.652,-132.565,229.511,-60.427,18.554,4.052,-11.946,-153.069,-193.267,14.321,0,0
5.939,24.736,0,52.798,447.133,-279.374,5,15,10,1,0,2.167,-5.061,-20.43,-109.023,23.679,43.191,7.42,-2.797,-9.075,-80.244,-180.718,0.336,10.452,3.981,-17.359,-131.206,250.611,-66.916,15.91,3.473,-12.818,-150.702,-174.87,18.122,0,0
5.988,22.353,0,57.204,440.564,-238.369,5,15,10,1,0,4.069,-5.374,-19.407,-106.977,23.954,42.321,11.678,-1.926,-10.009,-74.137,-172.214,9.435,5.892,3.776,-29.483,-235.237,8.275,-256.977,11.913,5.034,-17.884,-130.931,-165.511,11.725,0,0
5.999,20.225,0,61.543,433.961,-212.792,5,15,10,1,0,5.669,-4.366,-17.088,-54.901,12.198,33.557,11.803,-5.473,-8.996,-73.038,-166.366,18.794,7.02,2.891,-20.247,-86.901,-485.908,-155.267,12.09,8.699,-15.371,-157.71,-134.702,0.779,0,0
5.973,18.306,0,65.587,404.343,-191.895,5,15,10,1,0,7.556,-9.281,-16.176,-25.267,28.046,32.351,9.432,-6.457,-11.29,-53.954,-164.641,28.214,3.334,5.51,-16.53,-130.382,-487.13,-159.786,1.346,-8.409,-28.046,-138.458,-131.359,-8.397,0,0
5.908,16.416,0,69.087,350.075,-188.954,5,15,10,1,0,7.326,-4.596,-12.718,-26.733,20.214,29.389,12.339,-5.916,-10.004,-44.397,-168.672,35.71,5.398,6.317,-32.831,-391.557,-280.458,-194.931,12.636,-2.388,-13.709,-136.779,-89.786,-6.336,0,0
5.806,14.482,0,72.076,298.84,-193.394,5,15,10,1,0,6.119,-6.241,-15.802,-18.061,31.115,29.16,6.895,-3.949,-10.184,-27.786,-176.29,37.099,7.573,2.617,-16.842,-83.511,438.427,-111.115,12.373,-4.443,-10.952,-100.947,-48.534,0.809,0,0
5.666,12.531,0,74.529,245.362,-195.168,5,15,10,1,0,8.718,-1.26,-12.72,-34.733,27.527,26.412,10.849,-0.692,-8.481,-36.321,-172.061,34.55,7.322,3.051,-13.848,-47.664,437.145,-107.145,10.56,-8.919,-13.735,-48.702,-7.725,11.511,0,0
5.488,10.549,0,76.506,197.697,-198.12,5,15,10,1,0,5.142,-1.732,-14.423,-41.649,28.137,27.511,9.245,1.315,-7.197,-51.084,-171.496,28.779,6.38,3.207,-14.516,-35.908,390.153,-46.931,8.581,-2.84,-11.178,-11.496,30.992,17.969,0,0
5.272,8.641,0,78.015,150.902,-190.842,5,15,10,1,0,8.747,-0.46,-12.624,-61.45,29.344,26.702,9.676,1.483,-7.381,-72.977,-165.221,26.092,5.559,2.664,-15.965,-303.832,35.16,-130.931,7.446,-3.3,-14.337,26.489,60.046,15.618,0,0
5.018,6.667,0,79.147,113.205,-197.4,5,15,10,1,0,7.432,-2.479,-13.027,-52.275,30.489,28.992,9.08,3.308,-9.92,-87.511,-164.962,19.985,3.65,1.339,-14.535,-33.16,-270.534,9.038,9.228,-1.636,-14.305,44.763,88.824,9.45,0,0
4.727,4.77,0,80.055,90.752,-189.686,5,15,10,1,0,6.119,-4.922,-11.405,-57.328,25.542,27.893,6.462,1.13,-10.665,-102,-161.221,21.496,1.823,1.856,-15.56,-22.748,178.84,8.427,5.487,-0.752,-15.52,62.015,103.969,4.611,0,0
4.397,2.822,0,80.692,63.732,-194.813,5,15,10,1,0,6.088,-1.279,-16.006,-48.412,30.824,30.214,10.052,-0.627,-9.487,-106.748,-159.969,17.038,2.85,3.487,-14.064,-7.359,175.878,30.565,5.676,1.427,-14.018,62.824,122.412,0.718,0,0
4.03,1.079,0,81.22,52.757,-174.305,5,15,10,1,0,10.188,-5.681,-13.929,-47.328,25.42,24.672,8.866,-1.748,-12.749,-111.649,-156.58,16.427,2.814,3.154,-14.085,7.252,172.427,14.763,4.869,-0.541,-14.389,67.206,137.084,1.481,0,0
3.625,-0.598,0,81.564,34.39,-167.679,5,15,10,0,0,8.201,-6.613,-13.894,-18.321,25.557,26.55,9.096,-1.545,-12.936,-104.153,-150.382,20.168,2.11,3.638,-14.689,4.244,321.466,59.359,6.021,-0.331,-13.395,56.473,159.45,6.412,0,0
3.181,-2.085,0,81.707,14.282,-148.705,5,15,10,0,0,5.949,-4.577,-14.401,-13.664,17.008,25.115,9.822,-4.57,-12.761,-96.046,-143.466,18.519,1.226,4.313,-15.479,13.679,-375.084,78.168,6.974,0.398,-12.888,45.053,178.977,11.344,0,0
2.7,-3.469,0,81.63,-7.668,-138.417,5,15,10,0,0,4.323,-4.654,-15.278,-0.214,13.282,24.168,11.427,-4.088,-12.289,-75.756,-141.313,21.817,1.677,4.749,-15.199,16.489,318.962,8.092,6.615,-2.807,-15.211,37.328,195.756,18.84,0,0
2.182,-4.714,0,81.576,-5.436,-124.512,5,15,10,0,0,6.134,-4.266,-13.101,0.107,8.84,18.885,11.321,-3.396,-11.918,-60.427,-132.29,16.84,0.314,6.572,-17.191,4.794,316.626,-7.267,6.637,4.426,-11.913,16.321,214.321,21.924,0,0
1.625,-5.773,0,81.14,-43.602,-105.869,5,15,10,0,0,5.758,-4.979,-12.313,2.947,5.924,18.122,10.852,-3.981,-12.916,-43.71,-121.16,11.328,-0.029,5.39,-21.929,29.496,-366.55,-19.42,5.173,-1.473,-15.453,-8.351,226.809,20.916,0,0
1.03,-6.659,0,80.407,-73.219,-88.658,5,15,10,0,0,4.85,-5.082,-11.913,6.153,-0.901,16.458,12.868,-4.103,-11.166,-28.595,-102.107,5.664,0.101,6.821,-15.359,-4.336,293.573,-16.366,6.186,-0.582,-15.266,-18.611,245.206,28.977,0,0
0.398,-7.296,0,79.389,-101.83,-63.698,5,15,10,0,0,6.383,-6.929,-10.157,11.466,-8.794,12.794,12.399,-1.76,-11.625,-21.069,-86.611,5.771,-0.477,5.794,-15.18,-14.977,136.718,-7.328,3.722,-1.935,-16.832,-22.168,255.191,38.382,0,0
0,-7.548,0,78.136,-125.279,-25.211,5,15,10,0,0,2.06,-5.774,-10.852,7.466,-28.229,10.137,16.274,-0.903,-7.604,-14.55,-61.221,6.244,-3.375,6.918,-23.696,-49.832,244.931,-22.718,6.946,-0.41,-16.715,-27.252,271.282,44.794,0,0
0,-7.494,0,76.653,-148.316,5.413,5,15,10,0,0,7.65,-10.852,-2.35,14.153,-30.58,5.71,9.388,-3.228,-7.971,-11.954,-49.267,14.397,-3.602,5.595,-16.602,-46.107,446.519,-40.427,5.566,-0.853,-17.067,-28.519,278.55,47.252,0,0
0,-7.579,0,74.907,-174.66,-8.423,5,15,10,0,0,6.124,-6.716,-7.202,16.168,-24.58,10.733,9.594,-3.521,-5.681,2.198,-52.412,8.565,-3.521,6.306,-15.97,-61.618,192.473,-15.176,6.011,0.16,-17.512,-22.26,286.427,49.985,0,0
0,-7.956,0,72.98,-192.662,-37.72,5,15,10,0,0,4.426,-4.807,-8.193,3.863,-26.275,7.817,8.397,-1.035,-4.539,16.763,-63.985,8.947,-3.205,6.225,-16.116,-62.504,168.229,-11.664,6.103,-1.763,-18.53,-20.412,292.672,51.328,0,0
0,-8.516,0,70.849,-213.124,-55.996,5,15,10,0,0,6.989,-4.833,-8.239,-21.344,-26.061,5.221,8.828,-2.378,-4.955,20.397,-73.206,0.275,-3.667,6.574,-16.408,-71.634,71.069,-7.145,7.892,0.836,-17.539,-10.305,293.679,54.977,0,0
0,-9.109,0,68.571,-227.772,-59.361,5,15,10,0,0,6.282,-5.743,-9.784,-26.824,-33.847,1.298,11.69,-2.946,-6.531,14.489,-72.214,0.183,-2.539,4.937,-31.557,300.824,482.55,-58.382,5.794,-0.244,-20.549,-2.015,291.649,54.916,0,0
0,-9.655,0,66.136,-243.508,-54.566,5,15,10,0,0,6.481,-6.869,-11.022,-20.397,-42.626,-0.687,12.694,-2.182,-8.447,8.504,-67.649,6.168,-3.559,6.249,-16.523,-97.954,99.405,-4.489,8.071,1.487,-20.2,-14.992,296.87,53.588,0,0
0,-9.984,0,63.65,-248.635,-32.89,5,15,10,0,0,6.119,-7.484,-11.578,-11.221,-54.443,-1.969,15.927,-2.661,-8.816,9.847,-60.504,10.473,-1.365,5.753,-13.802,-91.145,44.458,10.015,6.644,4.11,-20.547,-16.656,283.084,53.42,0,0
0,-10.12,0,61.093,-255.639,-13.596,5,15,10,0,0,12.751,-5.703,-10.648,3.42,-52,-1.282,11.309,-3.497,-11.369,4.977,-59.679,19.237,-3.097,4.14,-15.419,-144.244,65.435,22.443,2.383,0.944,-25.023,-21.405,270.885,48.397,0,0
0,-10.006,0,58.581,-251.244,11.341,5,15,10,0,0,10.078,-5.985,-9.278,11.023,-60.092,-1.282,8.349,-1.885,-10.96,11.405,-57.924,25.863,-1.609,2.304,-11.58,-59.786,94.534,500.153,5.53,2.876,-24.029,-28.122,258.901,46.153,0,0
0,-9.728,0,56.116,-246.426,27.878,5,15,10,0,0,5.461,-5.104,-10.198,4.122,-82.061,-5.069,12.775,1.916,-8.375,0.992,-39.771,27.191,-2.587,8.253,-9.638,-24,14.809,4.763,6.68,3.478,-24.791,-23.863,235.771,39.71,0,0
0,-9.237,0,53.78,-233.62,49.027,5,15,10,0,0,8.069,-1.772,-11.762,-5.191,-83.176,-4.427,12.921,2.486,-9.973,-19.038,-29.42,23.405,-2.448,7.793,-6.51,12.473,-26.87,37.863,6.277,4.23,-23.114,-7.282,201.863,33.618,0,0
0,-8.607,0,51.601,-217.953,63.023,5,15,10,0,0,10.893,-2.62,-12.231,-5.557,-82.977,-7.023,11.652,0.702,-11.508,-41.359,-27.634,24.656,-2.273,4.167,-7.338,0.198,-109.435,83.053,5.305,2.783,-24.127,17.664,169.038,25.985,0,0
0,-7.9,0,49.608,-199.231,70.679,5,15,10,0,0,7.829,-2.002,-12.852,-12.901,-86.84,-7.664,12.507,-0.168,-10.636,-57.954,-25.939,21.267,-2.706,0.469,4.359,130.183,369.588,111.878,5.147,4.749,-24.015,38.977,133.298,15.069,0,0
0,-7.194,0,47.825,-178.357,70.679,5,15,10,0,0,9.257,-1.882,-12.555,-23.282,-88.473,-11.435,11.4,-0.781,-9.753,-67.191,-28.977,20.901,-5.053,4.67,-7.238,40.687,-230.595,23.573,3.164,5.247,-27.08,47.42,101.786,-0.489,0,0
0,-6.6,0,46.389,-143.544,59.361,5,15,10,0,0,9.628,-2.795,-12.842,-31.16,-85.099,-14.763,10.809,-1.468,-10.73,-68.504,-36.885,17.573,-4.004,3.324,-7.13,7.466,-265.908,-27.603,1.339,7.204,-26.487,50.244,51.313,-16.748,0,0
0,-6.146,0,45.28,-110.939,45.364,5,15,10,0,0,8.224,-2.888,-13.824,-34.473,-83.695,-16.55,8.95,-1.442,-11.158,-62.733,-47.847,13.069,3.118,4.733,9.264,130.046,-98.198,21.985,9.75,4.278,-22.796,49.908,18.534,-10.321,0,0
0,-5.78,0,44.618,-66.239,36.598,5,15,10,0,0,9.64,-3.942,-13.07,-36.198,-82.87,-17.954,11.989,-3.305,-11.384,-59.023,-52.321,5.389,3.995,8.435,-4.519,1.939,-61.588,-5.191,8.04,2.881,-27.435,59.588,-27.099,-3.344,0,0
0,-5.52,0,44.43,-18.757,26.035,5,15,10,0,0,7.003,-3.121,-14.456,-37.603,-81.206,-19.176,14.653,-2.484,-10.78,-54.351,-54.58,2.931,3.832,17.129,7.128,-134.977,3.405,-325.374,1.037,7.42,-31.696,22.305,-77.481,3.542,0,0
0,-5.274,0,44.636,20.565,24.571,5,15,10,0,0,4.977,-2.076,-14.619,-43.191,-84.718,-21.313,17.85,-0.237,-9.475,-51.511,-48.443,0.076,0.56,0.92,-8.775,-277.267,379.588,-247.939,-0.206,6.136,-25.224,-48.153,-120.183,3.649,0,0
0,-4.938,0,45.141,50.526,33.669,5,15,10,0,0,8.66,-6.299,-10.548,-43.725,-89.053,-24.733,14.061,-0.11,-10.883,-53.389,-36.641,5.893,-0.297,26.203,-13.575,-122.397,-333.084,-443.603,12.083,5.214,-2.721,-113.939,-113.893,6.076,0,0
0,-4.45,0,45.493,35.191,48.718,5,15,10,0,0,6.914,-1.423,-14.135,-46.55,-88.031,-23.817,15.467,-0.371,-10.344,-53.099,-28.443,-0.26,6.184,28.064,-22.264,411.45,495.115,-2.443,15.117,-5.353,1.978,-135.634,-73.298,16.275,0,0
0,-3.748,0,45.463,-3.01,70.267,5,15,10,0,1,9.554,-3.43,-11.872,-43.878,-96.305,-29.756,14.756,-1.552,-11.022,-55.145,-19.893,2.382,5.374,9.743,-14.274,-110.015,-83.542,-96.916,13.417,-7.928,2.826,-107.069,-47.176,23.725,0,1
0,-2.902,0,45.317,-14.614,84.595,5,5,10,0,1,10.536,-4.5,-10.066,-34.718,-100.076,-32.885,14.282,-2.881,-9.774,-46.26,-13.023,-0.458,5.204,3.83,-10.943,-142.031,-132.718,-174.87,10.176,0.738,-5.966,-96.687,-36.809,20.794,0,0
0,-1.975,0.659,45.419,10.277,92.674,5,5,10,0,1,11.889,-3.43,-9.618,-29.527,-102.748,-33.634,14.174,-1.985,-9.829,-37.496,-4.55,-7.053,3.426,-3.133,11.448,-308.534,489.863,-476.336,17.079,9.527,-4.438,-97.45,-64.473,9.618,0,0
0,-0.964,1.279,45.522,10.22,101.097,15,5,10,0,1,11.134,-0.623,-11.297,-25.969,-101.634,-33.832,14.454,-2.838,-9.056,-24.87,2.244,-15.954,3.426,-3.133,11.448,-263.588,495.618,237.802,8.399,-6.637,-26.704,-40.718,-91.145,-11.985,0,0
0,0.174,1.862,46.071,54.909,113.823,15,5,10,0,1,8.581,-2.625,-9.659,-27.344,-110.916,-34.885,18.36,-0.594,-6.368,-16.595,15.466,-17.328,2.009,-5.247,-4.292,-75.45,-72.534,-57.115,7.25,-0.405,-17.881,-17.069,-115.008,-19.069,0,0
0,1.501,2.405,46.862,79.113,132.637,15,5,10,0,1,10.902,-4.424,-6.895,-24.611,-115.313,-38.443,18.478,-0.994,-5.046,-17.298,30.397,-14.275,0.541,-0.005,-11.597,6.565,-83.42,-56.504,12.677,7.295,-12.169,-50.473,-81.664,-18.29,0,0
0,2.961,2.911,47.32,45.788,146.073,15,5,10,0,1,10.536,-2.941,-7.307,-22.534,-111.527,-38.137,15.69,-1.013,-4.491,-12.809,37.786,-15.176,4.129,5.396,-14.966,54.031,-93.557,-59.771,17.965,0.714,-7.259,-44.26,-46.443,-12.885,0,0
0,4.606,3.378,47.009,-31.105,164.452,15,5,10,0,1,10.033,-4.706,-4.139,-26.351,-120.55,-41.71,16.063,-0.582,-3.348,-11.634,56.504,-15.115,6.754,6.374,-28.635,356.977,76.687,251.603,11.223,-7.872,-16.114,-15.695,-35.924,-15.298,0,0
0,6.47,3.807,45.932,-107.689,186.379,15,5,10,0,1,12.143,-2.845,-7.147,-26.198,-118.595,-42.901,14.483,-0.685,-5.652,-13.924,72.366,-18.595,7.238,3.312,-12.059,11.863,-304.076,-121.466,12.016,-2.429,-14.986,7.893,-19.664,-15.008,0,0
0,8.77,4.198,44.354,-157.791,230.015,15,5,10,0,1,10.239,-6.526,-10.33,-35.069,-137.542,-43.893,15.572,0.127,-3.202,-20.168,101.16,-16.748,2.009,1.545,-15.055,8.534,-187.557,-21.313,15.374,-4.289,-15.002,46.992,13.802,-21.191,0,0
0,11.399,4.55,42.211,-214.245,262.917,15,5,10,0,1,6.433,-8.526,-12.354,-19.664,-152.427,-43.115,16.811,0.153,-1.923,-25.374,131.863,-26.076,1.253,4.36,-24.635,39.618,254.779,30.412,16.004,-1.226,-13.185,53.939,37.344,-20.489,0,0
0,14.457,4.865,39.359,-285.279,305.787,15,5,10,0,1,11.721,-5.044,-15.084,-6.046,-163.145,-35.908,15.496,-3.569,-7.939,-18.275,155.252,-29.145,-1.121,4.745,-19.151,36.076,-206.504,21.832,11.479,-3.42,-13.795,70.137,60.611,-16.336,0,0
0,17.929,5.14,35.905,-345.395,347.203,15,5,10,0,1,13.175,-7.939,-17.522,21.466,-186.534,-35.573,15.944,-3.248,-8.433,-4.397,182.458,-21.786,-1.945,3.088,24.084,441.954,383.023,467.786,20.422,-7.276,-15.302,93.313,87.481,-11.237,0,0
0,21.92,5.378,31.917,-398.782,399.102,15,5,10,0,1,11.202,-6.045,-19.306,55.145,-210.015,-36.29,13.01,-4.757,-10.16,13.023,204.84,-7.756,-2.817,3.561,-17.405,58.809,-237.45,1.924,11.515,-6.79,-6.043,111.573,85.542,-16.763,0,0
0,26.545,5.577,27.464,-445.325,462.548,15,5,10,0,1,9.685,-8.584,-16.95,85.695,-230.626,-37.344,12.959,-5.192,-12.672,33.71,222.412,8,-1.609,3.554,-13.743,59.893,-497.679,61.374,5.396,-15.79,-16.231,175.023,66.122,-27.481,0,0
0,31.394,5.738,23.157,-430.676,484.853,15,5,10,0,1,4.642,-6.759,-17.771,114.366,-237.145,-40.992,12.179,-6.134,-12.016,52.519,232.794,28.962,0.879,-0.569,-16.851,131.542,-10.626,132.519,6.064,-3.197,-15.184,213.939,39.466,-10.718,0,0
0,36.514,5.86,19.539,-361.817,512.021,15,5,10,0,1,12.303,-4.78,-21.39,125.435,-229.328,-41.313,12.816,-2.63,-11.637,63.908,245.878,58.229,9.08,-0.611,-12.737,85.908,-435.023,67.328,8.591,8.205,-13.877,207.847,29.954,-5.13,0,0
0,41.677,5.945,16.833,-270.562,516.278,15,5,10,0,1,14.229,-2.357,-25.129,129.282,-231.588,-45.45,11.206,-1.042,-14.734,62.626,248.458,75.221,0.412,2.743,-27.734,-49.527,66.443,-395.725,9.154,11.51,-12.2,148.198,25.924,-9.573,0,0
0,46.918,5.991,14.727,-210.64,524.083,15,5,10,0,1,10.799,-10.447,-21.04,152.031,-220.336,-42.626,14.289,1.32,-15.972,56.763,249.588,89.74,8.052,4.001,-19.759,242.611,354.122,-15.939,11.091,13.898,-9.02,57.878,28.901,-15.863,0,0
0,51.906,5.998,12.907,-181.939,498.803,15,5,10,0,1,10.299,-4.369,-22.592,192.947,-180.198,-27.511,9.688,3.317,-21.479,48.748,241.985,101.511,5.039,7.747,-24.765,190.55,378.489,-19.786,8.936,7.278,-11.017,11.527,33.13,-15.389,0,0
0,56.285,5.968,11.966,-94.116,437.955,15,5,10,0,1,9.824,0.98,-17.055,180.733,-151.237,-24.244,10.287,1.229,-18.736,56.443,238.809,100.55,24.932,0.719,20.985,87.557,403.527,487.084,-9.973,-5.042,-24.415,59.756,-19.42,-9.771,0,0
0,59.933,5.899,11.372,-59.384,364.781,15,5,10,0,1,7.786,1.621,-17.479,146.458,-119.374,-25.985,13.592,1.727,-15.841,64.504,230.137,96.015,-3.135,19.79,-19.476,51.985,-302.427,-87.756,13.223,16.969,-7.777,-89.588,46.885,-21.16,0,0
0,63.042,5.791,9.347,-202.504,310.937,15,5,10,0,1,7.65,4.402,-18.384,107.649,-79.908,-16.855,11.396,0.158,-12.104,57.176,215.771,74.26,-3.746,2.351,-24.161,-223.328,222.748,-254.534,7.123,-13.944,-10.782,-55.771,46.885,-21.573,0,0
0,65.708,5.646,6.854,-249.356,266.545,15,5,10,0,1,9.118,2.733,-17.065,66.382,-52.122,-8.992,11.398,-0.754,-11.951,50.168,203.496,48.534,-4.254,4.006,-15.184,-74.702,-391.191,-41.954,4.263,-14.162,-15.496,48.534,36.672,0.916,0,0
0,68.066,5.462,4.89,-196.335,235.84,15,5,10,0,1,7.604,-1.236,-14.614,25.74,-33.893,1.359,12.059,0.757,-11.288,41.237,197.542,27.908,31.59,-16.186,17.8,-44.534,420.641,125.191,-12.08,-5.988,-26.417,149.313,-30.366,5.053,0,0
0,70.063,5.24,4.924,3.353,199.631,15,5,10,0,1,5.786,1.952,-16.954,-6.794,-3.42,12.901,13.252,-0.96,-10.145,33.359,193.466,2.687,6.237,3.685,-25.042,178.977,-171.603,19.908,18.135,23.886,2.946,47.13,-11.282,2.55,0,0
0,71.776,4.979,4.825,-9.888,171.341,15,5,10,0,1,6.332,-0.975,-15.424,-33.359,24.061,18.565,12.689,-1.332,-11.424,29.618,192.061,-12.855,-17.048,22.107,25.315,243.832,-335.038,-489.893,36.716,20.377,11.374,-122.931,68.183,-20.092,0,0
0,73.197,4.681,2.829,-199.574,142.09,15,5,10,0,1,3.921,0.467,-16.844,-59.924,44.656,20.794,11.884,-1.885,-10.703,33.893,189.42,-22.824,-8.248,23.836,-28.314,52.412,351.496,-136.244,8.68,-17.321,-14.171,-122.641,78.107,-23.069,0,0
0,74.438,4.344,-0.002,-283.093,124.134,15,5,10,0,0,3.533,-0.223,-16.866,-78.672,64.412,21.863,10.411,-0.874,-10.811,38.046,186.595,-30.107,-8.296,0.782,-14.337,-80.809,-393.847,-0.122,0.704,-24.07,-19.728,31.908,31.45,-3.221,0,0
0,75.424,3.968,-2.419,-241.7,98.58,15,5,10,0,1,3.025,-1.466,-16.978,-88.458,81.435,27.145,9.623,-0.187,-9.664,34.672,183.511,-37.679,7.659,-1.087,-10.912,-24.198,-181.038,20.412,9.803,4.677,-10.38,112.824,10.947,3.16,0,0
0,76.266,3.555,-4.407,-198.853,84.16,15,5,10,0,1,2.484,-1.039,-17.412,-80.534,105.679,33.435,10.215,-0.627,-10.052,24.565,180.366,-44.198,8.541,0.744,-18.667,40.534,-317.557,62.656,13.381,12.533,-6.428,60.641,23.695,0.168,0,0
0,76.911,3.103,-6.103,-169.59,64.51,15,5,10,0,0,2.084,-1.605,-16.6,-75.496,122.626,30.656,10.785,0.261,-11.084,16.427,182.519,-43.359,1.38,16.196,-20.18,70.702,437.863,30.779,9.659,9.056,-6.862,4.473,25.878,-5.817,0,0
0,77.397,2.612,-7.066,-96.325,48.66,15,5,10,0,0,2.747,-1.483,-16.954,-59.374,146.504,26.305,8.622,0.237,-11.254,10.916,179.328,-37.221,39.239,-14.408,-43.45,126.336,-14.366,-86.168,17.728,12.921,10.215,10.58,-71.573,3.16,0,0
0,77.614,2.084,-7.062,0.423,21.629,15,5,10,0,1,4.646,-5.798,-13.165,-36.687,166.092,16.916,9.472,0.544,-10.639,8.336,179.847,-21.802,14.71,5.583,-12.792,63.145,-61.13,-10.382,6.452,2.635,-7.14,-18.763,-13.145,-16.595,0,0
0,77.478,1.517,-7.059,0.332,-13.538,15,5,10,0,1,4.443,-2.896,-16.023,-8.061,193.053,13.42,8.102,-0.855,-13.29,14.55,171.496,-13.847,5.463,6.912,-13.556,22.916,-271.069,-8.58,8.708,-1.073,-2.199,-33.908,-19.527,-19.008,0,0
0,77.233,0.912,-7.041,1.808,-24.536,15,5,10,0,1,5.372,-7.362,-13.934,16.031,206.824,3.802,6.05,-2.1,-13.565,16.809,167.634,1.557,4.596,7.683,-11.407,8.229,-44.611,2.198,8.335,-1.356,-2.584,-11.511,-26.305,-14.107,0,0
0,76.775,0.268,-6.993,4.818,-45.765,15,5,10,0,1,1.662,0.388,-19.234,39.115,220.412,1.221,5.894,-3.863,-12.825,29.573,156.763,4.916,3.068,6.273,-8.438,-7.069,-33.099,-1.832,8.627,0.793,-2.905,-0.26,-34.748,-7.664,0,0
0,76.094,0,-7,-0.755,-68.127,15,5,10,0,1,2.821,-4.1,-19.776,62.412,231.878,-9.74,6.45,-2.702,-10.667,39.634,145.679,16.702,4.692,5.544,-7.384,-2.962,-29.145,-0.351,9.08,2.132,-3.885,14.26,-40,-3.588,0,0
0,75.167,0,-7,-0,-92.697,15,5,10,0,1,1.277,-2.139,-19.093,73.038,242.458,-18.55,6.033,-2.824,-11.498,56.534,134.489,20.29,4.266,6.349,-8.66,3.328,-33.328,-2.824,9.029,3.051,-6.356,22.473,-47.908,-1.924,0,0
0,74.021,0,-7,-0,-114.578,15,5,10,0,0,2.366,-2.481,-17.73,74.031,255.023,-27.038,6.203,-4.004,-11.087,76.641,120.504,21.527,3.411,6.194,-10.126,10.382,-40.611,-8.947,9.192,4.107,-7.111,14.031,-53.756,-3.511,0,0
0,72.644,0,-7,-0,-137.673,15,5,10,0,0,4.287,0.936,-18.985,60.611,267.466,-33.481,4.713,-4.445,-12.054,97.42,103.298,15.893,3.339,6.057,-10.265,11.435,-41.099,-9.328,8.955,2.067,-7.743,5.45,-56.061,-4.198,0,0
0,71.113,0,-6.993,0.755,-153.145,15,5,10,0,1,4.067,-0.857,-18.954,40.641,271.267,-40.748,4.915,-3.873,-11.187,114.275,89.802,9.908,2.35,6.771,-14.856,21.618,-55.359,-15.878,9.618,0.982,-7.908,3.359,-57.863,-2.031,0,0
0,69.371,0,-6.971,2.14,-174.248,15,5,10,0,0,3.181,-1.121,-18.909,23.511,276.183,-44.183,6.95,-3.681,-10.323,124.153,80.427,-3.618,3.221,6.014,-15.836,16.855,-59.481,-13.954,9.309,-0.122,-9.736,11.802,-64.137,-3.099,0,0
0,67.499,0,-6.777,19.421,-187.168,15,5,10,0,0,3.739,-2.256,-19.4,7.863,282.672,-46.427,6.981,-1.459,-10.318,122.748,72.947,-11.695,7.872,4.033,-13.216,15.634,-46.443,-15.466,9.353,2.072,-7.353,17.42,-84.534,-2.351,0,0
0,65.411,0,-6.392,38.464,-208.775,15,5,10,0,0,5.983,-3.782,-19.598,2.122,294.58,-45.832,6.773,-0.414,-11.046,118.626,63.053,-23.954,4.158,7.607,-16.051,20.107,-50.26,-17.221,9.597,3.286,-8.797,8.779,-75.679,-6.931,0,0
0,63.203,0,-5.967,42.503,-220.768,15,5,10,0,0,6.5,-0.843,-21.629,-6.29,296.092,-41.756,4.141,-0.199,-11.048,100.137,49.145,-32.748,3.648,6.395,-15.635,3.466,-200.046,-314.382,9.832,-1.49,-11.606,6.748,-79.405,-9.16,0,0
0,60.943,0,-5.51,45.731,-226.01,15,5,10,0,0,4.742,3.149,-27.227,-16.153,301.908,-35.985,1.025,4.395,-11.561,77.802,30.718,-48.168,2.189,5.607,-16.159,14.87,-50.824,-27.573,11.307,-0.841,-9.247,6.061,-76.641,-6.901,0,0
0,58.545,0,-4.971,53.867,-239.823,15,5,10,0,0,7.616,-8.43,-21.098,4.275,287.298,-41.008,0.948,-1.348,-12.224,63.924,30.748,-39.282,2.943,7.305,-13.323,21.45,-15.771,-96.611,10.16,0.776,-6.938,9.527,-87.832,-5.252,0,0
0,56.252,0,-4.448,52.38,-229.283,15,5,10,0,0,0.398,-1.859,-25.605,-10.397,260.931,-35.42,4.345,4.419,-5.489,37.511,14.809,-36.244,3.775,5.7,-13.06,25.267,-46.794,-89.405,9.537,1.657,-7.422,15.038,-86.748,-3.435,0,0
0,54.022,0,-3.939,50.858,-223.046,15,5,10,0,0,2.206,-3.274,-23.821,-18.183,243.298,-30.565,3.063,2.649,-6.704,23.847,-3.13,-38.076,4.831,3.886,-14.6,120.595,-131.618,-55.328,8.852,1.356,-8.433,26.031,-92.611,-0.443,0,0
0,51.957,0,-3.33,60.848,-206.486,15,5,10,0,0,3.691,-5.228,-23.347,-29.481,219.069,-24.794,3.346,2.005,-6.524,19.389,-14.489,-32.718,3.815,7.046,-11.606,36.153,-22.351,-11.374,10.193,2.577,-5.832,25.038,-98.947,-1.71,0,0
0,49.946,0,-2.73,60.036,-201.085,15,5,10,0,0,0.857,-5.863,-24.673,-26.672,193.695,-16.366,3.746,1.427,-4.948,23.71,-23.405,-29.878,3.226,4.254,-13.57,41.908,-23.924,-10.84,10.296,-0.235,-9.913,28.519,-95.191,1.145,0,0
0,48.034,0,-2.045,68.493,-191.174,15,5,10,0,0,2.208,-6.857,-23.931,-26.687,165.267,-6.382,2.555,2.35,-4.874,28.443,-32.412,-24.534,4.11,6.136,-14.21,42.672,-15.679,-5.542,9.827,1.198,-8.945,38.153,-108.183,5.649,0,0
0,46.185,0,-1.273,77.259,-184.948,15,5,10,0,0,0.874,-6.162,-25.6,-26.794,136.214,9.832,1.976,5.032,-5.3,29.527,-44.351,-26.229,1.681,7.156,-15.946,37.802,-21.847,-4.824,10.282,2.093,-9.853,29.771,-99.023,6.595,0,0
0,44.53,0,-0.449,82.363,-165.493,15,5,10,0,0,2.354,-6.308,-24.295,-35.206,103.634,25.206,3.315,4.318,-4.776,21.527,-51.344,-24.84,3.343,6.962,-15.843,37.649,-18.29,-8.076,11.087,1.425,-10.275,26.412,-112.809,7.863,0,0
0,42.97,0,0.5,94.906,-155.983,15,5,10,0,0,3.291,-4.014,-26.429,-48.702,73.481,34.366,8.469,3.803,-2.464,10.061,-56.137,-28.107,4.328,7.525,-15.702,33.374,-23.649,-5.863,10.289,2.211,-12.507,19.008,-117.008,8.427,0,0
0,41.637,0,1.569,106.899,-133.301,15,5,10,0,0,6.318,-1.885,-26.659,-50.977,55.527,34.947,10.67,-0.51,-1.095,-20.672,-50.58,-27.908,3.07,7.887,-15.793,27.267,-22.992,-10.321,14.066,2.613,-9.695,6.641,-122.733,9.099,0,0
0,40.447,0,2.631,106.19,-119.053,15,5,10,0,0,5.631,-6.857,-28.508,-62.992,8.229,31.038,13.175,0.06,1.569,-6.931,-40.718,-20.855,4.551,7.082,-15.613,14.336,-59.649,-10.809,11.963,1.775,-10.895,-0.321,-123.496,11.221,0,0
0,39.703,0,3.635,100.365,-74.318,15,5,10,0,0,0.671,-2.905,-35.782,-55.542,-42.992,25.282,12.727,-0.944,0.261,-23.939,-45.74,0.351,3.485,5.837,-15.879,8.443,-134.794,-16.916,13.592,-0.117,-9.204,-2.305,-116.473,13.771,0,0
0,39.707,0,4.539,90.454,0.332,15,5,10,1,0,2.393,-4.673,-28.335,-50.351,-108.718,4.397,9.051,-1.897,-0.625,-26.244,-48.626,20.748,2.955,5.516,-16.147,19.313,-66.931,4.611,11.07,-2.115,-10.466,3.313,-112.015,16.076,1,0
0,40.176,0,5.367,82.787,46.921,5,5,10,1,0,4.503,-1.717,-16.43,-24.336,-128.351,-8.916,7.096,-1.806,-2.335,-29.954,-63.145,38.015,2.019,5.681,-15.345,17.038,-1.985,15.145,13.683,-1.248,-8.244,5.45,-108.443,20.84,0,0
0.662,40.911,0,6.106,73.918,73.551,5,5,10,1,0,11.302,-5.868,-5.633,2.107,-126.168,-16.672,10.069,-4.558,-4.73,-24.137,-60.641,50.87,6.002,5.384,-12.794,5.908,-54.595,34.656,11.427,-2.163,-10.579,15.466,-116.992,24.733,0,0
1.286,41.722,0,6.912,80.612,81.013,5,15,10,1,0,8.466,-9.01,-3.777,36.656,-103.893,-9.71,10.179,-5.703,-11.93,-14.672,-49.985,65.13,6.162,5.976,-14.801,18.076,-15.42,20.397,13.762,0.74,-6.426,15.817,-119.206,27.267,0,0
1.871,42.497,0,7.784,87.17,77.557,5,15,10,1,0,7.125,-6.919,-3.801,66.733,-80.824,-2.763,12.021,-3.787,-9.666,17.802,-35.435,84.748,10.861,6.023,-11.762,14.916,2.87,24.595,14.677,-0.584,-8.361,22.458,-129.664,28.076,0,0
2.417,43.109,0,8.886,110.207,61.18,5,15,10,1,0,7.472,-6.696,-13.091,81.115,-67.542,-0.458,7.707,-3.518,-7.951,60.26,-33.557,91.511,9.36,14.295,-18.882,15.389,31.145,48.366,15.129,1.586,-8.332,16.656,-124.977,26.824,0,0
2.925,43.541,0,10.208,132.18,43.236,5,15,10,1,0,3.743,-0.534,-23.955,65.344,-80.137,1.191,6.519,-3.65,-6.124,102.687,-52.656,80.397,9.108,6.689,-14.636,-5.328,29.481,18.351,15.251,2.666,-7.69,-0.901,-135.206,24.198,0,0
3.394,43.842,0,11.761,155.32,30.052,5,15,10,1,0,7.453,1.427,-23.064,26.351,-89.679,-3.328,5.758,-1.504,-8.395,124.641,-77.863,56.733,11.558,7.511,-10.66,-17.466,45.176,12.641,15.637,-0.606,-7.499,-11.145,-152.366,16.351,0,0
3.824,43.919,0,13.669,190.75,7.702,5,15,10,1,0,9.592,-4.359,-19.776,23.771,-78.947,1.191,8.792,2.455,-9.487,108.534,-85.832,33.069,10.203,6.318,-9.585,-30.366,62.397,2.275,18.375,1.65,-2.522,-30.489,-159.206,11.939,0,0
4.215,43.537,0,15.826,215.722,-38.132,5,15,10,1,0,9.875,0.074,-18.494,27.786,-55.939,9.573,14.145,1.844,-8.387,62.229,-85.695,17.756,9.858,5.384,-8.931,-35.344,80.122,1.71,16.813,-0.738,-4.723,-36.733,-162.351,11.191,0,0
4.567,42.743,0,18.228,240.189,-79.491,5,15,10,1,0,12.921,2.359,-18.308,12.382,-36.443,16.656,17.318,5.279,-5.868,7.252,-95.786,18.702,10.663,5.077,-6.222,-36.183,101.511,2.885,14.188,2.373,-1.356,-31.466,-165.038,13.069,0,0
4.881,41.703,0,20.894,266.636,-103.958,5,15,10,1,0,11.228,1.353,-19.163,-20.656,-25.573,24.901,14.998,6.732,-6.986,-45.679,-111.802,17.496,10.483,6.198,-4.349,-34.122,128.718,2.931,20.264,-0.034,1.238,-31.099,-161.328,12.076,0,0
5.156,40.458,0,23.721,282.681,-124.489,5,15,10,1,0,9.147,1.332,-17.805,-49.023,-11.099,37.16,12.279,4.97,-9.223,-76.076,-127.374,11.42,10.835,5.631,-5.315,-30.702,155.939,5.786,19.136,0.489,-4.213,-27.618,-147.847,12.931,0,0
5.393,38.847,0,26.754,303.28,-161.133,5,15,10,1,0,10.437,4.428,-18.638,-86.656,9.099,42.595,12.667,0.551,-13.403,-98.641,-142.321,-1.008,11.901,6.297,-6.124,-32.656,178.489,10.015,16.257,4.565,-10.823,-34.351,-146.458,12.794,0,0
5.59,36.961,0,30.042,328.847,-188.61,5,15,10,1,0,5.734,-2.548,-14.511,-114.092,14.107,43.344,11.003,-0.891,-12.936,-87.588,-157.359,-5.893,9.731,5.882,-9.791,-33.542,195.023,8.718,14.761,0.68,-19.488,-38.824,-164.443,5.618,0,0
5.749,34.712,0,33.737,369.485,-224.854,5,15,10,1,0,4.783,1.796,-15.841,-123.313,25.603,46.382,10.706,-2.472,-10.234,-94.473,-170.702,-10.779,6.646,7.295,-12.821,-49.863,208.458,-3.115,16.562,2.898,-18.739,-60.519,-193.924,0.977,0,0
5.869,32.174,0,37.846,410.855,-253.819,5,15,10,1,0,3.037,0.663,-17.445,-129.053,31.939,48.534,4.637,-3.262,-10.38,-70.641,-188.901,-7.481,6.924,8.301,-14.401,-69.74,339.344,-72.061,16.571,8.169,-14.123,-95.389,-205.542,-4.901,0,0
5.95,29.428,0,42.281,443.505,-274.613,5,15,10,1,0,9.673,-5.882,-12.198,-138.87,30.855,44.672,11.178,0.505,-9.781,-66.656,-190.443,-13.359,9.776,8.404,-16.171,-86.153,-85.42,-56.214,9.858,10.859,-13.422,-133.74,-218.87,1.695,0,0
5.993,26.615,0,46.866,458.543,-281.285,5,15,10,1,0,4.328,1.569,-18.439,-134.153,26.611,42.427,8.409,-0.323,-9.4,-74.305,-192.031,-10.565,9.638,6.268,-18.753,-93.145,240.901,-56.473,14.454,1.765,-16.94,-148.321,-199.786,3.237,0,0
5.997,23.931,0,51.411,454.469,-268.41,5,15,10,1,0,3.633,-7.54,-16.708,-109.023,16.718,36.412,10.643,-1.839,-8.124,-83.908,-185.298,-10.641,6.517,5.463,-20.755,-91.084,244,-74.611,16.686,-2.855,-19.821,-147.053,-169.13,5.771,0,0
5.962,21.546,0,55.819,440.862,-238.45,5,15,10,1,0,2.395,-9.606,-18.49,-83.725,17.863,34.366,7.765,-3.655,-9.65,-81.069,-179.542,-0.87,7.396,4.34,-19.689,-95.634,244.901,-88.885,14.054,4.495,-17.584,-139.42,-169.145,-0.779,0,0
5.888,19.404,0,60.156,433.663,-214.211,5,15,10,1,0,8.617,-9.724,-14.863,-60.443,22.244,28.229,11.625,-7.123,-9.472,-82.122,-170.183,14.656,7.64,1.253,-18.885,-83.573,250.824,-73.206,12.833,3.727,-17.33,-142.901,-150.076,-8.977,0,0
5.776,17.453,0,64.243,408.669,-195.168,5,15,10,1,0,8.016,-9.432,-13.683,-30.382,16.931,25.237,13.791,-3.952,-10.152,-67.176,-170.198,28.412,6.864,4.553,-17.555,-64.977,245.481,-61.038,6.352,-6.167,-19.584,-118.031,-140.901,-13.359,0,0
5.625,15.709,0,67.941,369.817,-174.328,5,15,10,1,0,6.203,-5.13,-15.56,-32.947,15.557,19.893,9.388,-7.132,-8.826,-56.885,-173.344,35.588,7.726,3.633,-17.67,-51.511,233.084,-94.809,12.536,-3.921,-13.477,-89.191,-94.534,-6.29,0,0
5.435,14.054,0,71.09,314.953,-165.493,5,15,10,1,0,7.925,-7.197,-12.988,-7.954,18.779,18.336,9.992,-4.783,-8.426,-47.847,-170.611,38.779,10.687,4.105,-13.623,-57.008,453.664,-124.458,12.492,-7.875,-11.515,-54.168,-44.046,-2.427,0,0
5.207,12.355,0,73.684,259.324,-169.957,5,15,10,1,0,7.465,-3.736,-13.719,-16.641,20.122,17.221,8.926,-3.001,-9.331,-37.023,-169.206,32.626,9.81,3.818,-13.934,-60.092,-83.13,-120.244,11.297,-6.083,-10.648,3.069,5.817,8.687,0,0
4.939,10.677,0,75.745,206.143,-167.736,5,15,10,1,0,4.843,-3.669,-14.202,-11.817,16.397,15.771,10.279,-2.402,-7.295,-33.435,-166.702,23.588,5.595,4.371,-16.459,-28.641,429.221,7.42,11.769,-4.939,-11.625,55.756,48.061,17.038,0,0
4.633,9.037,0,77.353,160.755,-164.086,5,15,10,1,0,5.844,-3.312,-11.944,-20.244,15.832,11.939,8.598,-1.53,-8.385,-37.618,-164.992,20.336,3.54,2.334,-23.313,-53.802,-177.282,251.115,8.301,-3.224,-14.044,89.847,73.038,16.153,0,0
4.288,7.319,0,78.682,132.912,-171.719,5,15,10,1,0,4.349,-4.359,-14.126,-8.901,21.908,15.542,6.347,-0.486,-8.859,-32.779,-166.748,14.412,2.012,2.4,-15.999,-13.435,394.626,101.557,5.863,-1.099,-15.929,109.908,91.786,10.733,0,0
3.905,5.69,0,79.748,106.613,-162.987,5,15,10,1,0,6.15,-1.909,-11.376,-19.786,14.351,12.382,10.617,-0.038,-8.119,-39.328,-157.221,8.687,2.218,6.061,-19.309,3.115,383.328,126.779,4.919,1.011,-15.968,107.634,106.733,5.786,0,0
3.483,4.023,0,80.59,84.194,-166.649,5,15,10,1,0,7.132,-6.922,-12.643,-6.947,21.588,15.573,8.354,0.592,-10.215,-34.305,-156.137,5.542,2.208,2.132,-14.753,1.496,386.84,54.534,4.85,3.066,-13.479,90.198,125.298,3.832,0,0
3.022,2.43,0,81.283,69.271,-159.291,5,15,10,1,0,4.907,-1.83,-12.406,-13.267,10.198,14.107,9.925,0.793,-10.406,-38.992,-152.061,2.809,1.825,2.742,-15.412,23.206,381.802,103.634,4.718,0.944,-14.078,76.733,141.069,6.595,0,0
2.522,0.991,0,81.802,51.933,-143.864,5,15,10,1,0,5.81,-4.347,-12.428,-11.542,9.557,13.679,11.661,0.089,-9.875,-42.153,-140.031,4.687,0,4.986,-16.075,31.939,183.145,20.412,5.233,-0.886,-13.771,47.969,164.931,15.557,0,0
1.983,-0.243,0,82.084,28.21,-123.471,5,15,10,1,0,7.063,-4.601,-11.41,2.519,4.336,12.748,11.482,0.467,-10.485,-47.42,-127.771,8.015,1.406,4.56,-15.213,31.176,177.969,15.786,6.471,-2.891,-14.567,30.641,186.107,26,0,0
1.406,-1.214,0,82.146,6.248,-97.058,5,15,10,1,0,5.664,-3.458,-12.94,1.649,-4.885,11.374,13.994,-0.812,-9.537,-51.603,-108.55,8.305,-1.356,5.679,-19.024,24.794,167.817,17.282,6.558,-3.214,-16.454,16.29,214.718,30.122,0,0
0.79,-1.781,0,81.982,-16.445,-56.694,5,15,10,1,0,7.88,-5.798,-11.721,9.221,-13.13,7.863,12.945,-0.331,-10.768,-50.931,-89.344,9.496,-0.074,6.716,-18.114,4.641,-342.305,-4.336,8.715,2.201,-11.604,-3.924,224.336,35.084,0,0
0.136,-2.001,0,81.48,-50.182,-21.996,5,15,10,1,0,3.13,-5.856,-11.793,19.069,-26.198,7.16,13.197,-0.754,-8.926,-39.328,-68.718,8.443,-0.156,5.525,-18.298,8.794,305.038,2.931,7.71,-2.029,-16.49,-14.519,246.534,38.489,0,0
0,-1.913,0,80.652,-82.81,8.789,5,15,10,1,0,8.933,-7.171,-7.81,30.305,-28.809,6.29,8.16,-4.785,-10.543,-29.282,-56.046,12.198,0.127,6.857,-16.138,-6.137,129.435,2.046,4.73,-1.902,-16.638,-12.947,254.244,48.611,0,0
0,-1.99,0,79.532,-111.992,-7.725,5,15,10,1,0,4.795,-1.394,-13.343,29.282,-27.817,9.939,8.533,-3.753,-9.515,-3.023,-69.954,6.092,-0.733,5.024,-39.039,-185.893,61.802,19.053,6.761,-2.278,-18.66,-13.771,270.489,59.053,0,0
0,-2.078,0,78.14,-139.183,-8.755,5,15,10,1,0,6.989,-4.927,-8.917,15.282,-35.298,6.275,8.09,-4.869,-7.403,17.374,-73.74,4.137,-0.786,7.063,-17.488,-36.427,240.122,1.313,8.332,-0.235,-17.898,-19.42,287.481,64.611,0,0
0,-2.594,0,76.441,-169.911,-51.659,5,15,10,1,0,9.051,-4.757,-11.518,21.481,-21.344,7.374,6.507,-4.46,-9.077,38.763,-93.069,3.405,-0.532,7.062,-23.05,-108.824,444.58,-500.275,6.304,-1.277,-18.159,-23.221,298.214,69.588,0,0
0,-3.381,0,74.467,-197.4,-78.724,5,15,10,1,0,7.604,-2.898,-11.204,0.626,-23.298,6.397,8.098,-0.747,-9.479,43.618,-104.26,1.053,-1.758,7.263,-25.378,-115.481,375.206,66.809,6.68,2.536,-15.81,-23.756,307.588,76.504,0,0
0,-4.296,0,72.204,-226.319,-91.507,5,15,10,1,0,7.334,-3.343,-11.999,-12.458,-21.924,5.847,10.447,-0.218,-8.224,33.817,-107.359,-0.992,-3.269,6.22,-17.316,-78.046,76.427,20.153,4.045,-2.206,-20.391,-11.954,314.504,79.756,0,0
0,-5.161,0,69.754,-245.007,-86.449,5,15,10,0,0,6.981,-5.267,-10.885,-18.947,-28.366,4.122,11.568,0.936,-8.986,15.359,-98.794,2.87,-3.81,6.584,-18.554,-97.954,129.221,125.313,8.066,0.575,-18.451,-13.679,322.977,80.84,0,0
0,-5.937,0,67.139,-261.509,-77.637,5,15,10,0,0,6.414,-4.871,-11.872,-19.252,-29.664,4.198,12.768,-0.412,-9.937,-4.305,-89.939,5.542,-2.817,5.492,-16.183,-112.885,122.595,16,8.323,4.591,-15.862,2.809,314.931,78.305,0,0
0,-6.506,0,64.455,-268.387,-56.82,5,15,10,0,0,4.716,-4.031,-11.966,-24.061,-39.542,3.16,12.995,1.071,-9.875,-16.168,-77.954,11.344,-2.544,0.181,28.3,189.069,379.359,133.863,5.537,1.293,-21.15,22.427,309.038,72.748,0,0
0,-6.879,0,61.708,-274.67,-37.319,5,15,10,0,0,5.446,-5.092,-11.824,-22.26,-45.435,1.817,13.62,-0.352,-8.371,-21.878,-65.71,14.29,-2.615,2.985,-18.868,-190.473,169.527,122.931,7.748,0.014,-23.533,17.634,307.359,67.725,0,0
0,-7.021,0,59.002,-270.585,-14.271,5,15,10,0,0,2.541,-1.466,-14.983,-25.496,-56.885,3.038,14.66,-1.547,-7.882,-25.771,-55.725,15.405,-4.51,3.129,-16.55,-151.42,67.664,127.756,7.12,2.445,-22.7,23.679,292.58,59.573,0,0
0,-6.967,0,56.355,-264.771,5.459,5,15,10,0,0,8.031,-8.454,-9.937,-6.885,-58.076,-0.092,9.159,-3.81,-10.038,-23.71,-51.252,20.26,-3.051,2.029,-9.889,-40.855,43.634,68.427,10.351,3.434,-23.256,26.733,270.794,53.771,0,0
0,-6.963,0,53.817,-253.785,0.401,5,15,10,0,0,8.931,-6.495,-9.705,1.908,-63.924,-0.366,9.884,-3.305,-9.149,-15.939,-50.427,23.939,-2.826,1.945,-7.116,1.71,6.031,14.076,6.651,6.308,-22.118,20.55,242.275,45.038,0,0
0,-6.926,0,51.334,-248.303,3.685,5,15,10,0,0,7.961,-3.981,-12.061,-2.901,-65.084,-1.16,10.105,-2.342,-9.429,-14.504,-56.809,21.511,-3.521,1.645,-6.895,33.16,-12.214,65.954,6.96,5.3,-23.521,25.191,214.122,34.397,0,0
0,-6.857,0,48.968,-236.584,6.935,5,15,10,0,0,6.749,-3.863,-13.297,-8.534,-71.481,-3.573,11.827,-0.422,-9.695,-19.954,-57.435,21.008,-2.891,2.903,-6.682,43.679,-59.664,58.198,5.204,4.258,-24.932,36.168,179.298,21.298,0,0
0,-6.539,0,46.804,-216.42,31.815,5,15,10,0,0,9.515,-6.699,-9.606,-14.29,-83.985,-7.481,11.063,-1.657,-10.414,-34.748,-46.458,23.954,-3.034,3.631,-7.013,42.824,-172.092,95.878,4.17,7.786,-23.102,50.794,138.992,3.679,0,0
0,-6.113,0,44.895,-190.853,42.515,5,15,10,0,0,6.505,-5.106,-12.84,-11.191,-85.008,-8.153,11.027,-0.479,-9.491,-46.198,-44.656,22.443,-1.981,3.707,-2.323,77.145,-216,78.046,4.016,5.525,-25.488,63.221,96.305,-15.115,0,0
0,-5.674,0,43.368,-152.699,43.957,5,15,10,0,0,9.729,-2.601,-12.576,-14.931,-85.45,-11.42,11.252,-0.352,-9.642,-53.832,-43.389,16.427,-0.927,2.872,-7.487,40,-63.374,16.061,7.101,4.577,-23.651,75.237,54.824,-24.458,0,0
0,-5.267,0,42.219,-114.933,40.684,5,15,10,0,0,9.18,-0.129,-14.852,-22.779,-81.969,-14.244,11.999,-2.582,-10.217,-58.153,-47.939,5.237,5.782,7.695,-3.719,40.29,-55.603,29.71,9.113,3.315,-21.287,89.191,17.344,-17.45,0,0
0,-4.861,0,41.479,-73.986,40.638,5,15,10,0,0,9.259,-5.092,-10.979,-27.359,-87.771,-21.908,10.852,-1.684,-11.47,-62.931,-48.046,6.702,6.924,7.726,3.928,64.198,-190.473,-398.046,9.446,4.076,-27.401,84.504,-15.206,-11.527,0,0
0,-4.417,0,41.289,-19.043,44.323,5,15,10,0,0,6.869,-4.586,-12.315,-36.015,-91.282,-24.656,11.987,-0.223,-10.325,-68.336,-47.771,7.359,5.489,8.996,-3.36,15.893,-145.893,3.42,5.588,7.712,-28.7,53.802,-84.641,-4.718,0,0
0,-3.978,0,41.658,36.919,43.9,5,15,10,0,0,9.278,-4.491,-13.029,-36.595,-86.87,-24.58,11.106,-0.975,-10.914,-67.985,-49.206,6.198,2.939,8.567,-7.647,6.458,-184.748,-58.443,8.545,6.797,-20.046,-31.847,-120.977,-5.786,0,0
0,-3.564,0,42.281,62.279,41.405,5,15,10,0,0,6.97,-1.799,-14.787,-42.061,-85.725,-24,14.111,-2.522,-10.435,-65.786,-50,-0.779,1.985,2.104,-10.126,-19.16,-210.641,-149.435,9.458,5.923,-2.579,-93.588,-121.344,-5.908,0,0
0,-3.118,0,42.915,63.4,44.632,5,15,10,0,1,11.556,-2.721,-11.841,-48.183,-91.405,-30.412,14.72,-2.807,-10.974,-61.847,-41.405,-1.695,0.714,7.229,-16.564,-70.061,-261.817,-237.557,15.709,-4.143,1.351,-126.855,-77.588,-4.26,0,1
0,-2.579,0,43.35,43.511,53.902,5,5,10,0,1,9.901,-3.094,-11.266,-53.74,-95.115,-32.626,15.469,-1.715,-11.213,-57.634,-28.107,-7.954,0.81,21.13,-19.371,316.183,-7.847,-302.901,15.536,-7.532,3.53,-104.84,-51.893,-1.435,0,0
0,-1.993,0.659,43.559,20.943,58.582,15,5,10,0,1,12.9,-4.778,-11.223,-47.573,-94.061,-34.214,12.571,-2.637,-12.112,-51.176,-22.641,-11.557,3.358,4.788,-12.183,-126.733,-110.916,-167.023,6.792,3.545,1.049,-72.504,-56.061,1.725,0,0
0,-1.297,1.279,43.632,7.267,69.592,15,5,10,0,1,12.145,-4.016,-10.66,-39.893,-95.206,-36.183,14.114,-2.167,-11.927,-37.527,-13.756,-14.092,4.701,1.162,-7.116,-136.672,-58.55,-163.542,3.375,-3.248,-18.964,-57.817,-64.351,2.076,0,0
0,-0.492,1.862,44.05,41.771,80.486,15,5,10,0,1,11.429,-4.227,-10.677,-35.099,-101.176,-37.221,15.766,-2.615,-11.242,-23.786,-6.26,-14.779,1.229,-3.81,-7.053,-122,-124.198,-162.718,9.353,-0.357,-19.282,-46.336,-86.015,-3.664,0,0
0,0.482,2.405,44.808,75.852,97.481,15,5,10,0,1,12.641,-4.426,-9.714,-28.153,-108.702,-39.496,17.347,-2.038,-9.108,-11.206,4.336,-14.611,2.563,-2.457,-2.826,-82.137,-59.527,-129.496,12.009,3.214,-17.189,-44.672,-111.237,-18.702,0,0
0,1.639,2.911,45.599,79.067,115.7,15,5,10,0,1,12.167,-3.432,-8.974,-24.382,-114.718,-40.244,18.401,-1.068,-7.022,-7.603,17.481,-13.832,2.256,3.36,-3.085,-44.656,-139.924,-111.053,10.584,4.495,-9.302,-60.183,-100.382,-28.122,0,0
0,2.976,3.378,45.826,22.682,133.702,15,5,10,0,1,11.64,-3.2,-8.155,-12.382,-110.458,-39.13,17.9,0.714,-5.863,-7.282,26.275,-12.885,2.728,3.662,-10.562,6.611,-380.901,-175.878,14.279,-4.63,-11.64,-43.267,-54.29,-22.153,0,0
0,4.441,3.807,45.368,-45.742,146.427,15,5,10,0,1,11.537,-1.49,-5.145,-13.74,-117.603,-39.908,16.885,-0.347,-5.753,-8.015,38.244,-13.374,6.124,3.862,-13.139,70.702,-454.672,-125.191,12.224,-7.329,-10.996,-6.076,-31.405,-16.336,0,0
0,6.18,4.198,44.255,-111.34,173.939,15,5,10,0,1,10.124,-4.711,-3.233,-21.466,-121.954,-42.55,16.734,2.249,-5.705,-5.985,54.931,-15.878,5.523,4.57,-11.726,37.786,-115.374,-33.084,7.992,-10.124,-20.537,48.855,-4.748,-15.771,0,0
0,8.235,4.55,42.786,-146.885,205.479,15,5,10,0,1,10.023,-3.799,-6.239,-37.16,-132.626,-47.679,16.233,1.104,-3.432,-17.008,83.939,-13.634,6.768,2.711,-7.233,230.076,-143.893,-40.55,19.062,0.515,-14.202,68.107,7.634,-16.382,0,0
0,10.648,4.865,40.776,-201.004,241.333,15,5,10,0,1,12.126,-5.327,-9.57,-22.489,-127.847,-44.366,13.735,0.232,-3.008,-25.298,105.282,-23.374,4.239,7.268,-14.217,67.588,-359.695,30.962,7.334,1.142,-14.162,78.504,20.26,-17.282,0,0
0,13.23,5.14,38.212,-256.371,258.214,15,5,10,0,1,10.078,-10.648,-8.586,-9.664,-147.939,-43.466,17,-0.618,-1.43,-25.924,135.344,-26.565,1.186,4.973,-27.102,106.977,-389.466,11.847,16.499,-2.728,-16.083,84.84,60.489,-6.565,0,0
0,16.097,5.378,35.129,-308.339,286.686,15,5,10,0,1,13.949,-5.077,-16.162,-12.214,-158.504,-37.695,16.188,-2.256,-5.789,-17.969,157.053,-35.511,-0.29,4.369,-15.544,53.786,-435.603,32.489,1.504,-8.373,-19.072,96.779,59.359,-9.053,0,0
0,19.412,5.577,31.77,-335.839,331.444,15,5,10,0,1,10.004,-11.439,-18.137,18.137,-185.771,-38.153,17.045,-2.314,-4.816,-5.405,174.427,-36.87,-0.156,5.693,-14.193,31.191,-431.573,64.794,13.426,-2.611,-8.119,97.084,39.863,-12.672,0,0
0,23.308,5.738,28.185,-358.51,389.672,15,5,10,0,1,6.498,-8.624,-20.7,52.84,-212.412,-40.412,17.426,-3.985,-7.801,18.702,203.053,-16.565,-2.599,1.823,-16.526,13.221,-238.656,21.008,9.542,-8.989,-17.843,113.45,42.046,-18.702,0,0
0,27.82,5.86,24.769,-341.63,451.15,15,5,10,0,1,8.771,-11.345,-13.357,87.038,-230.656,-42.55,18.719,-5.741,-11.154,38.718,220.977,3.542,2.132,-0.012,-13.376,12.962,-448.733,74.26,9.494,-6.519,-15.232,125.466,23.725,-14.229,0,0
0,32.643,5.945,21.952,-281.685,482.324,15,5,10,0,1,17.855,-8.442,-17.692,122.198,-219.725,-49.389,16.95,-3.552,-11.898,54.534,237.16,33.74,7.346,-0.271,-10.648,19.099,203.237,138.992,10.394,3.2,-12.411,113.176,11.115,-12.107,0,0
0,37.722,5.991,19.704,-224.82,507.867,15,5,10,0,1,12.65,-7.044,-20.015,137.267,-226.519,-44.901,12.595,-2.385,-14.59,71.588,243.863,52.84,6.773,4.928,-18.279,469.954,-398.534,0,10.696,7.056,-9.654,69.527,10.855,-18.458,0,0
0,42.842,5.998,17.777,-192.65,512.021,15,5,10,0,1,9.769,-4.328,-22.101,142.305,-227.542,-43.557,14.217,0.302,-14.128,75.878,250.824,78.58,5.319,6.225,-12.045,64.962,-324.137,-9.618,9.046,4.395,-9.535,33.145,6.198,-23.649,0,0
0,48.024,5.968,16.046,-173.161,518.155,15,5,10,0,1,9.808,-7.08,-20.085,162.214,-217.618,-39.786,12.365,1.174,-16.583,62.26,247.969,97.16,5.319,6.225,-12.045,69.237,349.359,-22.473,9.724,1.772,-9.331,28.87,8.931,-21.45,0,0
0,53.012,5.899,14.398,-164.818,498.792,15,5,10,0,1,12.035,9.022,-29.437,175.603,-166.611,-32.962,13.185,-2.177,-17.879,54.229,236.702,97.435,0.721,6.55,-16.588,63.893,358.275,-75.603,10.821,2.891,-8.21,26.29,14.809,-17.847,0,0
0,57.223,5.791,12.592,-180.565,421.178,15,5,10,0,1,4.11,2.572,-20.559,167.053,-145.527,-28.137,15.055,3.142,-14.94,63.557,242.641,99.374,3.99,8.366,-12.277,66.87,-165.573,-33.466,8.845,0.501,-8.739,54.687,13.786,-15.618,0,0
0,60.819,5.646,10.813,-177.933,359.586,15,5,10,0,1,5.631,2.967,-16.655,130.885,-111.42,-20.153,15.927,0.431,-10.687,48.473,238.84,84.321,3.245,7.056,-12.967,68.901,-321.786,-27.359,9.02,1.583,-9.166,65.344,18.122,-9.405,0,0
0,63.829,5.462,9.029,-178.357,300.992,15,5,10,0,1,7.022,7.063,-17.936,92.687,-74.397,-10.473,12.916,-0.007,-10.078,34.321,218.733,61.847,3.312,7.343,-12.205,68.672,-154.992,-17.344,7.968,2.697,-7.654,77.374,11.878,-6.107,0,0
0,66.434,5.24,7.366,-166.272,260.445,15,5,10,0,1,4.929,6.055,-17.062,44.84,-44.947,-2.473,12.555,-0.764,-11.101,33.13,199.847,36.794,9.192,4.825,-11.031,304.656,442.977,-112.122,7.609,3.058,-9.975,80.427,9.802,-4.107,0,0
0,68.601,4.979,6.085,-128.174,216.752,15,5,10,0,1,8.069,0.513,-14.722,10.015,-12.031,6.076,11.312,-1.772,-12.143,34.824,189.328,11.099,5.341,8.993,-13.556,73.298,481.756,-54.595,10.296,8.088,-7.044,55.573,16.046,-1.298,0,0
0,70.424,4.681,4.865,-121.971,182.339,15,5,10,0,1,4.131,0.211,-15.472,-26.84,9.649,15.267,10.79,0.673,-12.27,30.947,183.023,-7.176,3.609,8.805,-17.124,140.321,-494.977,-63.145,7.499,4.093,-9.779,18.87,11.847,-7.145,0,0
0,71.897,4.344,3.752,-111.34,147.217,15,5,10,0,1,3.142,0.048,-16.401,-53.008,37.145,21.328,10.617,-0.189,-11.089,28.656,181.176,-25.527,1.866,8.692,-13.029,57.618,-117.298,-13.985,8.742,1.37,-8.198,2.733,11.389,-6.229,0,0
0,73.135,3.968,2.759,-99.209,123.837,15,5,10,0,1,1.784,0.014,-17.383,-77.832,53.435,22.809,10.423,-0.707,-11.532,30.351,177.466,-34.351,4.242,7.037,-12.581,46.183,-215.008,-14.656,8.232,-0.733,-8.993,11.588,-0.534,-4.137,0,0
0,74.141,3.555,2.053,-70.645,100.651,15,5,10,0,1,1.808,-1.229,-16.974,-90.534,71.557,27.084,8.914,0.438,-11.815,30.58,171.511,-39.924,5.01,6.282,-11.163,41.511,-93.069,0.351,6.89,2.306,-6.732,13.038,-10.061,-1.481,0,0
0,74.951,3.103,1.558,-49.473,80.944,15,5,10,0,1,1.334,-2.065,-16.339,-93.038,91.389,34.504,9.329,1.705,-11.762,22.672,163.389,-46.046,5.324,5.674,-11.393,43.282,-152.305,5.038,10.895,3.006,-5.7,5.588,-10.718,-1.45,0,0
0,75.555,2.612,1.195,-36.289,60.459,15,5,10,0,1,1.674,-2.385,-16.269,-92.366,93.481,34.733,8.555,1.061,-10.964,9.252,158.061,-48.382,3.674,7.499,-12.603,45.435,-67.756,3.771,9.276,-0.036,-8.133,9.893,-13.328,-3.542,0,0
0,75.948,2.084,0.987,-20.851,39.219,15,5,10,0,1,3.746,-6.421,-14.782,-82.031,129.603,31.557,8.287,1.317,-11.999,-3.374,157.374,-39.832,6.086,7.003,-11.659,35.924,-116.58,24.031,4.766,1.049,-9.12,13.802,-27.908,-1.252,0,0
0,76.046,1.517,1.009,2.232,9.83,15,5,10,0,1,3.985,-4.675,-14.162,-57.863,153.832,32.58,8.471,-0.752,-11.855,-7.221,157.725,-37.099,2.848,8.435,-12.876,20.168,-205.191,22.962,8.26,3.114,-7.017,1.45,-30.275,-0.046,0,0
0,75.976,0.912,1.097,8.755,-6.981,15,5,10,0,1,2.608,-1.866,-17.745,-42.702,170.305,25.221,12.274,-0.783,-11.726,-11.374,164.046,-25.679,4.687,7.662,-13.221,2.947,-187.115,3.847,7.13,1.157,-10.646,-2.931,-36.153,-3.038,0,0
0,75.771,0.268,1.397,29.995,-20.508,15,5,10,0,1,4.852,-6.493,-16.341,5.908,195.145,22.565,7.93,-1.425,-14.004,-6.031,159.374,-11.771,2.996,10.126,-13.436,7.588,-79.374,-2.443,9.214,2.912,-7.372,-14.076,-45.756,-2.748,0,0
0,75.354,0,1.668,27.134,-41.691,15,5,10,0,1,2.467,-1.535,-20.485,31.13,209.634,18.763,9.235,-2.22,-12.576,9.878,160.519,-6.275,1.746,9.463,-14.406,-9.405,-47.771,-7.344,10.766,2.156,-7.468,-34.412,-42.702,-3.924,0,0
0,74.75,0,1.687,1.865,-60.425,15,5,10,0,1,1.59,-5.647,-18.046,60.443,219.939,9.176,7.997,-2.601,-12.861,20.855,151.679,12.122,1.621,6.787,-13.865,-23.847,-56.931,-5.527,10.876,-1.952,-8.651,-25.298,-41.618,-3.511,0,0
0,73.885,0,1.687,-0,-86.46,15,5,10,0,1,1.938,-3.518,-18.997,75.557,236.305,-0.137,7.005,-3.504,-11.858,38.061,141.527,18.595,0.532,6.414,-14.162,-36.26,-60.061,-1.908,8.124,-0.606,-7.743,-9.298,-53.023,0.031,0,0
0,72.813,0,1.679,-0.755,-107.254,15,5,10,0,1,3.19,-1.763,-18.597,82.229,249.588,-8.015,6.117,-4.012,-12.181,53.542,129.893,22.046,2.824,5.492,-13.494,-32.26,-58.198,-3.649,9.563,0.807,-7.928,-1.71,-54.061,3.008,0,0
0,71.513,0,1.675,-0.401,-130.005,15,5,10,0,1,3.133,-1.926,-16.835,71.786,259.634,-16.992,6.457,-4.313,-11.134,68.137,116.046,27.053,3.758,4.874,-13.213,-21.74,-57.344,-3.298,10.097,1.387,-7.872,2.198,-51.206,5.252,0,0
0,70.051,0,1.675,-0,-146.153,15,5,10,0,1,3.921,0.189,-18.408,49.084,270.947,-24.656,5.743,-3.583,-11.616,84.183,99.802,23.069,3.327,5.291,-13.194,-12.504,-54.076,-2.55,9.829,1.878,-8.387,3.023,-49.908,6.351,0,0
0,68.396,0,1.675,-0,-165.528,15,5,10,0,1,1.408,2.371,-20.954,20.443,274.534,-27.237,5.473,-2.692,-10.679,100.366,82.763,14.366,2.508,5.628,-13.41,-5.084,-53.099,-2.992,9.242,1.018,-9.118,4.748,-51.023,6.336,0,0
0,66.602,0,1.675,-0,-179.421,15,5,10,0,1,2.953,0.616,-20.554,4.26,279.359,-25.908,5.171,-1.281,-11.76,102.55,69.13,1.954,1.981,5.391,-13.841,-1.588,-54.198,-2.29,9.412,0.007,-10.162,8.351,-53.695,6.427,0,0
0,64.617,0,1.675,-0,-198.475,15,5,10,0,1,5.806,1.178,-22.93,-8.885,290.733,-23.969,5.061,-0.616,-11.391,107.939,57.359,-11.603,1.911,4.757,-14.499,2.244,-56.55,-0.107,9.685,-0.249,-10.682,10.916,-56.382,5.786,0,0
0,62.456,0,1.675,-0,-216.099,15,5,10,0,1,5.219,-1.657,-22.039,-10.137,293.847,-23.206,5.628,-0.295,-11.29,106.427,50.733,-21.908,2.34,4.227,-15.036,7.16,-58.412,2,10.035,0.034,-10.43,11.13,-59.863,3.634,0,0
0,60.174,0,1.679,0.401,-228.184,15,5,10,0,1,3.159,-3.257,-21.893,-8.168,287.328,-23.893,8.828,0.448,-9.235,103.435,47.374,-34.061,2.407,4.208,-15.113,7.435,-58.626,4.122,10.258,0.719,-10.066,7.481,-60.351,1.908,0,0
0,57.769,0,1.679,-0,-240.521,15,5,10,0,1,11.374,1.808,-24.932,-1.084,300.794,-14.641,3.226,7.657,-13.973,73.695,32.412,-41.084,2.963,4.974,-15.465,12.29,-246.046,0.183,10.215,0.766,-10.069,3.817,-60.198,1.008,0,0
0,55.246,0,1.679,-0,-252.331,15,5,10,0,1,3.964,-2.498,-23.162,11.786,288.931,-21.496,0.75,-2.414,-11.942,66.977,33.695,-37.069,2.987,5.453,-15.275,10,-64.473,-4.061,9.877,0.469,-10.083,3.115,-61.542,0.366,0,0
0,52.85,0,1.683,0.355,-239.525,15,5,10,0,0,-0.316,-2.012,-26.187,6.84,254.824,-21.328,1.607,4.289,-5.394,39.679,13.924,-29.008,3.037,6.409,-15.18,5.405,-66.397,-3.74,10.227,1.066,-10.078,0.489,-62.962,1.038,0,0
0,50.624,0,1.69,0.71,-222.634,15,5,10,0,0,1.265,-1.492,-25.464,-7.573,225.42,-20.275,2.805,3.24,-4.369,17.176,0.992,-28.55,3.063,6.764,-15.019,-1.282,-70.168,-4.763,10.294,1.844,-9.896,-4.336,-64.489,0.626,0,0
0,48.657,0,1.701,1.122,-196.667,15,5,10,0,0,1.497,-3.949,-26.113,-15.344,192.855,-18.626,3.959,0.702,-3.434,7.389,-10.183,-26.733,2.711,6.744,-14.71,-7.695,-72.84,-6.183,9.676,2.088,-10.064,-8.244,-67.878,-1.145,0,0
0,46.918,0,1.712,1.11,-173.973,15,5,10,0,0,0.067,-3.741,-27.485,-12.656,157.573,-17.908,2.965,0.283,-5.013,11.496,-19.985,-24.534,3.425,3.554,-14.09,-13.771,-76.107,-15.771,9.187,1.044,-9.626,-5.344,-72.718,-4.244,0,0
0,45.376,0,1.72,0.755,-154.152,15,5,10,0,0,1.789,-2.749,-27.274,-8,124.137,-16.473,0.304,1.296,-5.281,19.679,-33.924,-19.924,3.576,5.451,-13.659,-8.397,-77.847,-12.275,9.551,-0.992,-8.938,8.656,-75.115,-2.122,0,0
0,44.175,0,1.723,0.366,-120.095,15,5,10,0,0,-1.53,-3.808,-27.571,-15.405,76.702,-15.099,1.389,1.243,-3.494,29.267,-40.427,-19.328,4.23,5.322,-12.979,-9.023,-70.702,-6.977,10.658,0.29,-7.808,16.855,-75.344,1.466,0,0
0,43.281,0,1.748,2.495,-89.436,15,5,10,0,0,3.892,-4.376,-26.161,-8.916,44.061,-18.962,1.983,0.053,-2.098,26.947,-48.794,-19.084,4.455,5.497,-13.35,-2.122,-62.687,-1.893,10.414,0.932,-8.73,17.664,-78.794,4.046,0,0
0,42.644,0,1.903,15.438,-63.721,15,5,10,0,0,-3.878,-8.553,-27.104,-6.84,-17.74,-12.122,6.217,-0.637,-0.738,46.611,-46.015,-12.595,10.77,4.8,-9.214,10.565,-41.954,5.374,4.843,0.12,-11.592,27.42,-104.26,5.481,0,0
0,42.491,0,2.456,55.298,-15.301,15,5,10,0,0,-2.357,-5.568,-36.431,-21.069,-78.122,-8.412,9.712,3.751,2.738,45.618,-40.992,-9.176,8.622,4.697,-12.65,26.58,-25.908,0.519,10.996,2.97,-8.11,22.824,-109.481,6.137,0,0
0,42.845,0,3.265,80.933,35.454,15,5,10,0,0,-2.967,-6.462,-36.534,-9.313,-132.718,-0.107,7.913,1.516,-1.392,45.176,-52.412,-9.344,7.587,6.752,-12.131,35.069,-53.237,-6.29,10.703,2.984,-8.914,9.206,-111.527,6.153,0,0
0,43.677,0,4.227,96.256,83.153,15,5,10,1,0,8.914,-6.989,-16.835,-11.878,-163.939,-4.718,11.877,-0.287,-4.962,27.191,-55.573,20.687,7.326,6.601,-12.401,39.496,-14.809,-6.748,12.318,1.059,-10.014,3.893,-112.901,7.939,1,0
0,44.691,0,5.371,114.327,101.406,5,5,10,1,0,14.765,-8.878,1.37,-2.473,-143.008,-14.443,15.28,-4.79,-5.35,21.069,-47.527,37.237,4.962,6.61,-14.212,39.618,-9.13,-10.214,15.606,2.829,-7.017,9.74,-121.649,11.374,0,0
0.662,45.625,0,6.597,122.658,93.418,5,15,10,1,0,14.456,-5.327,-5.568,14.687,-94.092,-12.412,17.33,-4.807,-9.803,21.908,-28.84,55.649,7.25,6.246,-12.368,41.13,-5.618,-5.221,14.986,1.221,-7.178,19.206,-134.443,12.305,0,0
1.286,46.434,0,7.835,123.791,80.933,5,15,10,1,0,9.477,-2.908,-7.688,29.023,-89.008,-10.137,15.577,-0.776,-8.73,33.771,-7.542,79.145,9.288,5.286,-11.604,46.702,-5.084,1.328,14.238,-0.934,-8.644,30.58,-136.046,12.702,0,0
1.871,47.299,0,9.055,121.948,86.472,5,15,10,1,0,-1.954,1.018,-16.954,42.107,-76.107,-5.008,9.285,-0.771,-9.084,21.466,-4.26,85.115,8.181,5.358,-13.022,57.069,-3.771,5.664,17.56,-2.074,-8.378,41.038,-126.672,12.58,0,0
2.417,48.272,0,10.23,117.531,97.332,5,15,10,1,0,0.374,2.584,-25.073,32.779,-88.046,-3.802,3.784,1.195,-5.873,6.29,-23.924,101.145,7.999,5.161,-13.376,62.519,3.206,5.954,18.698,-0.673,-5.439,45.924,-129.435,12.992,0,0
2.925,49.232,0,11.431,120.106,95.982,5,15,10,1,0,6.34,-3.087,-25.727,36.214,-93.069,-1.405,2.955,-3.66,-4.361,0.107,-59.542,71.908,8.84,5.039,-11.834,62.397,9.878,7.832,16.928,-3.691,-6.416,55.008,-134.809,12.122,0,0
3.394,49.697,0,12.64,120.884,46.475,5,15,10,1,0,10.564,-3.217,-22.324,35.389,-88.962,5.725,12.124,-4.733,-4.994,19.313,-77.221,38.092,9.556,4.098,-11.748,62.122,10.366,8.58,14.689,-0.469,-6.45,62.885,-147.756,13.084,0,0
3.824,49.492,0,14.134,149.391,-20.508,5,15,10,1,0,7.219,4.572,-22.719,10.794,-65.374,5.588,17.778,-3.068,-6.682,27.832,-89.893,11.344,11.388,5.207,-8.133,46.244,38.214,6.702,16.13,0.261,-6.232,56.824,-152.733,12.244,0,0
4.215,48.635,0,15.942,180.863,-85.671,5,15,10,1,0,14.138,-1.655,-17.002,4.198,-31.557,9.832,15.515,-1.494,-10.9,30.305,-111.634,-1.298,11.599,4.251,-7.508,36.901,64.641,9.863,15.084,1.157,-5.576,43.344,-167.725,13.542,0,0
4.567,47.064,0,18.181,223.824,-157.116,5,15,10,1,0,11.393,1.554,-20.053,-10.901,-3.924,22.229,14.643,2.242,-10.519,25.634,-132.427,-5.786,12.229,7.69,-6.407,33.603,91.634,26.748,14.837,2.476,-5.88,28.489,-172.244,15.725,0,0
4.881,45.064,0,20.795,261.418,-199.952,5,15,10,1,0,10.66,2.814,-21.031,-53.985,6.87,29.908,15.953,3.566,-11.441,0.84,-145.847,-7.206,13.261,7.077,-5.731,25.115,127.053,3.053,20.501,1.894,-0.163,-2.672,-176.412,8.336,0,0
5.156,42.853,0,23.751,295.59,-221.135,5,15,10,1,0,4.27,2.666,-19.907,-69.863,9.817,36.626,11.649,5.228,-11.261,-25.969,-159.557,-11.252,11.973,9.096,-8.411,9.954,156.443,1.74,18.624,3.875,-0.965,-27.969,-172.611,5.786,0,0
5.393,40.531,0,26.984,323.353,-232.247,5,15,10,1,0,5.604,-1.751,-16.152,-94.702,20.29,38.443,15.4,0.206,-10.552,-37.45,-168.214,-14.473,10.296,8.943,-9.719,-19.466,179.756,-8.504,15.934,5.94,-5.113,-43.695,-164.748,2.672,0,0
5.59,38.062,0,30.551,356.644,-246.827,5,15,10,1,0,7.355,6.234,-19.095,-108.748,33.802,44.198,11.783,0.457,-10.732,-62.214,-174.702,-13.038,8.452,11.64,-10.22,-49.313,203.16,-13.863,14.636,6.917,-11.884,-58.962,-174.382,3.557,0,0
5.749,35.48,0,34.52,396.973,-258.179,5,15,10,1,0,3.82,1.645,-18.166,-104.748,33.053,46.794,6.977,-0.661,-9.784,-53.099,-181.45,-5.618,4.261,11.757,-14.078,-73.191,215.374,-50.473,17.318,12.251,-15.256,-86.931,-184.382,4.351,0,0
5.869,32.844,0,38.879,435.826,-263.672,5,15,10,1,0,5.003,2.012,-16.801,-107.115,32.626,47.74,10.9,-3.197,-8.562,-51.908,-182.031,-3.695,8.864,11.726,-13.659,-116.916,234.687,-45.267,15.414,4.371,-18.624,-113.756,-215.206,3.893,0,0
5.95,30.358,0,43.577,469.85,-248.589,5,15,10,1,0,4.084,0.934,-17.335,-118.855,27.313,41.069,8.236,-0.127,-8.162,-56.489,-175.298,6.229,13.527,8.363,-13.783,-146.153,256.198,-67.542,20.161,5.585,-12.282,-152.26,-216.275,4.748,0,0
5.993,27.992,0,48.525,494.752,-236.596,5,15,10,1,0,5.389,-5.662,-16.993,-84.336,20.29,37.756,9.673,0.611,-7.449,-52.626,-166.214,5.496,8.828,9.106,-18.966,-160.779,-266.153,-158.779,23.22,3.331,-12.488,-171.573,-192.015,9.832,0,0
5.997,25.941,0,53.439,491.422,-205.09,5,15,10,1,0,12.349,-10.279,-12.107,-60.458,19.618,33.664,10.32,1.636,-9,-48.885,-156.183,11.786,13.204,4.215,-17.982,-170.015,282.198,-84.672,17.314,3.025,-15.137,-184.809,-192.061,21.084,0,0
5.962,24.025,0,58.324,488.549,-191.563,5,15,10,1,0,4.694,0.053,-18.14,-45.374,11.924,31.313,11.611,-1.964,-8.639,-61.481,-148.916,14.351,7.472,3.291,-20.271,-147.725,-432.87,-174.046,15.618,8.229,-19.036,-175.618,-168.366,18.122,0,0
5.888,22.297,0,63.023,469.861,-172.84,5,15,10,1,0,6.179,-8.778,-13.244,-23.939,25.634,29.16,9.46,-1.53,-10.96,-51.099,-146.779,22.198,7.015,3.784,-20.65,-118.626,283.603,-110.962,10.766,5.104,-18.846,-206,-145.206,5.389,0,0
5.776,20.543,0,67.33,430.642,-175.37,5,15,10,1,0,2.977,-1.221,-15.81,-30.824,12.275,27.954,10.378,-4.682,-8.787,-53.084,-152.092,23.634,6.308,9.739,-33.904,-179.053,162.29,-373.74,13.506,-1.842,-16.399,-202.885,-111.328,0.519,0,0
5.625,18.914,0,70.746,341.664,-162.93,5,15,10,1,0,12.404,-6.665,-13.506,-26.824,24.107,20.305,9.889,-1.389,-8.974,-41.802,-150.718,30.168,3.25,2.996,-18.415,-68.305,479.069,-361.282,10.916,-6.776,-14.032,-173.878,-71.908,3.282,0,0
5.435,17.233,0,73.526,278,-168.114,5,15,10,1,0,7.463,-1.724,-15.599,-36.611,23.618,21.664,8.699,-2.306,-10.141,-53.374,-153.099,29.038,5.281,1.381,-16.751,-115.298,438.763,-118.626,10.294,-10.701,-10.888,-110.672,-25.847,11.924,0,0
5.207,15.647,0,75.697,217.129,-158.615,5,15,10,1,0,5.703,-3.612,-14.629,-45.695,21.71,18.595,8.555,-3.245,-9.82,-53.252,-153.969,27.16,6.529,3.901,-13.767,-61.679,408.595,-62.076,14.837,-11.355,-7.765,-31.13,26.519,28.336,0,0
4.939,13.969,0,77.29,159.291,-167.736,5,15,10,1,0,8.095,-4.474,-12.72,-33.557,28.534,18.092,8.454,-1.277,-9.216,-56.84,-154.351,29.237,5.746,3.487,-14.753,-62.26,385.603,-7.756,14.428,-6.644,-9.115,29.71,80.366,32.595,0,0
4.633,12.267,0,78.371,108.055,-170.22,5,15,10,1,0,7.961,-3.518,-13.29,-45.389,29.695,16.55,7.477,-2.23,-9.609,-54.168,-154.26,26.305,3.456,3.849,-14.361,-43.496,188.58,13.267,10.354,-0.194,-9.075,68.947,111.481,24.718,0,0
4.288,10.582,0,78.978,60.745,-168.48,5,15,10,1,0,7.774,-3.511,-13.714,-37.557,25.878,15.008,9.867,-0.084,-8.246,-51.542,-151.008,22.489,2.196,0.951,-15.098,-38.84,-273.893,116.763,5.949,-3.839,-16.408,100.489,140.198,16.656,0,0
3.905,9.088,0,79.389,41.073,-149.414,5,15,10,1,0,4.507,-3.09,-13.767,-43.069,15.328,12.076,12.67,1.073,-7.166,-58.137,-141.924,17.328,1.712,-0.163,-14.959,-15.481,180.443,30.214,3.88,2.156,-14.104,104.076,154.84,13.954,0,0
3.483,7.836,0,79.609,21.984,-125.233,5,15,10,1,0,6.297,-8.811,-12.272,-15.206,16.275,13.069,10.064,0.659,-8.306,-61.618,-127.802,16.656,-0.24,2.345,-15.845,9.756,175.267,30.824,7.954,3.173,-13.074,91.664,175.237,10.504,0,0
3.022,6.718,0,79.539,-7.027,-111.752,5,15,10,1,0,5.856,-1.638,-13.529,-5.664,10.87,13.817,11.863,1.152,-9.183,-62.336,-118.748,16.504,1.49,2.367,-20.042,56.702,344.122,55.206,5.164,0.896,-14.761,69.649,196.076,8.458,0,0
2.522,5.873,0,79.517,-2.14,-84.515,5,15,10,1,0,6.97,-3.085,-12.864,-6.061,1.679,11.863,10.94,-0.728,-8.933,-61.511,-105.771,16.061,-1.233,3.152,-16.123,53.099,322.565,49.771,11.312,2.893,-10.514,73.099,204.153,18.947,0,0
1.983,5.199,0,79.404,-11.33,-67.394,5,15,10,1,0,8.557,-5.113,-12.639,13.405,-1.71,11.878,10.517,-0.702,-9.199,-56.29,-99.893,17.679,-1.106,5.159,-16.863,53.252,317.74,65.099,8.912,3.81,-8.454,36.718,224.809,19.756,0,0
1.406,4.521,0,78.921,-48.34,-67.783,5,15,10,1,0,8.361,-2.441,-13.046,18.992,-4.84,12.611,9.487,-1.863,-9.12,-42.397,-101.099,13.771,-0.656,6.416,-16.487,49.679,303.573,4.794,9.245,0.146,-11.525,21.985,248.092,21.313,0,0
0.79,3.954,0,78.031,-88.989,-56.728,5,15,10,1,0,2.409,-2.196,-12.418,9.74,-20.702,12.977,10.794,-0.323,-8.632,-29.115,-94.595,8.931,-0.122,5.826,-23.653,93.557,-18.076,30.29,5.386,-3.904,-16.782,10.611,269.664,26.397,0,0
0.136,3.599,0,76.807,-122.326,-35.557,5,15,10,1,0,3.947,-3.267,-13.209,5.603,-27.695,9.481,12.665,-1.03,-8.021,-24.168,-82.565,4.901,-2.28,4.607,8.603,132.641,16.611,3.908,7.484,-1.77,-16.317,0.87,287.115,38.015,0,0
0,3.448,0,75.261,-154.599,-15.026,5,15,10,1,0,6.558,-6.273,-11.23,21.023,-31.573,8.595,10.667,-1.995,-10.555,-18.702,-74.672,5.466,-1.2,6.134,-15.441,0.962,114.366,1.771,8.51,-0.12,-17.096,-10.031,298.031,44.824,0,0
0,3.375,0,73.402,-185.967,-7.347,5,15,10,1,0,6.914,-6.447,-10.948,32,-34.58,9.618,9.966,-4.476,-9.283,0.107,-69.847,5.985,-2.136,6.468,-22.24,-45.252,409.588,18.687,9.194,1.365,-16.854,-30.473,312.916,48.122,0,0
0,3.013,0,71.241,-216.076,-36.232,5,15,10,1,0,4.795,-3.032,-13.91,41.038,-27.389,11.847,8.505,-3.66,-9.25,24.29,-83.878,3.069,-0.862,10.264,-29.689,-240.855,-297.282,116.763,7.393,0.438,-16.629,-34.214,316.519,56.473,0,0
0,2.368,0,68.784,-245.739,-64.442,5,15,10,1,0,9.19,-2.22,-12.514,25.237,-19.435,10.626,6.182,-4.244,-10.22,40.229,-103.954,-0.565,-3.401,7.963,-16.312,-58.962,130.382,19.664,7.199,-3.346,-18.276,-32.534,328,65.053,0,0
0,1.445,0,66.103,-268.044,-92.308,5,15,10,1,0,8.246,-3.384,-12.878,14.122,-15.603,9.756,6.799,-2.055,-10.473,46.107,-118.824,0.107,-6.577,14.129,-1.111,477.313,432.122,11.237,7.187,-3.571,-18.818,-25.557,331.985,73.176,0,0
0,0.31,0,63.294,-280.93,-113.526,5,15,10,1,0,7.743,-3.159,-12.2,-1.115,-13.817,9.221,8.68,0.275,-10.699,38.565,-128.718,2.015,-3.367,9.929,-34.191,320.244,-261.13,11.481,7.789,2.697,-16.205,-12.626,322.611,79.847,0,0
0,-0.88,0,60.452,-284.192,-118.962,5,15,10,1,0,6.215,-1.526,-13.771,-18.55,-14.26,9.771,10.62,2.153,-9.712,19.878,-128.458,4.962,-4.584,11.663,-32.448,199.328,-496.855,362.992,8.284,2.85,-20.525,-4.702,311.359,76.763,0,0
0,-2.041,0,57.607,-284.501,-116.146,5,15,10,1,0,6.991,-3.669,-11.52,-29.847,-15.817,8.412,11.534,2.247,-9.556,-8.122,-117.679,8.122,-4.977,6.2,-19.644,-234.504,224.977,110.29,4.855,-2.361,-25.373,-5.344,302.672,67.695,0,0
0,-3.107,0,54.856,-275.082,-106.533,5,15,10,1,0,4.962,-2.517,-12.531,-40.382,-17.969,6.962,13.031,0.903,-8.253,-30.183,-107.725,10.26,-3.324,2.926,-24.285,24.672,447.023,334.656,6.996,3.161,-23.004,-12.947,283.038,67.863,0,0
0,-4.008,0,52.18,-267.632,-90.088,5,15,10,1,0,5.231,-2.579,-12.612,-42.153,-18.519,6.916,13,0.237,-7.381,-47.756,-94.137,13.389,-4.04,4.466,-14.547,-211.786,52.702,42.809,7.283,2.182,-24.702,-16.397,267.099,61.878,0,0
0,-4.703,0,49.656,-252.343,-69.592,5,15,10,1,0,4.62,-5.188,-11.554,-54.595,-35.115,3.878,14.322,-0.869,-6.914,-56.809,-80.473,15.71,-2,2.694,-8.004,-76.366,39.573,49.038,6.194,3.363,-24.618,-20.275,232.504,57.573,0,0
0,-5.176,0,47.312,-234.421,-47.276,5,15,10,0,0,5.434,-6.275,-11.889,-47.695,-45.145,2.763,14.885,-2.491,-6.55,-59.847,-68.107,19.298,-2.148,2.242,-4.814,-50.382,15.115,46.107,5.271,3.085,-24.642,-20.382,205.664,53.13,0,0
0,-5.407,0,45.225,-208.672,-23.06,5,15,10,0,0,5.786,-6.761,-10.464,-37.45,-60.321,1.74,13.276,-3.046,-6.392,-57.13,-59.954,28.779,-4.962,1.384,-6.742,-12.672,-7.664,24.672,6.479,3.046,-24.697,-4.55,162.244,40.29,0,0
0,-5.487,0,43.599,-162.632,-8.022,5,15,10,0,0,6.447,-8.258,-8.826,-22.061,-68.046,1.618,11.022,-3.897,-7.702,-48.412,-58.382,32.122,-1.873,1.37,-4.572,-1.771,-19.115,27.45,7.772,3.351,-23.725,20.382,102.595,33.634,0,0
0,-5.505,0,42.427,-117.222,-1.808,5,15,10,0,0,5.822,-6.898,-10.773,-11.145,-75.466,-2.137,10.351,-3.712,-6.936,-38.84,-61.45,33.481,0.85,3.312,-3.384,5.527,-19.16,27.16,8.167,2.443,-24.882,43.618,69.924,25.878,0,0
0,-5.505,0,41.683,-74.341,0,5,15,10,0,0,6.601,-3.173,-13.726,-11.969,-76.336,-3.069,9.836,-3.593,-7.422,-37.13,-69.023,22.305,0.414,0.299,-4.11,-4.84,-40.061,101.679,4.9,11.019,-26.934,42.489,14.809,3.053,0,0
0,-5.487,0,41.42,-26.356,1.808,5,15,10,0,0,7.444,-3.542,-13.508,-12.718,-83.206,-8.137,9.348,-3.123,-8.414,-36.015,-77.74,12.565,-0.738,3.181,-4.802,8.275,-13.206,14.015,5.25,10.538,-31.063,31.71,-50.29,-20.229,0,0
0,-5.465,0,41.644,22.385,2.186,5,15,10,0,0,9.254,-3.818,-12.591,-19.359,-87.466,-14.26,12.351,-1.686,-10.526,-40.336,-78.351,9.069,1.873,5.992,2.869,38.885,-64.366,6.718,5.195,8.203,-29.602,20.26,-119.206,-29.817,0,0
0,-5.29,0,42.486,84.194,17.567,5,15,10,0,0,5.839,-1.243,-15.697,-29.237,-95.817,-19.206,18.731,0.505,-9.051,-50.076,-69.374,6.046,1.906,6.265,6.361,239.374,-200.809,-77.679,5.928,4.493,-24.338,17.42,-166.595,-28.382,0,0
0,-4.883,0,43.885,139.95,40.661,5,15,10,0,0,10.974,-6.603,-10.797,-26.916,-99.954,-25.145,15.091,0.433,-11.391,-67.069,-57.252,16.366,2.726,2.837,-11.673,39.863,-135.344,-145.649,10.689,6.079,-10.222,-13.115,-180.107,-19.069,0,0
0,-4.359,0,45.503,161.808,52.391,5,15,10,0,0,10.981,-3.957,-12.136,-30.275,-97.893,-25.313,14.806,-0.639,-10.279,-71.252,-44.198,14.015,1.188,0.255,-16.688,37.023,-140.046,-156.885,15.857,6.167,5.343,-58.947,-139.298,-12.229,0,0
0,-3.725,0,46.91,140.648,63.355,5,15,10,0,1,12.492,-2.529,-11.894,-40.55,-100.229,-24.84,15.596,-0.108,-10.703,-76.489,-31.069,8.015,7.966,8.561,-20.209,-30.244,-83.16,-169.679,15.393,3.308,12.121,-73.206,-97.573,-0.885,0,1
0,-3.004,0,47.737,82.718,72.109,5,5,10,0,1,12.725,-1.459,-12.231,-54.611,-102.931,-29.176,15.994,-0.105,-10.196,-76.931,-22.198,1.328,6.194,18.828,-46.281,-449.481,-368.382,256.122,8.624,-3.056,-1.784,-77.191,-51.282,13.237,0,0
0,-2.194,0.662,48.279,54.234,80.99,5,5,10,0,1,12.9,-1.116,-10.799,-70.794,-112.244,-34.183,17.115,-2.065,-8.624,-84.076,-11.145,-3.939,1.061,4.341,-18.466,-210.336,-109.328,112.977,8.088,-8.828,-17.445,-68.015,-49.71,13.359,0,0
0,-1.283,1.286,48.668,38.864,91.164,5,5,10,0,1,14.523,-4.874,-7.887,-76.794,-114.977,-37.237,17.469,-0.517,-9.666,-86.733,-7.099,-2.382,-3.878,4.275,-2.702,-132.977,-65.267,-101.771,14.998,-3.073,-27.742,-51.603,-71.038,4.153,0,0
0,-0.246,1.871,49.437,76.904,103.649,15,5,10,0,1,11.403,-2.73,-8.186,-80.885,-115.969,-38.504,17.223,-0.041,-8.22,-83.328,-1.802,-5.557,-0.612,-10.097,28.874,140.931,96.718,28.824,6.883,4.167,-22.983,-5.191,-137.588,-16.885,0,0
0,0.936,2.417,50.572,113.491,118.229,15,5,10,0,1,12.543,-2.867,-7.987,-76.931,-122.107,-40.321,16.09,-0.601,-7.142,-69.527,3.45,-5.405,0.35,3.679,12.397,-322.214,445.542,-378.382,10.435,7.98,-16.092,-25.725,-138.504,-30,0,0
0,2.192,2.925,51.484,91.221,125.645,15,5,10,0,1,10.972,-4.189,-6.153,-68.168,-127.893,-39.847,15.055,-1.617,-5.762,-57.817,12.351,-7.176,4.634,4.165,-11.477,0.779,-323.435,-165.069,11.436,-0.649,-14.744,-53.695,-91.359,-27.466,0,0
0,3.654,3.394,51.63,14.626,146.118,15,5,10,0,1,9.345,-2.328,-7.918,-55.359,-135.725,-40.107,17.373,-1.514,-2.987,-44.794,27.542,-11.985,8.78,23.149,-18.691,290.672,252.565,-258.565,8.512,4.709,-4.033,-60.198,-64.092,-10.947,0,0
0,5.393,3.824,50.945,-68.504,173.939,15,5,10,0,1,9.719,-3.478,-9.884,-43.13,-145.847,-45.618,18.013,-1.411,-3.624,-42.26,50.305,-16.656,0.786,13.478,-34.124,69.344,134.336,381.557,18.293,-3.775,-14.514,-14.153,-32.641,1.649,0,0
0,7.634,4.215,49.891,-105.469,224.133,15,5,10,0,1,7.767,-3.121,-10.378,-31.008,-163.16,-51.74,22.844,-1.83,-1.152,-46.595,82.779,-23.115,1.116,8.063,-25.445,-28.321,379.344,-242.321,12.964,-8.905,-19.8,19.649,-19.496,-24.519,0,0
0,10.3,4.567,48.36,-153.099,266.556,15,5,10,0,1,19.701,-9.218,-1.803,-11.863,-163.527,-51.786,17.943,-0.642,-4.785,-40.229,113.634,-19.053,-0.283,9.796,-15.599,-8.305,-173.282,-8.87,17.065,-4.208,-20.257,29.786,9.893,-24.901,0,0
0,13.149,4.881,46.287,-207.276,284.913,15,5,10,0,1,16.047,-9.793,-7.683,-3.496,-167.496,-38.565,18.76,-0.687,-5.413,-24.382,144.183,-35.115,7.511,0.942,-13.163,78.137,-400.855,72.55,7.271,-3.803,-15.144,47.939,18.397,-14.87,0,0
0,16.328,5.156,43.742,-254.506,317.906,15,5,10,0,1,10.665,-7.468,-15.853,2.58,-181.756,-33.664,19.572,-2.491,-5.724,-0.534,173.939,-31.893,2.462,1.954,-13.453,13.42,-374.992,13.435,13.024,-5.861,-17.462,56.748,46.229,-9.832,0,0
0,20.203,5.393,40.731,-301.049,387.475,15,5,10,0,1,7.154,-8.038,-19.824,30.885,-208.748,-33.282,21.064,-7.058,-8.122,21.664,202.427,-16.702,2.012,3.243,-13.3,18.916,187.725,232.794,2.529,-4.222,-13.949,71.13,47.664,-16.458,0,0
0,24.678,5.59,37.487,-324.429,447.522,15,5,10,0,1,12.706,-14.018,-14.555,67.359,-234.061,-41.237,18.942,-5.123,-11.992,52.489,226.29,9.389,1.655,4.609,-11.755,47.679,-400.122,110.595,2.587,-5.061,-9.978,102.885,32.901,-24.931,0,0
0,29.801,5.749,34.198,-328.892,512.273,15,5,10,0,1,12.279,-1.684,-21.323,103.069,-234.977,-48.061,8.895,-7.844,-15.079,71.969,235.725,36.275,-0.764,2.952,-21.675,61.725,-410.931,64.427,13.783,-2.587,-13.189,109.557,37.924,-26.031,0,0
0,35.089,5.869,30.95,-324.795,528.867,15,5,10,0,1,14.751,-20.238,-15.331,137.878,-233.771,-46.611,13.819,-2.656,-17.515,81.038,252.366,40.031,2.376,1.219,-12.667,42.275,-395.969,20.214,7.853,-3.791,-14.449,118.824,20.992,-25.389,0,0
0,40.549,5.95,28.053,-289.673,545.964,15,5,10,0,1,5.976,-0.297,-23.787,157.374,-251.618,-56.901,9.954,0.354,-15.053,116.809,255.344,94.504,4.416,0.667,-17.867,114.031,243.42,68.824,10.287,-0.357,-15.091,107.008,20.885,-24.901,0,0
0,46.207,5.993,25.625,-242.81,565.82,15,5,10,0,1,13.316,-7.932,-19.8,161.389,-224.779,-51.374,18.075,2.503,-12.746,102.229,276.214,93.298,4.809,4.909,-20.415,-476.641,-460.214,293.13,11.362,5.439,-10.861,75.359,16.244,-23.481,0,0
0,51.678,5.997,23.556,-206.887,547.086,15,5,10,0,1,12.955,-10.131,-19.991,210.092,-200.55,-45.099,14.887,-0.917,-19.299,73.069,277.023,110.153,6.263,3.645,-12.289,77.557,-159.084,7.573,9.29,1.923,-11.35,69.771,13.603,-22.84,0,0
0,56.667,5.962,21.791,-176.503,498.837,15,5,10,0,1,17.036,-10.313,-11.19,231.649,-171.664,-41.084,12.689,-5.784,-23.366,72.504,282.473,129.389,4.512,1.541,-33.147,-301.466,-209.603,-38.718,10.988,2.132,-10.423,64.901,20.992,-20.733,0,0
0,60.717,5.888,20.206,-158.547,405.019,15,5,10,0,1,3.779,5.7,-19.967,202.718,-124.931,-37.527,14.425,-0.505,-14.284,89.573,270.962,117.603,4.306,11.212,-25.924,379.344,408.992,255.023,10.186,2.393,-10.569,73.206,19.45,-16.412,0,0
0,64.115,5.776,18.679,-152.71,339.81,15,5,10,0,1,5.693,5.051,-17.682,175.252,-84.916,-30.656,13.522,0.443,-10.514,80.153,249.435,96.229,2.807,10.388,-24.4,-241.756,310.702,-355.664,10.536,3.825,-9.463,70.809,17.893,-14.137,0,0
0,66.979,5.625,17.067,-161.202,286.4,15,5,10,0,1,6.823,6.9,-17.144,130.351,-49.145,-20.076,12.188,2.057,-10.78,70.031,224.84,75.939,2.821,21.061,-28.549,395.45,-254.183,-232.061,10.267,1.506,-11.194,73.115,24.656,-10.84,0,0
0,69.378,5.435,15.455,-161.145,239.903,15,5,10,0,1,4.608,7.307,-17,77.176,-16.534,-5.618,12.236,1.6,-11.11,66.061,209.908,43.573,2.96,21.604,-18.025,174.519,383.13,-119.939,9.211,3.751,-10.006,71.924,21.405,-7.328,0,0
0,71.344,5.207,13.775,-168.011,196.61,15,5,10,0,1,7.077,1.097,-13.395,23.679,15.099,6.229,12.895,2.704,-11.522,51.603,203.221,14.763,1.571,21.935,-19.907,169.969,355.649,-61.191,9.678,1.15,-11.613,66.733,24.595,-5.008,0,0
0,72.882,4.939,12.2,-157.551,153.82,15,5,10,0,1,3.796,2.898,-16.348,-22.565,49.969,20.351,12.368,0.836,-10.9,39.939,194.962,-10.29,2.821,15.035,-22.734,-453.649,-192.626,-260.397,9.81,5.772,-8.761,65.298,18.076,1.16,0,0
0,74.069,4.633,10.758,-144.207,118.664,15,5,10,0,1,2.838,2.532,-17.292,-65.191,74.275,25.649,12.126,-0.081,-11.197,33.496,188.183,-29.695,3.542,8.893,-13.817,68.076,-145.313,-12.214,7.968,3.339,-10.536,43.847,17.053,-1.573,0,0
0,74.999,4.288,9.447,-131.104,93.029,15,5,10,0,1,3.087,1.626,-17.874,-95.191,98.183,30.412,10.574,1.569,-11.867,25.42,182.611,-46.229,6.129,6.318,-12.545,55.908,-130.046,-11.679,6.958,3.609,-8.351,36.031,9.878,-0.076,0,0
0,75.687,3.905,8.351,-109.566,68.791,15,5,10,0,1,1.308,1.734,-17.884,-113.206,114.107,35.16,10.919,0.697,-11.132,17.237,177.221,-54.015,1.818,9.01,-14.849,49.298,-247.649,-29.252,9.769,5.645,-9.276,4.229,17.282,-2.29,0,0
0,76.138,3.483,7.33,-102.15,45.113,15,5,10,0,1,3.868,0.433,-16.574,-122.672,136.58,41.573,10.447,-0.299,-10.598,11.237,169.13,-58.534,3.631,8.598,-12.222,32.718,-121.634,-6.656,8.845,1.394,-8.866,-7.924,8.977,-3.221,0,0
0,76.357,3.022,6.513,-81.654,21.938,15,5,10,0,1,1.138,-2.464,-15.75,-124.076,152.183,42.763,12.131,-0.865,-10.263,-2.977,166.168,-67.053,3.765,6.215,-12.998,16.412,-388.641,125.069,8.907,1.011,-10.461,-5.496,1.374,-1.756,0,0
0,76.255,2.522,5.92,-59.338,-10.254,15,5,10,0,1,3.47,0.57,-16.741,-107.725,180.397,41.847,12.148,-0.503,-11.187,-13.221,163.695,-67.267,4.139,8.603,-12.94,9.252,-84.214,10.992,7.748,3.02,-7.599,-15.206,-6.26,-2.809,0,0
0,76.229,1.983,5.451,-46.864,-2.563,15,5,10,0,1,5.839,-3.906,-12.804,-99.13,189.237,31.618,6.996,2.546,-12.373,-29.221,169.069,-47.634,3.046,8.253,-13.666,-0.229,-160.427,-117.008,7.779,1.811,-8.909,-24.672,-7.924,-3.679,0,0
0,76.024,1.406,5.147,-30.418,-20.496,15,5,10,0,1,4.555,-7.472,-14.313,-43.435,218.55,32.84,6.823,-0.565,-13.539,-22.58,176.092,-39.405,6.455,5.744,-11.29,-17.298,-250.275,-125.069,7.793,1.083,-8.174,-22.824,-27.191,-5.053,0,0
0,75.453,0.79,5.026,-12.062,-57.163,15,5,10,0,1,3.09,-4.737,-19.026,-5.084,238.153,24.168,8.591,-1.88,-13.077,-7.298,175.359,-29.252,4.68,5.449,-12.421,-17.328,-60.061,5.664,7.051,0.589,-10.069,-24.931,-30.122,-6.733,0,0
0,74.673,0.136,5.037,1.099,-77.969,15,5,10,0,1,1.061,-3.188,-19.177,30.366,248.061,12.137,6.639,-3.851,-12.701,8.626,163.13,-8.748,1.686,7.932,-14.052,-25.878,-111.756,4.672,10.972,2.747,-5.183,-33.679,-37.344,-7.344,0,0
0,73.695,0,5.016,-2.151,-97.801,15,5,10,0,1,2.577,-2.292,-20.279,52.916,261.695,2.031,6.196,-3.202,-12.643,25.756,151.695,0.947,0.484,6.529,-16.157,-35.466,-62.748,-0.763,11.851,-3.607,-11.786,-26.458,-28.824,-8.748,0,0
0,72.596,0,4.964,-5.127,-109.898,15,5,10,0,1,1.904,-1.641,-21.371,70.092,270.901,-7.466,5.825,-3.803,-12.267,40.885,140.763,6.702,2.108,5.537,-13.407,-53.817,-121.16,4.244,6.799,-0.019,-9.197,-24.137,-47.008,-8.794,0,0
0,71.326,0,4.785,-17.944,-127.03,15,5,10,0,1,2.745,-3.525,-18.803,77.954,276.031,-20.061,5.92,-4.567,-12.279,55.756,128.916,15.298,-1.183,6.095,-17.031,-38.626,-74.137,-2.931,11.424,-0.908,-10.861,-26.443,-32.244,-9.832,0,0
0,69.879,0,4.506,-27.866,-144.665,15,5,10,0,1,2.594,-0.137,-18.372,67.557,284.534,-30.519,5.437,-5.391,-12.064,78.489,114.504,17.435,-1.14,5.937,-16.253,-35.359,-78.382,-1.573,8.466,-1.207,-10.296,-19.603,-37.42,-9.328,0,0
0,68.238,0,4.151,-35.511,-164.063,15,5,10,0,1,0.261,1.209,-20.966,45.023,284.824,-41.023,5.312,-5.315,-10.433,105.496,99.847,14.412,3.77,2.936,-12.116,-27.328,-79.893,-4.198,9.472,1.267,-7.779,-15.954,-42.611,-4.901,0,0
0,66.47,0,3.756,-39.539,-176.892,15,5,10,0,1,3.166,-0.331,-20.604,25.679,288.412,-47.053,5.698,-4.076,-11.419,123.802,85.511,6.733,2.213,4.404,-12.876,-8.962,-82.687,-3.878,8.162,-3.509,-11.309,8.718,-39.313,-6.183,0,0
0,64.595,0,3.419,-33.68,-187.477,15,5,10,0,1,3.913,0.563,-22.719,5.74,290.031,-48.489,4.122,-1.751,-10.969,142.153,72.595,-4.29,4.886,2.259,-11.772,6.672,417.817,-29.435,11.4,2.405,-6.373,8.763,-45.878,-1.74,0,0
0,62.635,0,3.104,-31.529,-195.969,15,5,10,0,1,1.672,0.742,-22.669,3.435,286.122,-48.29,4.419,0.129,-11.348,144.626,63.176,-20.031,1.104,4.888,-15.764,19.13,-159.344,-33.038,10.54,-1.947,-11.388,22.779,-42.244,-5.13,0,0
0,60.57,0,2.884,-22.007,-206.463,15,5,10,0,0,3.039,-3.032,-23.138,-2.412,274.046,-42.229,6.275,1.751,-8.014,133.221,55.771,-35.924,-0.898,6.117,-17.464,34.672,-79.069,-13.099,9.487,1.662,-9.942,19.878,-46.962,-3.542,0,0
0,58.457,0,2.675,-20.817,-211.327,15,5,10,0,0,2.826,-4.737,-22.968,10.55,270.244,-36.565,4.23,2.838,-8.653,109.282,44.656,-46.84,-0.433,6.659,-24.731,73.084,-305.603,-45.863,11.008,1.339,-7.762,19.298,-48.366,-2.229,0,0
0,56.278,0,2.558,-11.73,-217.93,15,5,10,0,0,2.611,-4.33,-24.343,17.038,256.321,-29.802,3.696,5.65,-7.166,74.214,34.076,-49.908,3.861,6.116,-22.053,373.481,488.534,-117.985,11.103,1.976,-6.752,27.359,-65.099,0.107,0,0
0,54.117,0,2.577,1.854,-216.065,15,5,10,0,0,0.594,-3.614,-26.17,18.031,240.122,-23.588,2.805,4.857,-7.046,43.252,18.84,-51.42,2.551,7.18,-14.341,49.252,-67.939,-23.664,9.616,2.642,-8.799,18.076,-65.924,-5.802,0,0
0,52.016,0,2.587,1.041,-210.148,15,5,10,0,0,1.277,-4.598,-26.87,7.832,210.321,-19.237,2.958,2.555,-6.074,16.443,3.038,-40.214,4.869,8.155,-14.444,36.718,-138.305,-36.977,10.579,1.13,-9.566,21.42,-68.351,-6.656,0,0
0,50.085,0,2.631,4.395,-193.039,15,5,10,0,0,-0.529,-5.801,-27.021,4.473,178.611,-14.031,3.827,1.344,-4.213,6.198,-12.87,-29.282,5.01,7.537,-14.384,26.382,-62.702,-30.046,11.537,1.597,-7.235,19.267,-72.321,-3.298,0,0
0,48.338,0,2.638,0.71,-174.706,15,5,10,0,0,0.357,-5.794,-27.33,-4.87,143.115,-6.397,4.031,1.049,-5.257,5.74,-27.206,-23.008,6.464,7.578,-11.211,24.397,-50.809,-11.863,9.961,1.068,-9.149,24.351,-79.252,-1.313,0,0
0,46.786,0,2.683,4.44,-155.239,15,5,10,0,0,-0.089,-5.82,-25.974,-12.031,108.565,3.817,3.351,1.449,-4.826,11.634,-42.519,-19.053,5.729,6.033,-12.698,28.351,-52.366,-10.809,14.483,-0.026,-8.325,16.092,-73.069,2.29,0,0
0,45.383,0,2.756,7.313,-140.282,15,5,10,0,0,0.826,-6.601,-25.768,-12.885,107.038,5.038,4.167,1.88,-4.323,13.359,-54.092,-15.313,6.617,4.78,-13.759,32.351,-52.183,-2.183,8.294,-2.642,-14.243,35.542,-81.374,5.939,0,0
0,44.215,0,3.162,40.672,-116.844,15,5,10,0,0,0.072,-6.05,-25.931,-33.237,45.099,24.763,4.871,2.251,-4.148,9.374,-62.947,-9.664,7.554,3.885,-12.818,40.473,-37.695,1.115,9.183,3.892,-8.694,34.824,-103.496,11.13,0,0
0,43.164,0,3.836,67.337,-105.046,15,5,10,0,0,1.176,-7.173,-24.939,-39.603,16.122,34.58,5.257,2.778,-5.204,-2,-70.824,-1.023,6.512,6.04,-13.673,51.893,-29.588,-3.237,11.69,3.576,-8.708,22.275,-101.695,8.26,0,0
0,42.299,0,4.613,77.683,-86.472,15,5,10,0,0,1.847,-3.822,-25.426,-47.176,-11.634,32.275,11.621,0.491,-2.864,-12.321,-73.099,2.015,6.05,4.946,-14.016,56.198,-29.573,-4.55,10.895,-0.728,-10.924,20.809,-105.771,8.366,0,0
0,41.611,0,5.502,88.932,-68.859,15,5,10,0,0,7.228,-2.285,-23.572,-47.13,-14.015,22.901,13.345,-3.104,-4.905,-34.061,-70.122,8.611,4.539,5.724,-14.104,56.061,-27.069,-4.031,12.351,0.793,-7.214,19.664,-108.061,11.267,0,0
0,41.084,0,6.414,91.21,-52.7,15,5,10,0,0,2.84,-2.206,-28.415,-37.267,-43.863,5.237,9.3,-2.493,-5.885,-20.473,-74.214,25.603,6.663,4.922,-10.902,60.534,-16.947,-2.382,13.767,-1.983,-7.453,32.305,-115.954,13.725,0,0
0,40.732,0,7.374,95.993,-35.145,15,5,10,0,0,5.03,-2.309,-21.067,-3.023,-66.962,-15.359,7.645,-5.717,-8.052,-14.611,-90.366,38.397,6.153,5.137,-11.901,63.725,-15.786,5.573,11.791,-2.184,-9.137,45.176,-111.969,18.809,0,0
0,40.582,0,8.421,104.691,-15.026,15,5,10,1,0,11.357,-3.866,-6.244,23.588,-52.153,-30.626,14.104,-3.209,-6.946,13.664,-90.931,49.74,6.095,5.583,-12.267,66.748,-4.504,9.603,13.841,1.19,-6.421,50.504,-119.191,23.985,1,0
0,40.612,0,9.468,104.702,2.941,5,5,10,1,0,17.333,-4.594,-5.173,29.908,-35.847,-25.069,14.727,-4.701,-5.722,48.275,-59.053,46.687,6.847,7.662,-11.908,61.298,-0.641,12.58,13.659,0.805,-9.068,45.328,-122.489,23.695,0,0
0.655,40.714,0,10.501,103.34,10.242,5,15,10,1,0,21.265,-5.796,-9.891,42.733,-41.832,-2.84,12.533,-0.398,-5.24,76.84,-34.137,58.26,8.816,7.963,-12.399,49.374,0.412,17.237,13.062,-1.643,-9.513,39.191,-125.267,24.519,0,0
1.273,41.3,0,11.65,114.922,58.594,5,15,10,1,0,5.952,-2.819,-15.4,12.107,-99.389,9.786,7.281,3.449,-0.259,96.412,-22.504,79.206,9.98,7.736,-12.107,32.183,12.87,17.282,16.842,-0.699,-6.27,38.626,-131.878,26.412,0,0
1.852,42.439,0,13.043,139.241,113.869,5,15,10,1,0,0.618,-7.096,-16.015,21.634,-123.389,8.031,1.526,2.062,0.046,75.008,-32.489,87.74,11.213,6.867,-10.634,12.183,34.443,16.061,16.897,3.046,-4.704,24.443,-146.122,22.824,0,0
2.394,43.498,0,14.698,165.528,105.892,5,15,10,1,0,0.431,-4.78,-20.121,69.252,-115.924,2.519,1.7,-3.037,-5.425,39.954,-59.603,85.832,10.358,6.213,-10.222,-3.038,47.71,16.901,14.466,0.85,-6.869,5.908,-147.099,17.389,0,0
2.897,44.025,0,16.511,181.252,52.723,5,15,10,1,0,7.408,-2.242,-19.436,91.71,-87.496,-14.168,10.095,-5.145,-8.881,32.885,-76.473,70.29,12.447,7.173,-5.837,-18.031,66.489,16.611,10.402,0.513,-5.461,-9.084,-163.481,17.13,0,0
3.363,43.963,0,18.667,215.641,-6.226,5,15,10,1,0,11.202,-1.257,-19.694,90.641,-60.84,-17.313,13.561,-2.747,-12.413,30.046,-90.626,50.595,12.018,5.473,-5.856,-30.29,91.282,6.366,15.611,1.207,-2.702,-19.863,-164.076,16.763,0,0
3.791,43.332,0,21.154,248.658,-63.046,5,15,10,1,0,10.581,0.283,-18.114,68.809,-51.038,2.855,13.922,3.969,-10.349,39.618,-108.168,33.954,9.666,8.155,-6.555,-36.107,111.038,8.611,16.42,1.514,-2.194,-20.748,-157.695,16.824,0,0
4.181,42.219,0,23.882,272.828,-111.283,5,15,10,1,0,12.057,5.583,-17.893,13.374,-28.779,20.366,13.822,3.959,-9.458,21.573,-130.427,11.71,10.224,7.341,-5.803,-41.954,136.366,5.115,17.797,1.966,0.16,-35.679,-160.122,14.992,0,0
4.534,40.71,0,26.731,284.924,-150.879,5,15,10,1,0,11.364,-1.902,-13.848,-39.496,-12.137,31.969,15.635,-0.716,-8.816,16.29,-149.405,-5.221,9.446,8.167,-7.705,-48.061,157.084,6.473,15.417,3.24,-5.18,-32.55,-142.702,17.847,0,0
4.848,38.59,0,29.774,304.322,-212.014,5,15,10,1,0,9.597,2.565,-18.724,-82.168,16.351,37.237,14.315,-0.529,-13.4,-1.221,-168.672,-10.916,8.754,8.196,-8.747,-62.641,176.641,5.237,16.827,2.551,-13.062,-40.809,-139.389,21.542,0,0
5.124,36.041,0,33.056,328.16,-254.883,5,15,10,1,0,9.527,-1.066,-17.711,-98.992,44.962,33.344,12.739,2.546,-13.477,-0.809,-179.084,-7.038,6.514,9.405,-10.869,-78.87,190,2.122,12.619,5.243,-16.48,-62.336,-157.695,17.328,0,0
5.363,33.023,0,36.678,362.183,-301.827,5,15,10,1,0,9.59,-6.373,-11.453,-122.443,49.664,33.496,13.477,1.372,-11.187,-23.42,-191.939,-9.069,5.822,10.169,-12.351,-97.924,202.885,-8.901,12.488,7.046,-17.563,-91.252,-181.908,16.58,0,0
5.564,29.801,0,40.593,391.503,-322.243,5,15,10,1,0,5.966,6.538,-13.103,-148.137,53.313,49.344,5.782,2.515,-7.923,-36.336,-209.115,1.481,5.58,7.777,-15.769,-123.542,-144.809,-90.809,16.758,0.965,-20.686,-122.855,-192.153,16.489,0,0
5.727,26.439,0,44.778,418.534,-336.148,5,15,10,1,0,6.347,5.152,-16.712,-168.87,42.168,45.969,7.202,5.19,-5.614,-59.145,-205.832,-2.26,6.977,6.711,-16.756,-114.275,223.664,-43.344,15.671,-1.229,-19.601,-156.366,-197.038,12.107,0,0
5.852,23.484,0,49.019,424.107,-295.567,5,15,10,1,0,7.88,-1.142,-16.509,-164.366,17.939,35.679,10.66,4.615,-5.619,-82.198,-186.992,-6.153,1.677,5.974,-25.828,-235.45,472.718,-231.267,12.277,1.008,-16.037,-170.58,-184.168,21.817,0,0
5.939,21.159,0,53.29,427.026,-232.499,5,15,10,1,0,6.177,-5.748,-16.066,-123.588,4.031,32.504,12.708,5.628,-5.633,-93.863,-159.634,0.321,0.738,5.742,28.779,48.626,-122.672,-245.252,16.233,1.145,-14.643,-157.863,-162.763,23.008,0,0
5.988,19.565,0,57.504,421.464,-159.359,5,15,10,1,0,5.58,-7.822,-14.317,-78.046,-6.901,32,12.897,0.819,-7.195,-106.947,-133.389,6.519,8.756,4.988,-30.067,-210.565,493.145,-146.748,16.389,4.067,-18.308,-132.107,-148.153,18.366,0,0
5.999,18.269,0,61.61,410.535,-129.639,5,15,10,1,0,4.443,-6.716,-14.099,-28.366,-7.42,34.58,11.005,-3.341,-9.139,-99.939,-123.847,17.893,9.151,0.671,-18.171,-90.611,250.015,-65.389,9.027,6.043,-19.165,-141.893,-133.954,-1.313,0,0
5.973,17.09,0,65.458,384.877,-117.874,5,15,10,1,0,6.316,-3.966,-13.494,-24.122,-6.122,29.695,9.551,-4.836,-9.865,-84.534,-126.046,25.771,10.773,3.346,-13.824,-59.664,496.656,-124.794,6.124,3.087,-14.317,-136.611,-128.031,-8.794,0,0
5.908,15.9,0,68.809,335.084,-119.007,5,15,10,1,0,6.857,-3.815,-13.441,-24.244,-4.031,29.221,8.751,-5.475,-10.155,-68.824,-130.229,29.939,9.355,1.449,-15.232,-42.473,452.565,-248,13.642,-3.53,-12.059,-117.786,-77.344,-6.763,0,0
5.806,14.566,0,71.636,282.67,-133.358,5,15,10,1,0,5.025,-5.233,-15.398,-26,3.13,27.466,7.999,-6.103,-10.457,-54.702,-140.458,26.443,8.62,1.887,-13.678,-39.023,444.046,-84.153,9.659,-6.416,-11.556,-77.237,-35.221,0.55,0,0
5.666,13.088,0,74.035,239.88,-147.869,5,15,10,1,0,6.754,-5.238,-14.416,-47.435,2.947,20.351,8.488,-4.943,-8.802,-49.634,-141.221,25.511,5.367,2.924,-14.713,-20.107,213.45,-30.29,9.932,-7.393,-11.513,-21.084,6.26,11.573,0,0
5.488,11.652,0,75.998,196.335,-143.555,5,15,10,1,0,8.22,-7.683,-14.389,-46.87,11.252,16.656,9.072,-4.579,-10.349,-43.679,-138.855,23.634,4.129,3.329,-15.57,-21.954,400.412,-89.771,11.008,-5.291,-10.905,20.336,47.603,15.573,0,0
5.272,10.227,0,77.558,155.96,-142.456,5,15,10,1,0,7.087,-3.964,-14.899,-42.885,8.702,13.084,10.581,-4.21,-9.108,-43.13,-137.038,22.947,3.403,2.587,-15.034,-24.916,381.786,-5.038,8.797,-4.148,-14.696,60.244,78.229,10.748,0,0
5.018,8.971,0,78.767,120.919,-125.679,5,15,10,1,0,7.983,-6.021,-13.932,-38.412,7.084,8.901,11.008,-2.189,-10.263,-45.221,-131.527,27.053,1.741,3.593,-15.127,-21.924,183.267,19.725,8.028,-0.553,-14.842,74.153,100.534,4.656,0,0
4.727,7.74,0,79.671,90.443,-123.024,5,15,10,1,0,6.883,-6.378,-13.271,-14.122,10.977,12.855,8.596,-1.983,-9.98,-42.214,-131.557,28.565,2.488,3.561,-13.625,-13.191,358.84,72.672,4.45,-0.395,-16.703,85.786,107.664,0.229,0,0
4.397,6.546,0,80.279,60.803,-119.396,5,15,10,1,0,3.966,-0.448,-13.362,-17.42,2.183,11.664,10.684,0.314,-8.215,-40.229,-130.458,27.237,3.221,2.845,-14.286,0.092,175.069,23.924,4.378,2.244,-15.989,75.176,138.122,-5.405,0,0
4.03,5.507,0,80.597,31.815,-103.947,5,15,10,1,0,6.392,-4.136,-12.411,-13.817,-0.137,11.634,10.399,1.667,-8.653,-47.344,-124.076,20.779,2.685,2.579,-14.708,15.13,168.794,50.382,6.986,0.11,-15.388,66.626,159.969,-2.672,0,0
3.625,4.455,0,80.725,12.795,-105.183,5,15,10,1,0,7.633,-3.631,-11.721,3.847,4.244,15.511,8.373,0.57,-8.931,-48.519,-124.534,15.695,2.165,4.488,-15.759,33.893,164.977,33.008,9.338,1.286,-13.314,50.779,182.397,1.71,0,0
3.181,3.354,0,80.649,-7.633,-110.15,5,15,10,1,0,6.16,0.422,-12.519,-7.771,-1.756,14.397,8.536,1.42,-9.283,-48.473,-122.489,12.366,2.709,5.382,-14.65,43.969,319.573,42.809,6.366,0.778,-12.047,37.634,193.756,10.489,0,0
2.7,2.397,0,80.305,-34.412,-95.65,5,15,10,1,0,5.386,-3.14,-13,-14.87,-8.565,13.191,10.531,0.86,-8.656,-56.672,-115.115,9.466,3.411,4.624,-19.601,80.794,304.611,5.008,8.263,0.414,-11.429,9.282,221.878,14.595,0,0
2.182,1.552,0,79.532,-77.271,-84.538,5,15,10,1,0,7.664,-4.73,-12.837,-1.435,-8.382,14.473,11.012,0.307,-12.04,-61.206,-109.74,8.779,1.08,6.313,-14.919,31.298,139.298,13.649,6.926,-3.648,-14.471,8.458,247.038,18.656,0,0
1.625,0.819,0,78.477,-105.538,-73.265,5,15,10,1,0,2.484,-4.263,-12.768,4.214,-15.908,13.496,10.145,-0.953,-10.852,-54.122,-103.069,11.374,-0.63,7.003,-16.219,0.977,258.076,1.038,8.984,-1.308,-13.201,3.695,267.954,26.992,0,0
1.03,0.256,0,77.126,-135.075,-56.362,5,15,10,1,0,3.554,-2.247,-15.146,1.13,-21.267,12.107,11.958,-4.052,-10.586,-46.656,-92.718,7.954,-0.759,7.185,-15.103,1.466,118.015,-0.84,8.936,-0.558,-14.471,5.206,279.145,36.153,0,0
0.398,-0.064,0,75.544,-158.215,-31.941,5,15,10,1,0,6.502,-5.365,-12.725,11.267,-27.893,8.84,12.001,-3.178,-11.233,-38.015,-83.145,11.664,0.307,7.831,-25.54,-84.641,-130.565,11.481,7.621,-0.254,-17.369,9.481,286.351,41.527,0,0
0,-0.041,0,73.771,-177.304,2.254,5,15,10,1,0,8.581,-5.818,-10.909,18,-34.962,5.588,9.951,-4.917,-10.624,-28.473,-67.282,14.58,-1.969,1.402,-34.297,-148.153,-211.42,5.13,7.061,1.341,-15.968,2.122,294.107,42.626,0,0
0,-0.096,0,71.79,-198.12,-5.493,5,15,10,1,0,5.214,-4.862,-13.882,36.229,-34.153,9.573,10.488,-3.475,-10.651,-10.046,-72.122,10.092,-2.891,6.059,-14.734,-21.924,173.649,5.221,5.47,1.209,-17.038,1.42,298.183,45.069,0,0
0,-0.191,0,69.564,-222.599,-9.499,5,15,10,1,0,7.147,-4.208,-11.314,33.023,-37.557,7.954,7.532,-5.097,-9.796,10.626,-78.748,9.74,-3.66,6.095,-15.975,-28.58,148.885,4.885,6.809,0.611,-16.454,-11.725,312.305,47.099,0,0
0,-0.639,0,67.169,-239.468,-44.758,5,15,10,1,0,8.991,-5.281,-10.514,34.382,-28.137,6.824,4.9,-2.893,-10.643,31.466,-98.763,10.443,-1.586,5.553,-17.623,-146.321,281.756,-16,6.399,3.48,-14.303,-8.198,310.229,50.366,0,0
0,-1.459,0,64.601,-256.794,-82.031,5,15,10,1,0,6.95,-1.114,-11.379,7.618,-20.321,8.748,6.673,-0.266,-10.224,35.389,-118.351,1.786,-4.627,5.988,-15.235,-47.023,52.992,3.649,5.844,-2.309,-19.8,10.366,311.237,46.336,0,0
0,-2.539,0,61.961,-263.958,-107.987,5,15,10,1,0,8.66,-3.719,-10.624,-7.359,-14.336,8.855,7.35,1.605,-9.566,23.649,-127.42,0.824,-4.675,5.487,-15.388,-66.046,44,7.893,7.274,1.324,-17.033,4.031,313.756,44.229,0,0
0,-3.795,0,59.262,-269.978,-125.599,5,15,10,1,0,6.981,-2.783,-10.421,-27.771,-13.985,10.031,10.047,2.764,-8.095,-0.321,-128.931,2.244,-4.491,5.808,-15.172,-71.511,62.718,22.473,9.159,-0.081,-18.185,18.275,309.527,39.863,0,0
0,-5.03,0,56.603,-265.824,-123.471,5,15,10,1,0,5.087,-2.632,-10.897,-49.618,-20.885,8.321,13.235,4.481,-6.919,-27.115,-118.031,5.771,0.726,4.318,-10.869,-66.443,73.405,30.046,11.151,1.868,-18.703,30.321,297.267,38.153,0,0
0,-6.186,0,53.952,-265.103,-115.677,5,15,10,0,0,5.942,-4.045,-10.56,-60.244,-23.282,7.573,14.006,1.708,-6.598,-56.305,-103.511,9.847,-1.236,4.771,-10.481,-51.008,26.443,113.832,9.707,3.911,-21.395,34.153,280.641,32.763,0,0
0,-7.091,0,51.367,-258.58,-90.466,5,15,10,0,0,4.761,-5.353,-8.893,-68.076,-36.412,4.107,16.657,0.151,-4.462,-73.939,-80.748,21.038,-1.89,2.166,-10.318,-179.664,192.733,222.29,8.711,3.039,-23.184,26.305,261.145,27.511,0,0
0,-7.666,0,48.854,-251.21,-57.507,5,15,10,0,0,1.583,-5.681,-11.288,-63.588,-52.702,2.183,17.654,-0.85,-4.543,-77.817,-63.099,20.626,-1.727,2.591,-7.834,0.031,26.565,130.931,5.331,4.086,-24.985,12.87,235.481,21.374,0,0
0,-7.714,0,46.528,-232.602,-4.749,5,15,10,0,0,7.472,-9.103,-8.51,-53.802,-69.206,-3.511,13.611,-6.538,-6.986,-76.427,-40.58,24.534,-2.187,3.219,-5.858,47.313,4.244,51.603,5.398,3.461,-24.278,13.603,194.901,17.42,0,0
0,-7.648,0,44.387,-214.188,6.557,5,15,10,0,0,16.274,-13.189,-5.75,-10.931,-62.015,-3.16,5.415,-7.3,-10.878,-48.992,-48.107,28.962,-2.335,6.644,1.399,126.55,-62.534,133.863,4.455,7.175,-20.576,21.267,153.359,11.359,0,0
0,-7.512,0,42.548,-183.838,13.607,5,15,10,0,0,4.414,-0.678,-15.735,-14.977,-79.969,-1.969,13.793,-2.716,-7.846,-31.893,-53.267,16.321,3.957,6.543,-0.661,53.786,-52.366,17.954,8.773,-1.892,-25.006,47.847,103.679,14.901,0,0
0,-7.014,0,41.178,-136.997,49.782,5,15,10,0,0,2.105,-1.487,-16.042,-15.786,-85.145,-3.573,12.478,-2.306,-9.02,-26.901,-46.58,23.038,3.181,7.666,-3.832,39.267,-42.26,27.115,6.356,1.823,-25.974,82.809,74.901,21.221,0,0
0,-6.238,0,40.355,-82.363,77.648,5,15,10,0,0,8.469,-5.516,-12.258,2.321,-107.893,-16.947,13,-2.419,-8.845,-25.847,-37.16,27.985,-0.977,6.491,-1.327,13.542,-171.847,24.55,5.487,10.699,-31.456,79.389,14.473,11.527,0,0
0,-5.315,0,40.043,-31.151,92.32,5,15,10,0,0,9.379,-5.403,-11.161,11.725,-110.87,-19.389,10.895,-0.972,-10.701,-30.061,-38.061,26.84,1.049,6.567,-3.547,-10.214,-59.603,1.893,-2.036,9.137,-37.044,45.389,-70.626,1.618,0,0
0,-4.378,0,40.34,29.686,93.693,5,15,10,0,0,9.357,-0.805,-14.483,8.061,-109.679,-17.634,11.293,0.117,-10.366,-31.878,-41.237,18.275,-2.582,17.282,-5.01,-150.244,-495.16,-109.557,-1.253,6.447,-33.3,5.908,-134.321,1.466,0,0
0,-3.469,0,41.215,87.49,90.866,5,15,10,0,0,11.103,-0.915,-12.526,-6.366,-112.534,-21.679,11.321,0.975,-10.677,-41.45,-41.45,12.626,-0.474,2.612,-11.946,-90.366,-304.626,-362.504,6.649,4.06,-14.744,-34.092,-168.611,6.87,0,0
0,-2.627,0,42.285,106.98,84.16,5,15,10,0,1,9.518,-1.152,-11.769,-26.046,-113.725,-25.099,12.924,-0.429,-9.113,-53.527,-37.267,7.832,0.182,26.519,-28.094,-139.527,-382.611,-256.489,16.351,6.364,6.287,-107.42,-121.74,16.718,0,1
0,-1.898,0,43.101,81.631,72.922,5,5,10,0,1,11.4,-2.366,-10.77,-44.412,-107.695,-25.206,14.868,-0.223,-10.723,-65.573,-34.26,-1.71,9.23,7.55,-20.717,-196.443,-307.13,-308.458,26.178,-0.06,13.623,-126.305,-77.328,20.916,0,0
0,-1.264,0.662,43.31,20.908,63.366,5,5,10,0,1,14.44,-2.85,-10.825,-58.153,-107.863,-28.092,14.94,-1.346,-9.19,-68.672,-29.176,-5.924,8.133,7.306,-15.184,-259.924,-121.847,-251.908,13.707,-15.201,-9.592,-95.985,-47.908,8.901,0,0
0,-0.624,1.286,43.292,-1.808,64.087,5,5,10,0,1,12.452,-2.644,-9.178,-76.382,-108.901,-30.794,17.896,-0.498,-9.336,-71.191,-20.626,-12.214,4.529,-4.318,-8.011,-174.214,-104.565,-236.092,1.528,-10.179,-21.771,-48.702,-87.908,-4.534,0,0
0,0.083,1.871,43.862,57.049,70.679,5,5,10,0,1,12.732,-3.348,-9.511,-79.298,-107.649,-34.824,19.136,-0.199,-9.326,-67.023,-8.427,-12.321,1.083,-5.293,4.115,-314.947,-98.214,-244.947,7.317,-0.908,-22.635,-8.473,-131.863,-15.908,0,0
0,0.962,2.417,44.918,105.538,87.845,5,5,10,0,1,10.414,-2.594,-10.061,-75.634,-112.412,-34.855,19.141,-1.626,-9.353,-62.779,0.443,-11.389,1.614,-2.618,-2.951,-80.916,-55.908,-61.71,9.345,9.566,-16.32,-35.176,-141.053,-22.519,0,0
0,2.057,2.925,45.815,89.733,109.566,15,5,10,0,1,12.679,-5.149,-8.411,-64.656,-122,-39.802,16.303,-1.887,-7.281,-52.168,11.542,-5.802,2.888,2.607,-9.906,3.466,-148.137,-115.664,9.262,5.868,-13.141,-82.443,-100.962,-23.511,0,0
0,3.419,3.394,46.086,27.077,136.174,15,5,10,0,1,9.151,-2.359,-10.114,-55.084,-126.84,-39.084,15.886,-0.884,-5.813,-41.45,20.977,-8.198,3.722,5.857,-38.914,368.107,248.29,267.237,14.315,-8.888,-16.32,-66.305,-51.252,-12.931,0,0
0,5.064,3.824,45.679,-40.695,164.463,15,5,10,0,1,8.55,-4.148,-9.793,-34.641,-137.618,-40.595,15.465,0.235,-4.967,-35.252,40.519,-12.015,3.327,3.782,-17.917,33.389,-119.74,-31.74,14.025,-12.813,-19.416,-14.153,-40.275,-5.893,0,0
0,7.114,4.215,44.822,-85.682,205.079,15,5,10,0,1,9.695,-3.537,-11.369,-19.084,-146.031,-41.649,19.292,0.903,-4.711,-36.702,66.275,-16.504,1.004,2.455,-18.755,7.695,-147.344,-12.489,17.338,-3.058,-15.536,18.794,-21.847,-17.847,0,0
0,9.568,4.567,43.434,-138.794,245.385,15,5,10,0,1,10.26,-5.966,-7.029,-3.099,-159.191,-48.046,16.454,-0.338,-2.802,-28.977,97.221,-18.092,2.795,2.577,-16.835,5.557,-149.206,-10.366,19.505,2.021,-11.475,51.969,-14.26,-21.252,0,0
0,12.252,4.881,41.471,-196.301,268.387,15,5,10,0,1,15.632,-2.445,-8.682,-2.916,-154.26,-42.504,15.745,-2.005,-6.146,-28.58,119.405,-17.985,2.728,6.273,-18.638,33.74,-184.992,7.74,13.553,-1.298,-17.354,59.634,26.092,-16.87,0,0
0,15.101,5.156,38.86,-261.075,284.89,15,5,10,0,1,7.791,-7.35,-12.555,-1.344,-165.267,-33.282,17.105,0.019,-6.522,-12.351,138.519,-23.511,2.141,4.586,-19.335,39.069,-199.786,28.122,14.334,-0.821,-12.586,59.924,50.321,-3.832,0,0
0,18.397,5.393,35.605,-325.528,329.625,15,5,10,0,1,10.054,-8.632,-11.985,-2.061,-170.092,-34.351,16.902,-3.482,-5.849,1.313,165.511,-21.969,-0.968,3.154,-18.717,50.595,-215.924,16.29,19.028,-9.614,-16.868,87.725,73.649,0.687,0,0
0,22.132,5.59,32.027,-357.846,373.502,15,5,10,0,1,10.948,-4.807,-19.515,31.221,-194.565,-28.641,16.298,-7.41,-9.302,16.641,182.26,-4.779,1.334,4.246,-12.502,42.244,-218.656,24.489,2.031,-7.702,-6.792,121.511,42.122,-16.015,0,0
0,26.37,5.749,28.284,-374.28,423.764,15,5,10,0,1,8.366,-7.396,-18.183,58.122,-212.076,-33.618,15.479,-6.821,-11.58,36.26,201.74,10.046,-2.11,2.63,-14.804,42.87,-226.565,16.122,9.994,-8.263,-18.619,148.748,44.916,-15.939,0,0
0,30.874,5.869,24.845,-343.884,450.395,15,5,10,0,1,10.018,-6.574,-20.798,84.061,-218.092,-43.496,11.834,-8.32,-10.708,58.687,211.084,26.611,4.115,1.37,-10.73,42.366,-428.672,42.321,8.208,-3.08,-14.686,155.908,19.618,-8.824,0,0
0,35.612,5.95,22.114,-273.125,473.844,15,5,10,0,1,11.81,-9.044,-15.05,107.435,-220.061,-47.13,11.228,-6.917,-12.016,75.405,216.427,38.87,7.559,3.479,-11.453,205.16,-476.824,272.611,11.017,8.754,-11.209,118.137,9.908,-8.076,0,0
0,40.366,5.993,20.048,-206.589,475.4,15,5,10,0,1,12.076,-3.451,-21.898,118.351,-204.977,-45.374,14.679,-3.03,-11.467,98.87,235.511,65.298,7.312,0.946,-12.634,67.206,-157.557,20.519,8.603,6.244,-12.107,69.924,7.023,-16.794,0,0
0,45.156,5.997,18.444,-160.412,479.016,15,5,10,0,1,11.06,-16.523,-18.569,144.244,-229.038,-55.695,9.542,-5.734,-14.478,115.557,240.718,109.557,3.252,6.294,-14.255,72.718,-141.282,-6.824,11.221,4.488,-8.83,19.511,7.099,-19.771,0,0
0,49.928,5.962,17.045,-139.893,477.128,15,5,10,0,1,12.873,-11.01,-18.803,165.847,-192.977,-46.351,13.764,1.497,-10.548,104.855,233.282,91.573,7.171,5.602,-12.004,67.786,-268.168,-28.58,7.935,-1.617,-11.213,29.008,3.053,-16.214,0,0
0,54.535,5.888,16.038,-100.662,460.706,15,5,10,0,1,-11.894,2.359,-20.81,193.115,-179.802,-33.038,30.417,-1.574,-8.421,88.809,249.145,81.588,2.632,7.633,-13.68,63.176,-124.87,-13.832,12.576,4.785,-6.653,26.305,11.084,-11.008,0,0
0,58.321,5.776,14.892,-114.67,378.663,15,5,10,0,1,9.12,-4.524,-16.511,204.824,-127.756,-38.351,25.967,0.536,-11.149,79.481,252.962,102.534,0.254,0.241,-19.452,122.641,-266.092,-33.771,11.958,2.946,-8.138,15.863,16.58,-14.824,0,0
0,61.548,5.625,13.397,-149.426,322.61,15,5,10,0,1,10.473,-0.716,-13.989,175.42,-85.527,-34.061,12.694,-1.118,-11.503,82.382,234.595,93.038,2.017,5.625,-21.799,112.962,429.359,-52.092,8.193,-10.205,-17.759,61.237,13.008,-5.359,0,0
0,64.221,5.435,12.995,-40.26,267.346,15,5,10,0,1,5.398,4,-15.354,137.099,-57.847,-28.672,12.004,-0.944,-9.985,79.099,217.649,74.275,3.593,17.896,-7.827,261.481,33.695,-462.656,12.346,9.875,-0.342,112.626,-46.015,16.947,0,0
0,66.597,5.207,13.325,33.016,237.648,15,5,10,0,1,5.353,4.251,-16.099,93.038,-31.771,-23.832,11.096,-1.298,-10.009,77.267,196.992,55.634,8.651,18.9,-38.799,-128.748,412.565,-129.954,9.283,18.42,-7.039,13.618,-18.275,-4.168,0,0
0,68.63,4.939,13.343,1.808,203.293,15,5,10,0,1,9.719,-0.735,-14.507,56.504,-2.183,-17.069,12.291,-1.284,-10.55,68.672,187.603,32.29,-6.146,19.893,-16.78,95.298,-76.076,-49.252,33.949,4.349,3.822,-55.588,26.824,-6.656,0,0
0,70.406,4.633,12.064,-127.865,177.567,15,5,10,0,1,5.202,-0.838,-16.466,20.733,17.649,-7.634,12.138,0.493,-11.606,59.878,184.641,11.603,-3.657,8.13,-10.414,64.046,-275.16,-49.618,-0.845,-11.896,-14.813,-25.344,26.26,-9.13,0,0
0,71.846,4.288,10.259,-180.531,143.978,15,5,10,0,1,5.427,0.311,-16.77,-6.122,45.313,-1.496,12.665,-2.402,-11.228,60.779,182.031,-6.275,-0.821,1.7,-7.094,-5.847,-309.496,10.748,4.378,-13.915,-14.72,84.382,-0.87,8.275,0,0
0,73.051,3.905,8.794,-146.473,120.507,15,5,10,0,1,4.153,1.044,-16.655,-36.397,65.344,-2.763,11.652,-1.95,-10.778,61.374,178.427,-16.885,1.54,3.406,-10.986,8.351,-272.458,25.893,11.283,7.717,-7.999,101.145,-10.29,12.092,0,0
0,74.024,3.483,7.428,-136.574,97.355,15,5,10,0,1,4.124,0.398,-17.187,-57.13,89.084,-5.008,11.676,-1.545,-10.294,62.229,177.252,-25.649,8.641,4.813,-11.506,317.16,52.519,220.336,12.102,5.058,-8.308,64.626,-6.275,3.527,0,0
0,74.812,3.022,6.239,-118.996,78.758,15,5,10,0,1,4.182,-0.457,-16.411,-71.878,107.71,-3.832,10.598,-0.613,-9.561,61.511,174.687,-31.817,1.188,8.274,-12.425,135.954,-398.656,28.702,9.769,3.767,-9.034,44.214,-6.534,2.595,0,0
0,75.398,2.522,5.399,-83.908,58.548,15,5,10,0,1,3.947,-0.627,-16.097,-77.496,130.473,0.672,11.41,-0.996,-10.26,53.252,171.557,-40.336,6.026,9.9,-27.102,-467.695,-361.527,136.794,9.065,4.179,-9.348,2.214,-18.58,-1.496,0,0
0,75.771,1.983,4.945,-45.422,37.354,15,5,10,0,1,6.237,-1.142,-14.916,-77.221,153.588,3.313,11.012,0.467,-12.037,35.008,170.824,-43.008,9.041,6.295,-16.368,97.695,-134.382,22.412,6.486,-1.291,-11.293,0.733,-34.87,-4.519,0,0
0,75.827,1.406,4.971,2.621,5.573,15,5,10,0,1,4.855,-1.3,-16.882,-64.718,179.969,6.885,9.444,0.18,-12.449,28.382,167.344,-46.183,4.227,9.064,-21.919,63.038,-224.611,0,11.096,2.453,-8.881,-14.733,-31.847,-4.58,0,0
0,75.771,0.79,5.004,3.262,-5.573,15,5,10,0,1,-1.315,11.724,-26.978,-66.748,191.817,4.443,14.186,-1.787,-11.333,15.282,165.42,-47.053,4.292,7.623,-14.092,12.321,-113.053,-4.855,9.029,1.593,-10.488,-27.634,-31.649,-10.183,0,0
0,75.709,0.136,5.052,4.749,-6.18,15,5,10,0,1,1.121,-4.757,-16.985,-28.779,200.031,-4.26,9.314,1.166,-11.142,1.053,168.885,-27.313,0.05,8.895,-15.304,-5.893,-59.817,-4.473,9.65,0.604,-9.156,-31.939,-36.427,-9.328,0,0
0,75.368,0,5.052,-0,-34.103,15,5,10,0,1,-0.378,-1.514,-20.451,10.351,225.817,-0.779,11.175,-0.24,-10.476,8.031,170.214,-22.656,1.332,7.149,-13.834,-23.191,383.466,-10.229,9.764,0.422,-9.175,-26.153,-44.153,-8.366,0,0
0,74.717,0,5.03,-2.163,-65.106,15,5,10,0,1,3.267,-5.59,-17.718,40.656,242.229,-7.756,7.822,-2.151,-12.255,17.603,157.252,-8.015,1.935,6.701,-14.238,-30.26,-68.947,-3.527,9.192,0.592,-9.879,-19.237,-46.534,-7.237,0,0
0,73.772,0,5.008,-2.186,-94.494,15,5,10,0,1,2.321,-1.523,-19.275,50.107,257.74,-14.84,4.967,-1.825,-12.888,34.229,140.198,-0.366,0.632,5.808,-17.498,-31.634,-76.611,-8,11.728,-4.929,-15.788,-10.794,-39.374,-8.382,0,0
0,72.575,0,4.96,-4.818,-119.74,15,5,10,0,1,1.636,-0.261,-19.929,52.626,267.542,-20.351,5.453,-3.14,-11.872,48.351,122.84,-1.145,3.422,4.833,-14.267,-30.58,-73.084,-3.695,8.323,2.685,-8.828,-17.023,-55.069,-8.718,0,0
0,71.165,0,4.773,-18.654,-141.026,15,5,10,0,1,3.626,-2.541,-17.67,47.527,277.817,-26.779,4.773,-2.524,-12.562,59.802,105.496,2.336,-0.108,5.295,-17.503,-15.588,-84.382,-6.534,9.161,-1.947,-13.431,-19.42,-35.45,-9.115,0,0
0,69.498,0,4.47,-30.35,-166.649,15,5,10,0,1,1.799,-0.592,-18.334,35.588,286.382,-30.351,5.31,-3.394,-11.453,75.481,88.305,-2.718,0.529,6.004,-15.093,-14.55,-86.779,-2.565,7.961,0.23,-8.998,-15.145,-39.725,-6.443,0,0
0,67.616,0,4.023,-44.712,-188.187,15,5,10,0,1,3.343,-2.761,-17.539,16.351,291.359,-34.351,4.824,-2.318,-11.446,88.672,72.397,-3.679,1.72,3.861,-13.882,-2.809,-88.885,-6.321,10.059,-1.981,-9.697,4.84,-36.275,-3.863,0,0
0,65.448,0,3.543,-47.951,-216.809,15,5,10,0,1,3.631,-3.497,-19.203,6.794,298.443,-32.412,4.201,-2.304,-12.325,110.626,56.84,-13.237,2.163,3.296,-13.426,8.198,-84.916,-2.137,9.415,-1.312,-8.648,25.679,-40.519,-1.588,0,0
0,63.206,0,3.093,-45.055,-224.167,15,5,10,0,1,5.925,-1.782,-22.058,-8.947,297.023,-30.763,3.76,-1.317,-12.536,123.42,45.588,-23.542,3.554,3.808,-13.609,27.725,-80.504,0.397,8.677,-0.417,-10.327,37.389,-42.626,0.565,0,0
0,60.845,0,2.693,-39.917,-236.172,15,5,10,0,1,1.454,1.918,-27.042,-22.931,291.176,-24.947,3.434,0.096,-11.297,127.985,35.588,-41.588,4.019,4.639,-13.676,40.947,-77.099,-3.069,10.622,3.94,-7.518,27.053,-42.244,2.809,0,0
0,58.427,0,2.313,-38.097,-241.745,15,5,10,0,1,1.351,-5.001,-22.911,-21.634,274.412,-21.374,4.072,2.644,-9.539,104.489,26.748,-45.817,4.711,7.142,-12.567,46.672,-148.26,-0.061,5.336,1.823,-10.045,31.069,-51.71,0.321,0,0
0,56.069,0,2.06,-25.223,-235.783,15,5,10,0,0,2.57,-4.567,-24.647,-21.511,261.252,-16.534,3.875,3.394,-7.851,71.008,20.885,-49.16,8.294,4.172,-8.383,99.802,-312.443,-97.71,7.089,2.041,-8.821,31.832,-63.13,1.45,0,0
0,53.715,0,1.885,-17.578,-235.497,15,5,10,0,0,1.19,-3.135,-28.546,-12.656,245.664,-11.45,3.425,3.712,-7.458,44.015,11.313,-53.252,7.504,5.849,-10.61,46.885,-72.046,-14.153,9.662,-0.129,-8.26,37.405,-62.183,1.511,0,0
0,51.517,0,1.913,2.872,-219.727,15,5,10,0,0,0.347,-5.808,-27.672,-6.565,216.244,-7.634,3.418,2.785,-6.644,20.198,1.74,-43.45,2.714,7.264,-13.834,38.214,-127.374,-45.588,6.038,3.154,-5.698,34,-78.336,4.733,0,0
0,49.466,0,1.913,-0,-205.101,15,5,10,0,0,-0.599,-5.564,-29.011,-6.183,182.076,-3.13,3.446,2.282,-5.374,1.374,-13.16,-31.313,4.44,7.164,-12.157,33.969,-243.374,-60.336,8.172,0.062,-10.114,34.397,-72.84,2.397,0,0
0,47.643,0,1.917,0.401,-182.339,15,5,10,0,0,-1.032,-6.124,-28.506,-10.992,144.092,2.412,3.705,3.159,-5.494,-10.611,-27.985,-20.366,1.748,6.613,-12.373,37.237,-49.313,-21.557,21.505,2.493,-1.291,31.038,-65.893,5.679,0,0
0,46.024,0,2.023,10.586,-161.888,15,5,10,0,0,-0.525,-6.634,-27.837,-16.321,108.702,9.542,3.736,1.993,-5.794,-16.412,-42.214,-10.611,4.088,5.382,-13.096,41.664,340.321,-37.985,6.867,-0.101,-12.936,34.443,-80.992,6.794,0,0
0,44.611,0,2.437,41.405,-141.323,15,5,10,0,0,0.422,-8.605,-26.063,-21.603,72.427,17.908,2.855,-0.156,-5.961,-12.656,-57.618,-3.435,5.918,5.149,-12.763,50.763,-37.786,-2.458,6.708,3.221,-10.368,40.687,-107.969,11.405,0,0
0,43.505,0,3.203,76.55,-110.607,15,5,10,0,0,8.632,-1.882,-24.379,-42.794,50.076,9.832,11.848,-3.581,-0.505,-0.366,-59.466,-10.305,6.89,5.88,-12.672,58.885,-28.855,-3.511,10.84,3.731,-11.043,27.45,-115.359,9.847,0,0
0,42.681,0,4.129,92.674,-82.386,15,5,10,0,0,2.409,-4.527,-30.719,-57.191,1.099,6.565,13.218,-1.514,-0.022,20.626,-55.466,-8.336,5.099,6.819,-15.141,58.275,-30.687,-7.374,12.183,2.019,-10.267,15.832,-117.954,8.229,0,0
0,42.23,0,5.144,101.429,-45.09,15,5,10,0,0,2.776,-5.738,-39.441,-54.305,-55.878,1.405,8.466,-0.654,-1.593,20.458,-55.603,-0.748,5.916,6.534,-13.053,54.443,-28.031,-10.107,15.501,0.395,-5.985,12.595,-122.595,10.687,0,0
0,42.406,0,6.132,98.843,17.635,15,5,10,1,0,3.909,-9.767,-27.543,-29.832,-126.824,-10.321,3.648,-0.376,-5.774,29.359,-61.313,16.672,6.411,5.135,-12.464,53.115,-54.641,-5.893,10.928,-3.114,-9.709,26.26,-120.626,13.053,1,0
0,42.952,0,7.117,98.534,54.577,5,5,10,1,0,10.766,-6.301,-9.695,-12.153,-133.115,-18.443,9.623,-3.777,-4.548,28.351,-65.359,31.679,3.813,6.091,-13.649,54.794,-23.527,4.687,13.489,-1.705,-8.73,34.504,-116.458,19.405,0,0
0.662,43.643,0,8.11,99.232,69.145,5,5,10,1,0,12.521,-8.739,-1.99,9.985,-112.641,-19.847,13.637,-3.454,-7.307,33.695,-55.084,47.985,7.353,6.055,-11.805,58.427,-10.931,14.412,13.118,-1.59,-9.166,47.71,-131.863,24.137,0,0
1.286,44.402,0,9.138,102.86,75.829,5,5,10,1,0,9.036,-9.381,-2.967,49.664,-90.214,-12.534,15.58,-4.095,-7.813,39.557,-33.802,74.55,9.087,6.496,-16.506,118.763,-9.344,40.305,13.24,1.456,-8.064,50.656,-134.229,26.305,0,0
1.871,45.156,0,10.201,106.224,75.474,5,15,10,1,0,9.614,-3.887,-9.812,71.115,-78.321,-12.321,12.947,-1.035,-4.242,53.099,-18.458,98.137,9.209,7.987,-13.709,46.275,3.008,19.71,16.574,0.687,-7.056,41.45,-131.282,26.351,0,0
2.417,45.983,0,11.354,115.357,82.695,5,15,10,1,0,6.361,-4.493,-22.389,74.794,-82.58,-8.977,8.519,0.266,-4.874,57.099,-23.832,110.031,10.907,8.239,-13.161,26.901,12.702,18.015,16.88,1.209,-6.72,32.794,-139.695,25.023,0,0
2.925,46.786,0,12.691,133.702,80.246,5,15,10,1,0,-0.168,1.255,-30.972,69.557,-108.687,-6.275,3.444,-2.093,-6.464,68.321,-66.26,99.359,13.659,7.731,-9.513,6.061,30,12.794,15.345,1.061,-8.452,26.229,-153.023,20.473,0,0
3.394,47.423,0,14.398,170.643,63.755,5,15,10,1,0,3.288,-1.023,-21.103,54.244,-112.977,-7.099,9.386,0.994,-5.794,64.626,-82.473,71.115,10.62,5.451,-10.155,-11.374,41.985,9.695,13.611,1.765,-7.64,5.008,-157.847,16.641,0,0
3.824,47.529,0,16.404,200.661,10.563,5,15,10,1,0,11.853,-0.338,-19.213,60.992,-72.107,-0.168,12.588,0.996,-11.989,46.672,-89.252,33.74,10.658,5.257,-8.019,-23.786,62.305,11.359,11.508,3.19,-5.501,-17.069,-177.191,19.145,0,0
4.215,46.961,0,18.715,231.125,-56.774,5,15,10,1,0,9.673,4.488,-17.148,33.435,-51.588,8.962,14.59,1.703,-13.23,27.328,-101.817,19.191,12.629,6.277,-6.366,-24.168,89.252,1.252,16.665,3.705,-3.042,-21.847,-181.221,19.847,0,0
4.567,45.849,0,21.392,267.655,-111.26,5,15,10,1,0,10.162,3.679,-17.668,-10.489,-31.145,20.458,15.014,3.825,-9.836,3.817,-122.214,9.527,9.602,7.437,-8.26,-30.427,111.038,0.198,18.08,1.071,-1.799,-34.855,-173.908,19.115,0,0
4.881,44.325,0,24.26,286.755,-152.401,5,15,10,1,0,12.902,-1.621,-17.395,-43.435,-11.023,30.87,13.719,7.901,-12.207,-12.275,-139.511,0.733,10.193,5.434,-7.844,-39.878,136.473,-0.443,20.712,1.499,-0.491,-56.092,-166.534,15.328,0,0
5.156,42.38,0,27.288,302.88,-194.447,5,15,10,1,0,11.479,2.843,-17.364,-75.893,10.031,41.817,14.947,4.649,-11.728,-40.931,-151.115,-7.374,10.919,6.718,-7.925,-49.893,159.405,4.672,18.061,1.226,-5.647,-57.267,-151.496,13.542,0,0
5.393,40.213,0,30.448,315.983,-216.774,5,15,10,1,0,12.761,-2.817,-16.406,-99.969,32.641,40.733,13.034,3.664,-11.76,-48.962,-158.305,-6.748,8.191,6.596,-9.01,-63.008,261.344,5.313,15.34,2.361,-11.027,-56.382,-152.397,15.878,0,0
5.59,37.689,0,33.876,342.808,-252.331,5,15,10,1,0,8.038,5.595,-19.862,-131.634,37.756,47.008,11.319,1.116,-11.551,-74.351,-170.916,-10.397,9.135,7.88,-8.747,-66,179.13,4.473,14.432,2.584,-15.683,-63.389,-159.832,16.931,0,0
5.749,35.042,0,37.527,365.113,-264.76,5,15,10,1,0,5.281,2.395,-15.86,-133.985,35.924,50.656,8.289,1.863,-9.513,-67.084,-180.061,-8.733,6.491,7.214,-14.411,-90.885,201.573,-13.237,16.267,0.486,-22.377,-78.443,-168.458,14.84,0,0
5.869,32.302,0,41.471,394.376,-273.938,5,15,10,1,0,2.524,-0.477,-18.59,-138.427,37.389,54.244,4.596,1.667,-9.151,-58.901,-183.878,-4.229,6.304,9.717,-12.55,-92.29,200.962,-15.13,4.431,3.219,-21.342,-121.282,-201.817,15.863,0,0
5.95,29.735,0,45.555,408.337,-256.749,5,15,10,1,0,5.192,-4.527,-13.86,-137.405,19.267,44.916,11.144,-2.189,-7.357,-72.779,-172.916,-8.702,4.809,13.145,-28.879,-218.351,417.389,-99.847,13.63,17.287,-7.827,-157.71,-194.809,18.061,0,0
5.993,27.343,0,49.689,413.441,-239.148,5,15,10,1,0,5.832,-2.067,-17.996,-109.725,10.809,36.55,10.466,-1.229,-6.452,-80.015,-160.519,2.672,7.022,7.003,-18.933,-125.359,221.282,-49.74,12.332,-1.839,-15.194,-163.084,-174.748,19.084,0,0
5.997,25.337,0,53.736,404.687,-200.673,5,15,10,1,0,5.846,-8.11,-18.329,-66.122,13.45,34.748,8.847,-3.073,-8.629,-75.817,-153.282,4.137,6.924,3.319,-18.636,-114.382,234.458,-59.634,13.877,3.03,-16.255,-139.511,-153.069,18.824,0,0
5.962,23.626,0,57.698,396.207,-171.032,5,15,10,1,0,6.529,-8.766,-14.246,-42.916,5.359,33.969,11.673,-4.263,-8.617,-77.389,-143.389,15.237,5.08,3.734,-20.556,-108.687,232.809,-66.519,11.482,3.427,-21.313,-121.802,-147.847,7.496,0,0
5.888,22.059,0,61.631,393.346,-156.704,5,15,10,1,0,7.559,-6.91,-16.952,-15.191,13.679,31.603,9.084,-5.621,-10.658,-63.115,-142.977,22.443,7.14,2.254,-18.825,-75.893,232.336,-64.443,9.068,5.2,-17.85,-148.351,-132.702,-4.458,0,0
5.776,20.569,0,65.319,368.775,-149.025,5,15,10,1,0,6.364,-3.674,-14.147,-29.084,4.153,23.878,10.761,-5.571,-9.966,-56.336,-145.435,32.122,8.105,3.466,-13.994,-54.076,229.649,-67.817,10.485,5.348,-9.738,-136.55,-127.084,-7.588,0,0
5.625,19.148,0,68.483,316.43,-142.124,5,15,10,1,0,8.737,-7.607,-13.177,-30.473,9.588,19.786,9.887,-4.601,-8.706,-47.176,-149.42,35.664,8.874,4.967,-14.753,-39.71,211.496,-59.878,11.932,-3.145,-11.963,-121.038,-79.527,-3.969,0,0
5.435,17.643,0,71.134,265.08,-150.49,5,15,10,1,0,7.59,-5.271,-13.213,-28.87,12.611,18.641,10.253,-3.899,-7.983,-47.771,-152.046,33.145,8.553,4.263,-13.989,-30.718,401.206,-164.824,10.943,-6.443,-10.497,-86.977,-35.313,4.931,0,0
5.207,16.131,0,73.335,220.105,-151.223,5,15,10,1,0,7.207,-5.374,-13.628,-42.58,12.855,16.58,9.262,-2.46,-8.093,-47.649,-150.855,29.42,7.187,4.306,-15.268,-26.351,199.542,-31.985,10.825,-6.079,-10.138,-40.153,11.863,17.252,0,0
4.939,14.607,0,75.104,176.892,-152.344,5,15,10,1,0,4.213,-3.082,-14.871,-35.863,14.534,17.802,8.433,-1.056,-8.083,-56.504,-148.672,24.443,7.034,5.073,-12.591,-38.198,190.076,-18.733,10.026,-3.557,-11.563,11.588,44.672,21.496,0,0
4.633,13.072,0,76.477,137.329,-153.477,5,15,10,1,0,5.303,-3.224,-12.519,-43.954,12.595,14.962,9.362,-0.012,-7.987,-61.573,-146.427,22.092,4.297,5.931,-17.46,-81.863,366.214,-2.84,7.178,-2.218,-14.26,45.786,71.267,16.977,0,0
4.288,11.626,0,77.536,105.835,-144.654,5,15,10,1,0,4.96,-3.528,-13.965,-43.374,13.053,16.214,9.7,0.814,-8.354,-65.679,-140.84,16.153,3.104,2.708,-18.212,-71.42,352.702,22.748,5.679,-0.75,-15.429,62.687,94.992,9.588,0,0
3.905,10.389,0,78.378,84.206,-123.722,5,15,10,1,0,5.683,-2.84,-13.379,-35.649,1.298,13.435,11.269,1.114,-7.726,-76.794,-129.466,13.603,1.942,2.498,-14.198,-17.924,172.931,14.687,7.688,2.618,-13.108,69.115,110.229,3.008,0,0
3.483,9.414,0,78.865,48.718,-97.47,5,15,10,1,0,6.689,-5.461,-13.268,-23.115,-2.733,13.237,12.571,-0.769,-7.187,-89.481,-114.702,13.13,2.886,0.86,-13.91,0.244,455.084,74.87,5.463,0.891,-14.971,66.748,132.26,-0.611,0,0
3.022,8.557,0,79.169,30.407,-85.648,5,15,10,1,0,7.223,-6.069,-11.853,0.092,-3.756,15.237,10.342,-1.95,-8.385,-82.931,-110.824,14.733,1.799,3.403,-14.555,15.389,163.939,21.573,5.762,0.287,-13.98,62.275,152.046,1.481,0,0
2.522,7.674,0,79.371,20.165,-88.314,5,15,10,1,0,5.034,-1.746,-14.293,2.534,-6.55,16.992,9.41,-0.821,-9.24,-69.557,-112.076,13.939,-0.319,5.74,-22.245,59.237,314.748,27.267,12.243,2.979,-10.62,51.008,178.229,6.687,0,0
1.983,6.92,0,79.261,-10.975,-75.417,5,15,10,1,0,5.35,-4.244,-12.076,-4.534,-15.649,12.473,9.697,-0.556,-9.118,-60.992,-106.87,12.412,3.636,2.941,-12.866,36.489,311.817,28.427,4.086,-3.949,-15.85,61.389,181.71,14.275,0,0
1.406,6.375,0,79.129,-13.218,-54.543,5,15,10,1,0,1.815,-3.008,-14.66,-2.458,-24.489,13.13,12.861,-2.144,-8.498,-58.031,-94.046,7.511,-0.216,4.598,-17.369,37.313,369.405,9.71,10.121,1.42,-13.053,30,209.069,15.252,0,0
0.79,6.027,0,78.657,-47.218,-34.813,5,15,10,0,0,7.508,-4.649,-13.793,14.58,-25.542,11.695,11.041,-3.226,-11.326,-57.664,-83.664,11.573,-0.299,6.917,-16.787,19.42,282.443,8.733,9.693,2.546,-11.898,3.573,229.435,12.672,0,0
0.136,5.869,0,77.745,-91.187,-15.781,5,15,10,0,0,6.33,-5.722,-12.382,26.58,-34.275,11.603,10.483,-3.128,-10.996,-42.977,-70.779,12.809,0.275,5.676,-14.588,13.282,263.328,1.893,6.787,-1.597,-15.448,-2.229,243.985,19.664,0,0
0,5.862,0,76.58,-116.432,-0.71,5,15,10,0,0,7.626,-4.634,-12.021,31.954,-39.588,11.282,9.003,-5.044,-11.261,-29.847,-63.573,13.405,-1.377,5.803,-16.351,-3.969,242.443,1.832,6.922,-2.546,-16.787,-6.824,260.275,29.42,0,0
0,5.843,0,75.196,-138.497,-1.854,5,15,10,0,0,3.657,-0.187,-16.588,36.137,-38.427,12.26,8.397,-4.757,-11.489,-6.55,-72.412,9.237,-1.202,7.062,-20.64,-23.45,447.802,-1.649,7.269,-0.606,-17.168,-8.779,267.786,35.908,0,0
0,5.785,0,73.628,-156.716,-5.836,5,15,10,0,0,6.122,-4.17,-12.892,33.099,-40.809,7.573,8.845,-2.943,-10.387,11.359,-76.031,8.046,-0.891,7.393,-14.959,-24.061,209.481,-4.122,7.963,1.93,-15.031,-16.901,277.023,37.527,0,0
0,5.554,0,71.845,-178.334,-23.037,5,15,10,0,0,10.885,-6.519,-10.996,39.069,-27.588,9.649,5.537,-3.343,-12.536,23.42,-84.473,10.046,-1.76,5.285,-21.153,-60.092,379.588,-3.359,6.165,0.872,-16.672,-13.405,285.053,40.687,0,0
0,4.964,0,69.849,-199.585,-58.994,5,15,10,0,0,8.282,-3.856,-13.323,29.634,-22.29,9.786,7.769,-1.748,-10.349,33.939,-96.809,8.046,-1.959,7.998,17.57,-301.435,-329.542,-39.084,8.462,2.627,-14.765,-25.328,299.908,45.847,0,0
0,4.122,0,67.623,-222.645,-84.194,5,15,10,0,0,11.008,-2.326,-12.698,3.893,-16.519,10.122,9.13,1.056,-11.228,26.87,-107.924,7.405,0.57,7.367,-14.15,-59.939,136.168,-12.336,6.201,1.408,-17.314,-14.489,300.092,50.626,0,0
0,3.152,0,65.228,-239.48,-97.035,5,15,10,0,0,7.734,-2.915,-12.524,-15.313,-16.931,11.649,10.054,2.738,-10.033,11.435,-109.924,7.71,-1.403,6.835,-16.145,-63.252,59.298,-2.58,6.716,-1.178,-19.788,-12,304.641,51.328,0,0
0,2.167,0,62.708,-251.954,-98.534,5,15,10,0,0,6.725,-3.703,-11.633,-34.443,-19.328,12.076,12.777,2.769,-7.896,-15.71,-99.481,10.092,-4.016,6.285,-17.498,-75.847,49.985,-8.595,8.641,2,-17.237,-12.275,308.702,51.908,0,0
0,1.232,0,60.163,-254.529,-93.43,5,15,10,0,0,6.201,-2.486,-11.11,-48.504,-21.008,12.901,13.082,2.108,-6.996,-43.573,-89.252,14.702,0.771,7.744,-22.293,363.847,366.519,-0.244,6.931,2.369,-18.595,-2.046,295.466,52.687,0,0
0,0.453,0,57.556,-260.743,-77.992,5,15,10,0,0,5.885,-2.541,-9.348,-72.305,-28.351,10.489,13.58,1.19,-7.056,-65.267,-72.122,19.542,-3.403,6.62,-13.733,-74.351,35.786,8.534,5.765,-0.891,-23.581,3.374,289.237,47.282,0,0
0,-0.1,0,54.981,-257.47,-55.287,5,15,10,0,0,6.526,-4.345,-9.223,-87.664,-37.74,6.702,12.825,0.656,-6.718,-78.55,-54.565,22.366,-2.27,8.892,-16.732,-121.832,128.489,50.443,7.441,1.657,-24.015,-1.115,280.427,44.748,0,0
0,-0.345,0,52.447,-253.43,-24.49,5,15,10,0,0,5.707,-3.315,-12.14,-88.977,-48.061,2.153,14.08,-0.944,-6.627,-80.626,-38.977,16.855,-2.706,8.144,-11.41,-271.511,191.756,126.046,4.464,3.142,-25.327,-7.176,252.458,38.718,0,0
0,-0.287,0,50.041,-240.567,5.802,5,15,10,0,0,11.099,-10.972,-6.359,-68.687,-51.282,-2.321,7.635,-4.768,-9.973,-77.511,-30.244,24.779,-2.831,3.336,-8.852,-6.382,0.244,22.046,5.7,4.256,-25.066,-4.153,223.084,33.405,0,0
0,-0.287,0,47.792,-224.911,0,5,15,10,0,0,7.046,-6.613,-12.569,-44.305,-57.832,-1.756,9.805,-7.805,-10.303,-60.794,-36.153,19.115,-2.438,8.004,-2.179,28.824,7.939,80.672,4.632,4.055,-25.461,7.374,185.13,25.282,0,0
0,-0.236,0,45.8,-199.196,5.15,5,15,10,0,0,7.484,-5.738,-14.729,-31.359,-62.718,-5.954,10.409,-5.827,-9.858,-32.183,-45.908,10.809,-4.081,1.705,3.449,177.45,-248.427,332.947,0.16,6.644,-25.73,20,142.977,17.038,0,0
0,0.046,0,44.181,-161.843,28.164,5,15,10,0,0,4.081,-6.55,-13.745,-21.832,-83.267,-13.817,16.969,-3.758,-5.839,-16.244,-37.664,6.885,-3.157,0.489,3.65,193.328,-425.038,150.473,3.947,6.474,-26.178,41.725,101.16,3.756,0,0
0,0.533,0,42.962,-121.926,48.706,5,15,10,0,0,7.92,-4.407,-15.922,-1.618,-80.947,-13.802,12.104,-1.26,-9.913,-8.947,-32.107,6.611,-1.557,4.857,-6.383,16.412,-156.153,19.603,2.294,8.55,-25.466,46.58,48.168,-5.206,0,0
0,1.222,0,42.094,-86.861,68.905,5,15,10,0,0,7.164,-4.608,-15.951,19.802,-93.45,-13.328,11.475,-0.225,-12.765,-10.244,-29.832,6,4.867,7.86,-0.206,32.962,-81.13,8.275,11.439,2.457,-25.368,55.969,22.168,0.168,0,0
0,2.002,0,41.618,-47.55,78.003,5,15,10,0,0,8.208,-3.061,-14.138,27.695,-95.496,-14.305,9.872,0,-13.046,-12.733,-26.718,6.061,4.124,7.851,-2.979,-16.565,-172.534,-23.878,9.08,7.956,-26.158,43.695,-20.794,1.695,0,0
0,2.793,0,41.596,-2.197,79.102,5,15,10,0,0,7.025,0.441,-14.387,22.809,-98.137,-17.557,11.877,-0.534,-10.881,-11.664,-28.519,4.061,2.726,9.657,-7.101,-29.756,-52.718,-121.038,8.627,8.711,-27.976,13.664,-74.87,0.336,0,0
0,3.463,0,41.951,35.5,66.96,5,15,10,0,0,9.748,0.014,-12.825,2.122,-89.267,-23.16,11.285,0.472,-11.23,-16.931,-37.832,2.168,-0.465,9.741,-11.688,-44.26,-254,-145.71,5.743,5.389,-26.671,-41.267,-123.481,2.244,0,0
0,3.917,0,42.607,65.586,45.445,5,15,10,0,0,13.252,-0.371,-12.679,-15.725,-77.634,-24.672,10.84,0.618,-11.58,-26.687,-49.863,-1.679,0.292,2.487,-18.485,-125.695,-310.611,-474.87,7.645,4.773,-9.183,-100.947,-133.649,8.137,0,0
0,4.233,0,43.255,64.751,31.54,5,15,10,0,0,5.624,-1.269,-13.877,-29.023,-84.885,-25.802,14.169,2.553,-7.312,-36.031,-47.863,-7.282,2.539,9.485,-29.449,-177.237,253.053,392.794,18.724,5.149,3.336,-146.931,-78.992,19.908,0,0
0,4.455,0,43.614,35.9,22.259,5,15,10,0,1,10.687,-3.353,-11.752,-35.908,-78.595,-25.328,14.571,-0.163,-7.671,-48.229,-44.504,-10.55,1.562,27.163,-48.906,13.42,274.779,479.756,18.734,-6.464,2.503,-151.237,-30.489,28.748,0,1
0,4.54,0,43.617,0.366,8.434,5,5,10,0,1,11.089,0.084,-14.234,-46.489,-69.954,-24.015,15.362,-1.051,-7.858,-58.427,-52.809,-23.878,5.978,5.837,-12.009,-172.656,-298.824,-397.679,12.138,-4.785,-4.333,-140.504,-26.168,28.489,0,0
0,4.759,0.659,43.573,-4.372,21.996,15,5,10,0,1,15.532,-6.088,-5.889,-55.817,-75.466,-27.664,13.053,-1.298,-10.653,-60.702,-39.053,-19.908,4.318,-3.209,-2.831,-376.687,-133.145,-193.832,9.688,-9.12,-17.821,-96.779,-56.962,12.87,0,0
0,5.057,1.279,43.562,-1.122,29.709,15,5,10,0,1,15.261,-5.801,-6.701,-63.954,-78.763,-29.45,15.338,-2.201,-9.496,-59.435,-30.305,-18.168,5.482,-11.374,-2.555,-186.672,-248.504,-288.122,5.276,-6.898,-25.356,-61.191,-98.916,-9.237,0,0
0,5.521,1.862,44.105,54.234,46.486,15,5,10,0,1,9.975,-2.984,-10.536,-72.046,-89.252,-27.618,19.33,0.117,-4.859,-55.359,-15.069,-20.916,1.645,-7.269,-2.036,-123.42,-59.985,-121.863,9.441,-0.635,-20.386,-21.069,-117.496,-24.214,0,0
0,6.246,2.405,44.947,84.217,72.498,15,5,10,0,1,11.937,-5.849,-6.826,-66.824,-95.374,-28.366,21.229,-0.342,-4.122,-56.733,8.931,-17.237,1.408,-3.959,-6.962,-27.45,-69.618,-56.55,11.477,5.379,-12.042,-38.84,-99.618,-26.031,0,0
0,7.367,2.911,45.533,58.64,112.061,15,5,10,0,1,9.832,-4.012,-6.867,-61.969,-106.382,-29.176,19.936,-1.456,-3.581,-56.702,34.153,-12.29,3.77,1.358,-9.345,40.916,-86.458,-39.435,13.908,-4.095,-11.089,-31.008,-67.878,-15.817,0,0
0,8.916,3.378,45.441,-9.213,154.942,15,5,10,0,1,10.126,-6.708,-5.121,-48.183,-115.802,-30.885,17.8,-1.159,-2.819,-48.443,51.908,-11.985,4.261,1.066,-16.662,75.267,-104.137,-63.878,13.47,-8.031,-13.685,6.122,-37.115,-9.679,0,0
0,10.714,3.807,44.463,-97.779,179.776,15,5,10,0,1,11.34,-2.393,-8.864,-37.481,-115.099,-28.137,16.595,0.704,-2.644,-42.779,73.985,-15.817,3.48,3.273,-22.896,102.855,461.298,-235.969,9.848,-7.204,-16.039,12.046,-15.939,-23.618,0,0
0,12.923,4.198,42.932,-153.088,220.86,15,5,10,0,1,9.228,-5.674,-11.52,-41.695,-131.023,-33.863,17.821,1.902,-0.762,-44.412,103.817,-19.405,1.966,2.047,-24.635,74.947,384.107,-65.466,14.945,-4.409,-9.345,70.015,13.573,-19.099,0,0
0,15.537,4.55,40.886,-204.667,261.464,15,5,10,0,1,11.235,-6.61,-10.301,-36.198,-151.221,-38.58,20.41,0.046,-0.857,-56.779,136.427,-17.527,2.304,5.141,-17.029,73.939,297.954,16.244,10.251,-2.826,-15.592,92.916,34.122,-23.069,0,0
0,18.566,4.865,38.186,-269.921,302.811,15,5,10,0,1,9.456,-7.506,-14.545,-23.969,-160.198,-29.221,16.42,-2.29,-4.97,-49.008,153.496,-23.313,-0.055,2.917,-16.672,68.855,-193.344,18.824,16.732,-5.087,-14.947,110.779,63.832,-15.206,0,0
0,21.924,5.14,34.931,-325.574,335.85,15,5,10,0,1,12.672,-4.352,-21.34,-3.481,-176.443,-23.603,14.231,-3.99,-6.996,-33.924,174.595,-21.42,-1.298,0.944,-17.227,69.725,-426.137,121.466,3.602,-10.282,-19.783,126.183,76.718,-16.107,0,0
0,25.879,5.378,31.262,-366.898,395.474,15,5,10,0,1,10.366,-5.806,-21.258,28.229,-205.359,-26.718,15.484,-6.914,-8.478,-8.26,198.015,-8.672,0.086,2.263,-13.901,76.55,-211.618,33.13,12.828,-4.91,-8.162,131.237,70.351,-13.344,0,0
0,30.233,5.577,27.34,-392.213,435.449,15,5,10,0,1,8.579,-11.106,-15.836,59.435,-221.237,-32.977,13.197,-7.008,-10.124,17.053,209.191,10.153,-1.681,4.604,-18.973,295.191,108.58,123.42,3.64,-8.862,-14.444,159.603,55.802,-26.092,0,0
0,34.858,5.738,23.593,-374.692,462.514,15,5,10,0,1,9.405,-6.165,-17.632,93.603,-218.489,-34.397,14.955,-8.979,-11.391,33.786,218.656,26.733,6.263,1.375,-10.061,65.053,125.069,250.137,3.221,-5.695,-18.607,197.527,10.687,-13.374,0,0
0,39.539,5.86,20.791,-280.152,468.053,15,5,10,0,1,12.076,-9.408,-16.518,120.122,-208.611,-39.954,16.14,-4.469,-11.927,65.13,229.221,54.718,6.368,4.93,-15.908,176.382,-372.489,41.893,10.756,8.339,-13.096,166.198,8.031,-9.832,0,0
0,44.263,5.945,18.598,-219.326,472.413,15,5,10,0,1,7.774,-8.792,-25.294,146.366,-181.664,-44.366,17.031,-6.622,-12.571,63.099,239.237,70.214,8.756,6.022,-15.558,198.763,366.443,-499.786,10.519,11.834,-11.252,90.229,2.779,-16.931,0,0
0,48.858,5.991,16.84,-175.816,459.516,15,5,10,0,1,11.326,0.457,-22.156,135.618,-202.046,-41.573,8.074,-1.015,-16.724,109.176,216.87,97.466,8.72,3.771,-17.426,210.168,-181.511,-44.214,9.35,7.255,-12.672,48.351,7.344,-17.191,0,0
0,53.539,5.998,15.466,-137.341,468.099,15,5,10,0,1,14.569,-11.489,-14.638,182.519,-165.145,-35.282,14.416,-1.152,-15.479,81.588,230.366,99.588,4,13.094,-16.09,69.878,448.718,-68.885,9.597,7.695,-10.033,16.794,6.733,-15.908,0,0
0,57.703,5.968,14.159,-130.692,416.383,15,5,10,0,1,9.348,-4.38,-15.321,168.229,-155.313,-35.939,20.635,2.903,-12.26,76.107,251.481,112.183,-0.29,9.021,-23.189,108.84,420.565,-104.916,11,3.928,-8.909,1.267,14.718,-12.885,0,0
0,61.35,5.899,12.727,-143.2,364.724,15,5,10,0,1,10.996,-1.66,-18.643,161.832,-109.878,-28.412,17.17,1.171,-11.415,82.718,252.275,94.321,2.932,9.72,-16.732,47.802,-309.084,-94.473,10.205,0.975,-9.748,21.771,13.664,-8.198,0,0
0,64.437,5.791,11.292,-143.521,308.682,15,5,10,0,1,8.32,0.201,-15.678,139.664,-75.588,-24.321,17.043,-1.013,-9.209,77.191,249.374,85.649,0.793,9.194,-13.252,11.588,-299.191,-72.55,10.845,3.959,-8.507,22.885,14.809,-4.305,0,0
0,67.246,5.646,9.71,-158.203,280.861,15,5,10,0,1,7.81,5.825,-17.749,100.183,-36.733,-18.809,12.782,-0.793,-9.46,67.237,232.626,64.183,2.242,8.057,-13.762,10.305,-301.725,-20.366,7.377,-0.529,-10.744,32.275,14.84,-4.748,0,0
0,69.634,5.462,8.165,-154.53,238.85,15,5,10,0,1,5.655,3.76,-15.802,66.824,-7.313,-10.107,10.739,0.223,-10.933,66.687,218.702,46.061,1.231,5.844,-15.395,7.13,-147.908,-6.656,9.321,1.186,-11.92,25.573,20.718,-2.183,0,0
0,71.718,5.24,6.656,-150.879,208.374,15,5,10,0,1,8.881,-1.427,-13.201,25.725,21.511,-2.779,11.515,-1.392,-10.054,54.489,213.206,23.863,2.678,8.607,-30.244,82.763,-407.466,-427.969,8.605,1.418,-9.113,21.023,12.092,-0.626,0,0
0,73.391,4.979,5.286,-136.997,167.347,15,5,10,0,1,4.917,1.48,-16.911,-7.954,51.954,6.733,12.344,-0.829,-11.733,53.649,205.42,3.817,0.661,4.511,18.796,119.664,-96.015,-126.046,13.079,4.651,-8.002,3.389,21.115,-1.725,0,0
0,74.72,4.681,3.883,-140.282,132.866,15,5,10,0,1,4.491,0.093,-16.698,-39.053,76.214,8.519,11.364,-1.092,-10.445,56.366,197.298,-10.733,3.387,5.819,-25.263,127.71,-140.718,-128,9.894,0.671,-8.914,-5.71,15.527,-4.748,0,0
0,75.695,4.344,2.58,-130.36,97.481,15,5,10,0,1,3.657,1.442,-18.288,-62.718,102.901,10.931,11.168,-1.835,-9.899,56.962,189.16,-24.794,3.07,3.676,-15.002,20.198,-248.046,-6.901,7.405,-1.178,-10.217,1.802,12.061,-5.924,0,0
0,76.391,3.968,1.478,-110.172,69.58,15,5,10,0,1,2.874,1.545,-17.881,-73.405,126.29,15.878,10.354,0.599,-10.653,53.435,180.611,-37.481,3.597,8.532,-19.438,50.611,-249.603,-2.626,8.411,0.419,-10.981,6.198,7.802,-7.069,0,0
0,76.786,3.555,0.558,-91.953,39.517,15,5,10,0,1,3.89,2.805,-18.149,-79.573,149.267,18.504,10.1,-0.457,-11.115,38.305,174.534,-46.855,3.063,4.178,-22.044,70.641,-409.771,21.985,11.13,2.738,-7.278,-5.496,5.679,-6.641,0,0
0,76.782,3.103,-0.368,-92.663,-0.355,15,5,10,0,1,0.951,-1.015,-17.038,-65.924,176.015,20.672,10.184,0.553,-11.568,29.099,164.458,-46.885,4.752,3.541,-20.899,62.977,-437.74,7.817,8.114,-1.866,-9.942,-0.427,2.885,-8.763,0,0
0,76.691,2.612,-1.148,-77.969,-9.155,15,5,10,0,1,0.548,-2.06,-16.061,-74.351,181.573,11.313,14.72,1.38,-10.404,14.046,168.397,-45.954,5.832,3.978,-13.525,28.26,-186.489,-3.084,5.887,0.201,-8.014,14.992,-8.931,-8.427,0,0
0,76.427,2.084,-1.734,-58.651,-26.344,15,5,10,0,1,5.693,0.34,-18.827,-35.71,218.427,15.359,8.179,-0.683,-12.866,2.031,160.809,-29.893,4.57,7.086,-19.002,54.031,-371.069,-22.84,10.488,3.765,-6.534,5.71,-9.038,-5.939,0,0
0,75.9,1.517,-2.243,-50.858,-52.746,15,5,10,0,1,2.086,-5.841,-18.288,-8.443,228.305,11.893,5.923,2,-11.908,3.359,157.725,-13.282,6.069,5.173,-13.441,17.45,-304.26,-25.282,9.812,2.642,-6.878,1.634,-14.534,-7.863,0,0
0,75.142,0.912,-2.555,-31.174,-75.817,15,5,10,0,1,2.749,-3.142,-19.579,19.038,243.618,7.053,7.235,-1.13,-12.732,7.74,154.397,-5.252,5.001,6.166,-18.561,48.901,-133.634,-15.145,6.567,0.824,-9.537,5.176,-24.489,-9.435,0,0
0,74.197,0.268,-2.503,5.161,-94.471,15,5,10,0,1,0.932,-3.193,-18.621,42.168,254.412,1.817,7.104,-1.638,-12.157,14.779,145.634,4.321,4.63,8.433,-13.089,29.664,-180.779,-64.55,11.546,4.086,-2.857,-0.351,-44.626,-7.527,0,0
0,73.014,0,-2.309,19.386,-118.286,15,5,10,0,1,2.807,-4.222,-17.457,60.504,269.466,-5.115,5.717,-2.024,-12.528,25.618,132.092,12.641,2.019,8.756,-15.081,10.733,-109.939,-40.092,10.243,1.133,-7.753,-10.519,-29.435,-9.069,0,0
0,71.678,0,-2.214,9.522,-133.644,15,5,10,0,1,2.924,-2.263,-18.47,56.87,279.344,-10.611,6.062,-2.874,-12.895,39.878,120.626,11.725,0.865,8.447,-14.219,6.992,-57.649,-13.405,8.088,2.297,-6.744,-16.183,-35.344,-8.107,0,0
0,70.125,0,-2.279,-6.535,-155.274,15,5,10,0,1,2.615,-1.348,-18.533,50.412,286.626,-17.679,5.463,-4.155,-11.834,57.481,105.649,11.664,0.556,5.971,-13.877,2.565,-61.802,-13.634,10.239,0.448,-7.3,-10.611,-33.542,-7.252,0,0
0,68.403,0,-2.356,-7.69,-172.188,15,5,10,0,1,0.307,1.928,-21.694,33.542,293.267,-22.763,5.216,-5.003,-11.671,85.405,91.496,4.489,5.245,4.388,-10.406,10.366,-48.046,-21.038,9.381,-0.331,-5.94,11.664,-53.313,-5.145,0,0
0,66.466,0,-2.345,1.099,-193.657,15,5,10,0,0,2.144,-0.381,-20.885,20.198,295.053,-25.893,4.924,-4.292,-12.306,104.458,78.137,-1.435,3.81,5.346,-11.807,12.672,-52.947,-6.153,9.075,0.364,-8.038,18.26,-49.176,-3.756,0,0
0,64.386,0,-2.35,-0.446,-208.008,15,5,10,0,0,0.376,0.12,-23.138,4.336,294.351,-27.695,4.953,-3.126,-11.448,123.802,69.267,-12.733,3.676,5.604,-12.095,18.977,-51.008,-5.908,9.757,2.29,-6.9,18.641,-52.168,-2.87,0,0
0,62.207,0,-2.35,-0,-217.93,15,5,10,0,0,1.7,-2.433,-22.341,-3.206,291.16,-26.015,4.474,-1.554,-10.816,126.84,59.557,-22.885,3.358,6.239,-11.918,22.626,-51.634,-6.748,9.432,1.578,-7.36,16.855,-53.939,-3.084,0,0
0,59.951,0,-2.35,-0,-225.609,15,5,10,0,0,3.255,-2.031,-23.658,-9.695,282,-24.595,3.985,1.602,-9.274,111.695,47.649,-30.122,3.81,5.959,-13,20.87,-209.282,-120.183,9.738,1.868,-7.441,13.176,-57.13,-1.954,0,0
0,57.673,0,-2.331,1.888,-227.772,15,5,10,0,0,3.193,-1.562,-25.576,-10.397,277.328,-20.855,3.058,2.318,-9.06,89.557,36.962,-47.618,3.205,6.301,-13.8,17.695,-224.504,-85.374,9.712,0.814,-8.653,17.191,-61.267,-1.969,0,0
0,55.399,0,-2.323,0.755,-227.44,15,5,10,0,0,1.442,-2.876,-25.598,-14.977,256.794,-20.351,3.664,2.429,-7.657,61.099,28.565,-49.832,4.759,6.65,-15.654,50.55,-122.336,-50.443,8.924,3.169,-6.043,16.412,-73.542,-2.061,0,0
0,53.191,0,-2.276,4.681,-220.803,15,5,10,0,0,-1.399,-1.274,-27.706,-21.435,231.908,-18.275,5.659,1.746,-4.955,34.534,14.702,-48.611,5.183,5.798,-12.229,10.702,-241.298,-77.069,10.952,0.249,-8.687,14.718,-70.076,-3.573,0,0
0,51.081,0,-2.163,11.353,-210.949,15,5,10,0,0,2.294,-5.049,-25.711,-19.069,210.611,-15.42,4.589,2.172,-4.675,16.061,-0.931,-38.763,7.314,5.01,-11.321,12.809,-249.908,-129.221,5.176,-1.13,-12.011,26.29,-86.824,-4.168,0,0
0,49.14,0,-1.819,34.435,-194.104,15,5,10,0,0,1.037,-3.964,-27.425,-17.802,182.687,-10.092,4.704,1.233,-4.177,3.863,-14.901,-32.84,6.285,1.081,-31.863,196.382,-395.13,-267.969,10.579,3.971,-5.537,14.885,-88.534,0.977,0,0
0,47.357,0,-1.445,37.399,-178.299,15,5,10,0,0,1.612,-6.119,-24.985,-15.344,152.336,-4.794,3.679,1.801,-5.453,-2.366,-26.641,-26.504,4.052,7.039,-14.933,28.656,-201.359,-47.389,10.907,1.768,-9.42,9.374,-79.359,0.824,0,0
0,45.775,0,-1.034,41.016,-158.261,15,5,10,0,0,1.279,-4.907,-25.83,-17.557,124.672,1.725,4.028,2.084,-5.394,-2.779,-39.237,-21.573,7.053,4.206,-12.55,31.344,-49.786,-22.443,10.732,-2.12,-12.751,17.954,-94.427,2.58,0,0
0,44.347,0,-0.339,69.569,-142.754,15,5,10,0,0,2.096,-5.885,-24.149,-26.626,92.58,8.702,4.536,0.992,-4.898,1.267,-49.023,-15.695,5.485,5.166,-13.381,35.908,-29.084,-6.916,9.836,1.938,-8.802,17.969,-109.237,1.221,0,0
0,43.109,0,0.478,81.631,-123.825,15,5,10,0,0,1.636,-6.004,-24.024,-30.382,63.282,17.42,5.624,1.219,-4.397,4.885,-57.374,-9.588,5.156,6.45,-14.126,41.008,-26.565,-4.779,10.373,0.129,-10.744,14.137,-109.023,1.74,0,0
0,42.028,0,1.397,91.908,-108.044,15,5,10,0,0,3.401,-2.203,-24.942,-43.313,31.588,15.191,11.484,1.121,-1.073,10.336,-59.511,-10.427,4.757,7.025,-13.606,41.588,-22.763,-4.87,11.762,1.123,-8.299,13.634,-113.634,6.366,0,0
0,41.15,0,2.28,88.291,-87.834,15,5,10,0,0,8.387,-5.743,-22.942,-38.84,20.763,11.573,14.066,-1.004,-0.548,-3.176,-50.672,-6.84,4.809,5.837,-13.793,43.191,-25.664,-2.29,11.527,0.333,-10.045,12.351,-108.489,9.344,0,0
0,40.414,0,3.137,85.728,-73.62,15,5,10,0,0,3.552,-5.616,-28.795,-34.321,-21.282,9.42,13.479,-2.848,1.19,9.359,-41.924,0.58,3.411,6.112,-15.893,44.611,-28.473,1.725,10.603,0.544,-10.215,15.344,-107.954,13.527,0,0
0,40.103,0,3.939,80.2,-31.139,15,5,10,0,0,1.25,-0.565,-35.968,-13.557,-66.58,-0.198,8.62,-4.39,-2.869,6.061,-54.885,16.061,4.198,6.007,-14.353,44.29,-28.336,3.252,12.418,-0.017,-10.069,21.053,-107.786,15.496,0,0
0,40.282,0,4.755,81.597,17.979,15,5,10,0,0,7.566,-6.661,-16.526,16.076,-100.748,-13.695,4.517,-1.166,-4.692,20.397,-68.321,32.901,5.386,6.67,-14.2,42.382,-27.74,7.115,9.262,-0.424,-11.551,27.145,-114.87,17.099,0,0
0,40.648,0,5.557,80.223,36.575,15,5,10,1,0,13.328,-3.377,-7.892,24.321,-100.336,-22.58,9.446,-4.309,-3.516,26.84,-66.076,41.71,4.831,5.571,-15.742,40.977,-26.611,8.153,13.211,1.267,-9.436,20.977,-108.229,20.412,1,0
0,41.055,0,6.349,79.159,40.661,5,5,10,1,0,12.686,-5.839,-1.99,40.397,-88.885,-23.756,9.57,-2.151,-5.499,41.802,-61.985,59.527,7.247,7.266,-13.47,35.389,-19.008,15.008,12.497,-0.144,-9.879,24.55,-116.412,23.603,0,0
0.659,41.531,0,7.198,84.904,47.585,5,5,10,1,0,7.173,-5.573,-5.916,42.031,-81.71,-13.252,10.464,-0.764,-6.833,66.504,-45.802,68.87,7.178,6.421,-15.283,32.168,-13.389,17.786,13.743,0.999,-7.587,20.443,-111.45,25.206,0,0
1.279,42.168,0,8.128,93.029,63.767,5,15,10,1,0,7.846,-1.241,-9.82,40.26,-79.527,-5.695,12.387,1.94,-6.098,68.031,-33.771,85.115,8.447,7.837,-13.297,25.13,2.443,41.221,14.617,0.958,-6.605,24.336,-120.427,26,0,0
1.862,43.018,0,9.135,100.731,84.973,5,15,10,1,0,3.645,-1.518,-18.873,34.427,-92.687,-7.802,8.692,3.382,-3.782,63.42,-28.351,94.443,11.374,7.489,-11.688,15.435,11.878,24.321,14.09,1.308,-8.213,21.756,-128.458,25.16,0,0
2.405,43.988,0,10.296,116.032,97.023,5,15,10,1,0,3.741,-1.94,-23.433,52.733,-101.282,-6.412,5.056,0.261,-5.791,42.977,-44.412,87.679,10.385,6.491,-12.483,6.321,24.153,17.206,15.551,0.568,-6.313,21.74,-129.008,19.908,0,0
2.911,44.779,0,11.702,140.671,79.102,5,15,10,1,0,6.991,-1.368,-23.174,61.985,-99.084,-6.046,7.913,0.398,-7.449,36.321,-60.153,68.046,11.738,6.22,-9.089,-3.847,42.947,9.435,16.645,0.493,-3.719,18.855,-143.924,15.221,0,0
3.378,45.145,0,13.453,175.072,36.61,5,15,10,1,0,9.274,-1.083,-20.317,63.893,-83.176,1.191,10.459,-0.347,-7.252,29.176,-72.58,42.977,9.101,5.212,-8.639,-13.038,60.015,-0.015,15.757,2.694,-1.768,0.885,-144.779,11.069,0,0
3.807,44.838,0,15.431,197.754,-30.762,5,15,10,1,0,8.04,2.795,-18.547,44.26,-62.977,11.893,13.755,-1.253,-7.42,30.153,-88.305,21.374,9.446,4.289,-6.881,-20.382,76.611,1.16,14.677,1.993,-2.845,-13.069,-153.847,10.947,0,0
4.198,43.904,0,17.66,222.954,-93.35,5,15,10,1,0,10.299,1.748,-17.048,4.885,-39.298,21.328,12.109,4.378,-8.093,12.595,-118.855,5.511,7.829,5.465,-6.905,-20.412,97.71,5.053,14.274,-2.017,-4.072,-7.985,-151.038,12.733,0,0
4.55,42.479,0,20.21,254.952,-142.514,5,15,10,1,0,11.819,1.942,-16.909,-36.153,-16.336,32.244,12.979,5.24,-12.73,-17.939,-138.947,-4.702,9.705,5.2,-5.734,-24.87,123.74,6.107,15.735,1.317,-1.811,-8.992,-157.084,13.328,0,0
4.865,40.6,0,23.018,280.85,-187.855,5,15,10,1,0,11.776,-3.451,-14.988,-71.176,-3.893,39.756,16.82,1.583,-10.114,-30.366,-152.595,-11.282,0.795,21.44,8.478,-64.855,-398.718,16.305,15.551,0.438,-6.122,-0.473,-150.534,10.718,0,0
5.14,38.334,0,26.036,301.758,-226.685,5,15,10,1,0,7.039,6.79,-20.113,-106.809,18.824,43.282,11.314,-0.85,-12.224,-62.305,-165.985,-11.252,7.71,7.887,-9.19,-16.733,167.664,18.29,17.745,2.809,-12.526,-1.252,-149.618,10.992,0,0
5.378,35.734,0,29.372,333.63,-259.987,5,15,10,1,0,1.964,2.026,-18.727,-118.107,36.794,42.748,6.368,0.778,-12.301,-56.366,-178.656,-9.42,7.278,8.878,-9.805,-29.191,186.412,3.771,13.628,8.136,-15.007,-23.71,-177.191,6.702,0,0
5.577,32.9,0,33.049,367.665,-283.425,5,15,10,1,0,12.43,-3.085,-10.643,-136.824,39.802,47.008,9.408,3.513,-11.029,-57.45,-187.466,-10.733,7.178,8.378,-12.361,-47.832,202.427,-2.824,14.155,5.255,-17.048,-50.748,-200.84,-0.076,0,0
5.738,30.021,0,37.117,406.838,-287.842,5,15,10,1,0,3.137,4.045,-17.393,-162.809,25.618,51.832,6.081,-0.616,-8.205,-66.504,-197.023,-10.611,6.081,7.813,-14.993,-65.954,306.244,-37.527,18.53,0.503,-19.445,-79.817,-208.87,0.672,0,0
5.86,27.234,0,41.486,436.913,-278.744,5,15,10,1,0,7.53,-2.105,-15.635,-147.863,10.58,38.84,10.277,0.06,-5.65,-78.153,-181.481,-9.206,4.419,7.832,-17.124,-80.641,225.344,-38.962,11.328,4.407,-16.803,-114.748,-216.076,-3.466,0,0
5.945,24.766,0,45.986,450.028,-246.792,5,15,10,1,0,3.509,-6.239,-17.991,-117.298,4.321,36.031,9.19,0.184,-8.51,-79.573,-171.038,-3.924,10.318,7.35,-18.094,-101.802,455.084,-121.16,15.968,-0.695,-16.763,-132.458,-200.977,5.282,0,0
5.991,22.74,0,50.546,455.979,-202.561,5,15,10,1,0,6.823,-10.164,-12.428,-81.832,-0.473,34.183,14.274,-1.892,-8.368,-79.725,-155.756,2.687,7.513,8.16,-17.156,-112.458,242.962,-73.908,11.657,1.657,-15.541,-139.939,-195.603,4.412,0,0
5.998,20.994,0,55.084,453.736,-174.603,5,15,10,1,0,6.467,-4.057,-16.715,-45.969,5.298,34.29,12.557,-2.632,-7.472,-80.504,-143.511,13.863,6.39,2.814,-19.17,-111.664,246.214,-97.74,13.714,4.464,-18.806,-124.427,-176.519,1.649,0,0
5.968,19.536,0,59.537,445.302,-145.775,5,15,10,1,0,6.965,-5.245,-14.583,-36.015,3.832,30.855,11.338,-4.318,-9.022,-74.626,-141.084,22.366,8.725,3.916,-19.428,-94.076,-488.26,-153.069,12.593,5.355,-17.431,-152.595,-150.534,-6.885,0,0
5.899,18.057,0,63.766,422.974,-147.938,5,15,10,1,0,5.116,-3.114,-15.172,-29.664,4.427,30.809,9.973,-4.258,-8.423,-69.511,-146.305,26.076,6.831,4.625,-17.92,-73.924,-494.336,-132.305,2.369,-1.217,-18.018,-137.832,-145.206,-8.458,0,0
5.791,16.577,0,67.516,375.001,-147.995,5,15,10,1,0,7.18,-3.372,-13.714,-48,6.763,24.458,10.794,-3.027,-8.773,-70.687,-148.504,27.893,5.47,3.226,-17.56,-51.847,242.321,-68.672,8.816,-3.346,-13.891,-130.275,-98.611,-7.618,0,0
5.646,15.039,0,70.706,319.005,-153.786,5,15,10,1,0,7.149,-7.784,-13.767,-47.924,14.55,25.298,9.127,-2.606,-8.981,-69.496,-147.893,26.168,6.931,7.464,-23.074,-77.282,454.519,-223.267,12.145,-9.982,-13.496,-92.611,-46.26,0.336,0,0
5.462,13.406,0,73.314,260.72,-163.342,5,15,10,1,0,3.906,-1.442,-15.939,-60.244,13.573,25.344,9.903,-2.433,-9.242,-77.802,-151.878,18.595,6.591,4.287,-14.643,-34.412,437.542,-153.344,9.652,-8.311,-11.791,-41.084,-6.84,11.969,0,0
5.24,11.762,0,75.441,212.769,-164.383,5,15,10,1,0,11.13,-4.39,-13.779,-65.649,19.74,18.336,8.656,-2.467,-8.675,-78.458,-150.336,19.374,5.99,3.561,-14.684,-32.595,353.481,-51.053,12.627,-3.715,-9.269,10.595,31.695,21.435,0,0
4.979,10.158,0,77.071,162.976,-160.401,5,15,10,1,0,7.331,-4.359,-13.68,-60.382,16.198,18.214,9.276,-1.875,-9.772,-83.344,-148.366,19.389,3.818,3.99,-14.899,-41.832,388.321,-23.511,11.609,-2.795,-12.545,43.099,66.947,19.084,0,0
4.681,8.645,0,78.33,125.92,-151.28,5,15,10,1,0,5.633,-6.227,-13.017,-54.702,15.817,16.153,10.059,-3.681,-9.582,-86.656,-144.153,19.618,3.614,4.11,-13.472,-41.863,376.672,2.687,8.435,2.524,-12.931,63.145,91.115,14.87,0,0
4.344,7.166,0,79.224,89.379,-147.938,5,15,10,1,0,7.156,-5.695,-13.793,-27.908,15.725,15.954,10.186,-3.533,-8.768,-75.038,-145.649,20.244,2.989,2.785,-13.465,-31.237,182.641,11.115,4.084,-0.06,-16.688,65.985,112.733,10.84,0,0
3.968,5.763,0,79.905,68.092,-140.259,5,15,10,1,0,6.023,-4.392,-11.625,-31.496,10.87,12.687,9.712,-1.99,-8.708,-65.954,-139.618,17.176,2.223,2.73,-14.629,-15.847,178.87,21.588,6.292,1.976,-14.722,54.122,136.29,10.718,0,0
3.555,4.467,0,80.201,29.652,-129.639,5,15,10,1,0,6.84,-6.294,-12.624,-13.847,13.374,14.031,7.908,-2.908,-9.271,-52.229,-135.908,12.305,2.97,6.453,-18.221,-8.977,-304.794,0.489,5.106,0.695,-14.727,41.038,158.076,12.26,0,0
3.103,3.196,0,80.264,6.248,-127.087,5,15,10,1,0,4.761,-2.79,-12.124,-9.786,6.412,12.29,9.638,-0.977,-9.108,-45.099,-130.229,9.221,1.918,3.341,-14.89,6.107,318.168,30.168,5.523,0.848,-14.356,27.405,181.206,16.962,0,0
2.612,2.203,0,80.217,-4.726,-99.278,5,15,10,1,0,4.474,-5.932,-12.564,-6.626,-3.237,7.74,12.6,-0.141,-9.307,-47.939,-115.802,8.198,2.582,6.046,-14.121,12.458,-375.206,99.664,5.743,1.677,-12.912,34.519,176.153,27.939,0,0
2.084,1.387,0,80.092,-12.486,-81.654,5,15,10,1,0,7.837,-6.649,-13.278,20.092,-1.45,8.244,11.834,-2.826,-9.396,-47.802,-105.802,9.099,0.402,5.677,-23.414,37.74,308.443,-10.656,10.605,4.419,-9.906,-0.336,212.687,28.931,0,0
1.517,0.735,0,79.572,-51.991,-65.14,5,15,10,1,0,7.278,-1.806,-14.037,28.092,-5.863,6.427,11.144,-0.992,-9.844,-40.015,-100.092,10.916,2.007,9.481,-21.32,31.145,-437.634,-59.359,7.643,-2.893,-15.529,-1.74,230.168,28.687,0,0
0.912,0.31,0,78.811,-76.126,-42.538,5,15,10,1,0,4.941,-2.838,-14.042,22.885,-16.885,3.481,12.976,-3.667,-9.561,-27.786,-86.26,1.954,0.613,3.615,-32.764,49.832,215.924,-256,7.113,0.429,-13.711,-14.092,248.015,35.527,0,0
0.268,0.112,0,77.693,-111.775,-19.787,5,15,10,1,0,5.19,-6.177,-12.593,34.29,-25.038,0.702,12.825,-1.902,-10.061,-14.931,-75.313,2.122,1.023,6.009,-14.926,-6.351,257.573,-25.405,6.687,-2.067,-15.338,-17.389,263.847,44.29,0,0
0,0.193,0,76.287,-140.557,8.08,5,15,10,1,0,4.888,-2.467,-13.23,36.977,-31.389,3.405,9.472,-5.899,-10.984,-1.481,-62.748,3.435,0.189,6.687,-15.163,-23.298,118.153,-5.13,6.617,-2.991,-17.809,-17.405,279.74,51.832,0,0
0,0.098,0,74.646,-164.109,-9.487,5,15,10,1,0,5.647,-3.753,-13.546,50.473,-30.534,3.237,8.088,-4.17,-11.115,21.893,-74.992,3.802,-0.994,6.531,-15.774,-31.221,107.74,-9.802,7.056,-0.479,-16.715,-19.16,290.153,57.053,0,0
0,-0.191,0,72.768,-187.855,-28.908,5,15,10,1,0,6.474,-0.405,-14.698,41.649,-21.45,6.565,5.425,-4.563,-11.585,44.076,-92.244,-2.626,-2.045,5.329,-16.411,-54.504,192.626,-6.626,7.695,-1.039,-17.843,-25.16,302.168,58.992,0,0
0,-0.803,0,70.677,-209.118,-61.169,5,15,10,1,0,7.12,-1.55,-13.098,30.855,-18.687,6.137,3.978,-1.708,-13.201,59.374,-111.511,-1.176,-2.752,4.939,-15.939,-61.74,348.26,-19.053,7.664,2.726,-15.56,-24.29,308.168,62.29,0,0
0,-1.759,0,68.348,-232.865,-95.638,5,15,10,1,0,7.329,-1.49,-12.789,13.13,-12.58,6.443,7.41,0.378,-12.124,59.557,-124.351,-3.008,-4.563,3.863,-16.317,-51.908,145.145,-8.977,3.988,-1.186,-18.983,-12.824,309.282,60.718,0,0
0,-3.004,0,65.865,-248.269,-124.501,5,15,10,1,0,8.799,-2.35,-13.649,-0.168,-1.099,8.489,7.542,0.778,-12.559,44.931,-137.16,-1.74,-4.639,5.171,-17.033,-62.168,125.221,1.832,7.939,-2.213,-19.086,-15.664,323.084,60.718,0,0
0,-4.455,0,63.247,-261.841,-145.031,5,15,10,1,0,7.384,-0.877,-14.602,-19.985,1.16,9.954,8.143,2.299,-11.872,27.695,-145.481,3.618,-3.046,3.855,-30.56,433.466,435.038,-13.313,12.188,1.732,-15.944,-2.122,320.992,62.916,0,0
0,-5.937,0,60.577,-267.026,-148.27,5,15,10,1,0,6.747,-3.446,-11.525,-32.534,-0.031,10.565,9.113,3.631,-11.831,0.168,-137.374,6.565,-1.902,5.687,-18.068,-150.504,68.397,82.565,7.654,-0.548,-19.565,19.16,312.397,61.038,0,0
0,-7.446,0,57.856,-272.095,-150.856,5,15,10,0,0,6.534,-2.256,-12.385,-43.481,2.336,10.779,10.847,2.433,-12.33,-22.198,-130.366,9.847,-3.684,2.991,-14.631,-75.267,33.435,11.649,6.931,-2.474,-21.191,32.015,307.374,52.931,0,0
0,-8.809,0,55.176,-268.01,-136.288,5,15,10,0,0,7.822,-3.13,-10.744,-56.29,-3.069,10.137,12.552,0.764,-10.373,-43.313,-115.664,10.214,-2.608,4.006,-16.152,-138.137,65.252,30.107,10.742,0.453,-21.143,27.573,303.634,48.855,0,0
0,-10.031,0,52.461,-271.443,-122.269,5,15,10,0,0,7.077,-5.806,-11.192,-47.42,-7.42,9.038,14.08,-0.79,-9.527,-56.58,-102.305,13.16,-2.043,3.375,-11.604,-47.084,59.176,127.267,6.823,1.631,-21.22,21.511,291.191,42.901,0,0
0,-11.028,0,49.752,-270.951,-99.655,5,15,10,0,0,6.071,-5.995,-10.246,-43.771,-19.359,7.435,13.067,-2.951,-8.706,-54.824,-94.718,19.344,-2.443,2.151,-9.197,-17.099,48.153,58.687,10.303,3.844,-20.604,10.489,276.153,39.328,0,0
0,-11.786,0,47.093,-265.881,-75.806,5,15,10,0,0,4.615,-5.925,-9.709,-41.511,-30.382,5.71,11.966,-2.371,-7.583,-51.023,-95.267,25.679,-1.554,2.321,-7.214,12.763,25.099,129.16,6.737,4.062,-21.699,10.901,245.618,33.13,0,0
0,-12.343,0,44.569,-252.331,-55.676,5,15,10,0,0,3.83,-7.235,-8.22,-36.489,-43.969,1.069,14.763,-3.822,-5.437,-40.779,-91.45,26.534,-2.338,2.635,-5.662,34.031,-2.26,126.534,5.92,1.265,-24.276,20.046,209.939,27.267,0,0
0,-12.723,0,42.255,-231.446,-38.017,5,15,10,0,0,5.463,-6.67,-9.008,-29.847,-55.679,-3.863,15.137,-2.383,-5.451,-37.756,-74.687,27.435,-2.247,9.226,13.546,355.649,-86.84,214.962,4.316,6.687,-19.943,28.489,166.763,20.366,0,0
0,-12.841,0,40.248,-200.673,-11.776,5,15,10,0,0,7.259,-8.854,-8.641,-18.29,-65.221,-6.931,12.897,-3.583,-7.904,-41.573,-55.832,22.107,4.692,7.954,0.352,44.718,-76.947,118.534,8.577,0.01,-22.415,52.183,126.321,29.511,0,0
0,-12.629,0,38.809,-143.91,21.217,5,15,10,0,0,7.913,-10.27,-8.294,-1.588,-77.954,-8.779,10.849,-3.801,-8.203,-39.634,-41.908,21.847,3.011,7.76,-1.633,28.382,-75.603,86.595,7.872,5.968,-21.981,74.427,85.389,26.092,0,0
0,-12.236,0,37.864,-94.471,39.23,5,15,10,0,0,12.282,-4.68,-10.011,-1.374,-82.031,-10.794,11.118,-4.958,-8.967,-39.389,-37.649,14.702,0.968,8.727,22.331,128.595,-301.191,266.26,1.396,8.874,-30.453,68.336,8.809,10.336,0,0
0,-11.639,0,37.652,-21.252,59.692,5,15,10,0,0,4.244,-2.182,-13.211,-8.412,-99.664,-17.466,14.169,-1.444,-9.741,-37.634,-32.504,13.802,1.418,9.331,23.711,95.985,-112.122,102.595,1.806,8.004,-31.123,56.702,-71.847,-0.916,0,0
0,-10.841,0,38.194,54.165,79.823,5,15,10,0,0,4.273,-2.917,-12.416,-8.687,-102.183,-18.107,12.171,-2.536,-10.497,-40.916,-29.878,16.061,-0.062,7.183,-3.916,1.542,-70.183,-5.985,1.669,5.774,-31.602,28.519,-136.931,-8.198,0,0
0,-9.951,0,39.366,117.256,89.001,5,15,10,0,0,9.432,-3.279,-14.305,-5.481,-105.038,-23.038,11.271,-1.521,-13.24,-46.656,-31.237,14.885,-0.913,6.615,-4.824,-36.29,-204.351,-115.053,3.923,3.454,-25.284,8.351,-190.885,-6.504,0,0
0,-9.084,0,41.244,187.798,86.746,5,15,10,0,0,12.382,-4.246,-12.296,-3.16,-101.786,-25.786,9.865,-2.539,-13.134,-50.733,-33.435,11.969,1.006,9.678,-9.515,-38.214,-112.504,-101.374,7.231,6.292,-8.713,-25.344,-215.344,-6.733,0,0
0,-8.311,0,43.303,205.857,77.316,5,15,10,0,0,9.048,-2.419,-15.251,-12.55,-102.031,-28.931,11.625,1.365,-13.261,-52.84,-35.954,3.496,0.163,9.725,-16.899,-91.893,-123.863,-230.84,15.352,8.076,4.819,-69.511,-178.947,-10.305,0,0
0,-7.603,0,45.163,186.047,70.713,5,15,10,0,0,10.687,-1.823,-13.182,-27.405,-98.427,-31.466,13.376,-0.642,-12.926,-57.893,-37.45,-1.527,0.374,-37.181,-19.754,475.832,-250.779,-61.313,11.568,4.321,12.001,-81.45,-129.679,-2.656,0,0
0,-7.062,0,46.317,115.357,54.165,5,15,10,0,1,12.1,-3.698,-11.031,-41.053,-93.771,-33.527,11.333,-0.489,-13.388,-59.985,-40.824,-1.817,4.546,9.386,-17.785,-90.901,-49.084,-171.908,11.755,-6.605,-2.769,-77.679,-71.817,6.321,0,1
0,-6.611,0,47.005,68.791,45.078,15,5,10,0,1,11.34,-3.224,-9.405,-58.046,-90.595,-33.71,14.195,0.376,-11.582,-63.267,-38.519,-4.55,2.029,6.577,-15.496,-121.145,-94.733,-346.931,8.246,-5.367,-14.176,-64.412,-61.328,12.168,0,0
0,-6.219,0.659,47.363,35.877,39.173,15,5,10,0,1,9.918,-0.311,-11.199,-74.977,-82.626,-34.626,17.079,-0.829,-10.375,-71.786,-30.687,-10.611,1.212,3.614,-8.294,-125.16,-55.893,-87.542,12.279,9.159,-10.251,-77.542,-72.275,12.183,0,0
0,-5.743,1.279,47.65,28.61,47.608,15,5,10,0,1,10.433,-4.354,-8.931,-84.565,-90.046,-39.42,16.923,-0.963,-9.468,-74.443,-20.977,-4.733,1.381,-7.338,-40.045,176.718,3.878,183.695,11.027,-4.364,-23.692,-47.038,-86.366,-5.328,0,0
0,-5.088,1.862,48.1,44.998,65.506,15,5,10,0,1,7.137,-3.64,-10.428,-89.817,-98.229,-39.16,17.203,-0.491,-6.898,-74.702,-8.443,-4.137,1.381,-7.338,-40.045,180.748,-491.13,136.794,10.758,-0.354,-18.276,-27.298,-108.58,-19.603,0,0
0,-4.227,2.405,48.565,46.555,86.094,15,5,10,0,1,7.48,-3.317,-10.272,-89.084,-106.534,-40.977,16.26,-1.063,-6.634,-70.168,0.305,-1.649,2.162,-4.407,4.867,-123.389,-307.328,-348.824,13.158,0.407,-12.6,-19.221,-97.16,-24.076,0,0
0,-3.041,2.911,48.683,11.753,118.664,15,5,10,0,1,9.695,-4.737,-9.022,-78.214,-115.969,-43.695,16.976,-1.233,-6.759,-61.405,18.519,-1.267,3.434,5.917,-21.038,138.595,399.115,-54.229,13.64,-4.347,-14.032,-20.656,-53.145,-20.901,0,0
0,-1.547,3.378,48.265,-41.76,149.346,15,5,10,0,1,9.123,-7.645,-6.72,-55.924,-130.275,-46.427,17.663,-3.947,-4.409,-56.153,42.092,-3.969,7.666,2.182,-12.794,40.656,-216.992,-45.496,10.421,-5.564,-13.426,17.023,-48.672,-8.015,0,0
0,0.295,3.807,47.627,-63.778,184.25,15,5,10,0,0,9.846,-4.663,-8.421,-35.145,-134.534,-46.214,18.063,-1.712,-6.97,-47.053,58.779,-10.137,3.276,3.091,-26.561,74.55,-496.382,-94.962,15.232,-0.501,-16.449,27.13,-31.573,-15.481,0,0
0,2.397,4.198,46.624,-100.331,210.171,15,5,10,0,1,8.627,-8.526,-5.137,-22.366,-145.221,-49.023,16.89,-1.224,-5.015,-31.802,80.412,-6.198,5.532,8.599,-12.181,52.748,-278.916,-97.71,12.828,4.677,-10.996,15.802,-19.756,-25.74,0,0
0,4.782,4.55,44.99,-163.342,238.438,15,5,10,0,0,10.881,-3.068,-6.876,-24.473,-145.618,-46.061,14.983,-0.944,-6.186,-17.924,97.191,-10.275,2.924,2.019,-15.048,31.527,-292.656,-98.687,15.062,-3.645,-15.23,28.214,16.122,-19.664,0,0
0,7.404,4.865,42.801,-218.96,262.208,15,5,10,0,1,9.331,0.711,-8.62,-30.611,-152.504,-41.786,14.2,0.58,-6.725,-13.42,117.145,-21.16,2.943,4.838,-16.444,36.656,250.26,40.794,15.077,-2.627,-12.835,49.008,34.84,-11.221,0,0
0,10.443,5.14,40.006,-279.442,303.967,15,5,10,0,1,17.539,-8.639,-7.808,-23.725,-166.26,-42.504,13.925,2.005,-7.916,-6.962,147.145,-15.099,1.679,1.811,-13.946,43.908,-197.023,16.366,17.738,-3.492,-13.822,66.137,54.153,-9.954,0,0
0,13.629,5.378,36.707,-329.945,318.581,15,5,10,0,1,14.806,-14.107,-11.513,-9.863,-177.954,-30.489,15.525,-0.034,-6.919,0.702,170.122,-20.931,2.62,0.719,-14.516,50.687,-209.603,25.13,10.96,-0.63,-9.398,81.374,64.321,-7.908,0,0
0,17.298,5.577,32.99,-371.705,366.91,15,5,10,0,1,11.92,-12.114,-15.029,19.191,-193.832,-29.008,14.401,-1.842,-7.916,11.313,197.16,-17.344,-2.433,4.886,-13.889,47.084,-227.45,46.84,14.121,-4.196,-4.764,115.023,54.504,-16.122,0,0
0,21.418,5.738,29.035,-395.52,412,15,5,10,0,1,14.049,-8.682,-17.163,42.58,-213.038,-37.053,17.498,-4.879,-9.808,29.435,219.145,-1.679,-3.796,1.739,-14.681,49.038,-236.26,22.611,5.911,-3.399,-13.541,152.092,44.443,-21.344,0,0
0,26.158,5.86,25.282,-375.31,473.935,15,5,10,0,1,11.024,-5.293,-18.997,77.985,-221.206,-45.603,9.856,-8.665,-14.77,44.809,232.183,15.893,4.21,1.505,-14.873,120.656,-449.649,99.969,5.707,-2.429,-14.485,178.061,35.664,-15.924,0,0
0,31.149,5.945,22.256,-302.559,499.135,15,5,10,0,1,15.297,-10.124,-15.12,89.496,-231.725,-40.397,12.255,-2.139,-16.262,73.206,237.893,22.992,8.201,3.782,-10.421,71.786,-196.687,23.985,8.835,9.082,-12.61,147.817,16.534,-9.908,0,0
0,36.389,5.991,19.894,-236.207,523.98,15,5,10,0,1,9.398,-8.905,-23.692,147.374,-236.595,-49.771,7.592,-3.554,-16.109,106.366,251.527,71.893,7.992,5.079,-12.737,167.863,-336.305,24.672,8.462,8.342,-12.631,91.924,16.366,-15.084,0,0
0,41.729,5.998,18.122,-177.178,533.994,15,5,10,0,1,15.508,-5.53,-24.829,145.008,-236.122,-47.435,14.088,0.893,-12.696,97.267,262.275,79.466,5.384,5.494,-14.717,82.458,394.855,-41.527,10.411,8.04,-10.282,40,10.809,-17.679,0,0
0,47.105,5.968,16.657,-146.485,537.61,15,5,10,0,1,10.763,-10.136,-21.668,205.084,-214.733,-43.847,15.177,-1.284,-17.053,71.695,268.962,96.26,2.079,0.408,-23.864,169.084,415.863,-245.252,9.513,4.155,-9.144,12,17.282,-19.405,0,0
0,52.144,5.899,15.192,-146.496,503.884,15,5,10,0,1,8.981,-10.145,-17.263,227.206,-195.389,-45.664,31.279,-5.077,-11.877,76.504,280.809,104.076,3.712,13.425,-20.961,-485.16,-140.107,-246.473,10.085,-0.137,-8.462,15.466,18.382,-16.901,0,0
0,56.329,5.791,13.654,-153.866,418.534,15,5,10,0,1,9.314,-5.087,-14.152,233.893,-141.847,-43.115,17.395,-3.159,-14.988,87.282,258.962,124.824,-0.968,0.164,-23.069,121.389,-314.519,-28.214,7.971,-1.408,-9.537,32.962,24.382,-13.542,0,0
0,59.764,5.646,12.046,-160.744,343.541,15,5,10,0,1,9.539,2.498,-18.449,204.565,-97.511,-42.58,16.6,-1.796,-13.929,108.183,243.45,106.26,0.232,6.878,-12.605,48.015,-291.74,-61.802,11.099,1.835,-6.816,51.374,26.351,-7.71,0,0
0,62.654,5.462,10.344,-170.254,288.93,15,5,10,0,1,7.69,3.116,-17.388,184.076,-63.573,-39.588,9.666,-1.942,-10.315,105.847,218.26,90.641,1.557,7.063,-12.169,58.641,-289.664,-52.336,10.21,0.333,-8.747,65.267,26.397,-3.252,0,0
0,65.111,5.24,8.674,-166.993,245.705,15,5,10,0,1,7.951,1.868,-15.165,141.221,-44.611,-30.718,9.903,-0.148,-11.975,109.359,197.084,72.947,2.256,6.501,-15.798,126.397,426.779,379.603,10.804,2.738,-8.68,76.565,26.183,0.55,0,0
0,67.287,4.979,7.121,-155.331,217.61,15,5,10,0,1,5.909,2.833,-16.514,90.26,-23.924,-20.718,12.495,1.439,-11.039,96.153,191.664,46.107,4.4,5.767,-12.536,71.649,473.756,-105.771,8.447,2.105,-9.163,77.832,15.634,1.267,0,0
0,69.239,4.681,5.836,-128.46,195.191,15,5,10,0,1,4.656,1.037,-16.327,45.008,1.328,-12.092,13.503,1.451,-11.877,77.252,191.16,19.939,4.392,7.114,-14.145,155.344,-494.87,-229.374,8.967,4.776,-8.751,57.725,13.557,1.466,0,0
0,70.926,4.344,4.675,-116.089,168.766,15,5,10,0,1,3.863,2.081,-16.734,0.947,26.947,-7.405,13.211,-0.007,-10.701,64.305,192.168,1.802,6.158,5.767,-11.218,77.863,-113.115,-7.084,8.457,5.362,-9.374,39.588,11.176,-1.542,0,0
0,72.421,3.968,3.752,-92.354,149.437,15,5,10,0,1,2.723,1.111,-18.185,-38.55,45.496,-5.023,12.124,-0.055,-11.417,53.802,192.244,-13.176,5.042,8.579,-11.681,62.641,-404.595,-25.405,7.221,2.009,-7.916,17.313,0.153,-2.87,0,0
0,73.673,3.555,3.005,-74.65,125.21,15,5,10,0,1,3.573,-2.599,-16.339,-54.809,66.092,-1.863,10.1,-0.723,-11.534,47.053,190.947,-24.427,4.627,14.134,-15.97,-422.855,254.412,13.191,8.926,2.749,-6.5,16.443,-6.076,-1.45,0,0
0,74.783,3.103,2.445,-56.019,110.974,15,5,10,0,1,2.067,1.039,-17.723,-76.382,79.527,-0.626,10.718,-1.265,-10.746,42.458,187.328,-31.282,4.354,3.529,-20.741,491.221,325.374,64.489,9.812,1.015,-8.67,15.267,-1.74,-0.519,0,0
0,75.702,2.612,2.027,-41.771,91.942,15,5,10,0,1,2.472,0.855,-17.407,-77.649,81.954,-0.473,9.278,-0.972,-10.576,36.672,180.58,-36.931,6.124,7.508,-11.326,45.664,-71.008,8.092,9.606,4.124,-5.954,5.71,-10.26,1.374,0,0
0,76.471,2.084,1.726,-30.075,76.859,15,5,10,0,1,2.065,0.024,-16.739,-86.534,120.519,4.321,8.953,0.189,-10.294,27.557,173.084,-44.84,2.429,9.278,-14.219,39.924,-137.344,13.008,9.456,1.552,-8.79,7.832,-13.176,0.504,0,0
0,77.05,1.517,1.617,-10.929,57.907,15,5,10,0,1,2.608,-0.232,-16.868,-77.939,143.954,4.061,10.073,-1.648,-10.893,17.374,171.053,-51.679,5.188,8.105,-12.049,22.855,-215.817,28.153,8.641,1.162,-8.919,3.466,-31.313,2.885,0,0
0,77.43,0.912,1.698,8.057,38.063,15,5,10,0,1,3.03,-4.663,-16.962,-66.718,155.847,-2.626,15.496,-0.994,-10.675,13.542,177.695,-48.412,2.424,9.687,-20.133,32.351,-248.061,12.58,10.775,5.372,-6.895,-13.878,-26.504,4.214,0,0
0,77.492,0.268,1.72,2.197,6.203,15,5,10,0,1,5.588,-4.567,-17.184,-21.802,188.427,-3.252,9.626,-2.484,-13.273,18.901,169.267,-35.634,1.875,9.386,-14.643,0.534,-58.351,-1.099,9.46,2.85,-8.179,-26.382,-32.092,-1.557,0,0
0,77.386,0,1.698,-2.197,-10.62,15,5,10,0,1,1.794,-4.768,-18.643,-0.397,195.802,-15.038,9.935,-1.545,-12.092,24.046,172.107,-19.145,2.163,8.086,-13.616,-19.282,-60.947,-1.832,7.633,-0.465,-9,-24.84,-40.763,-0.229,0,0
0,77.043,0,1.683,-1.499,-34.355,15,5,10,0,1,-1.509,-2.299,-20.544,43.908,216.122,-17.359,9.444,-3.286,-11.537,34.198,165.969,-10.489,0.594,7.786,-14.468,-30.702,-132.534,-3.969,10.071,0.68,-7.314,-21.374,-40.977,2.931,0,0
0,76.442,0,1.661,-2.186,-60.047,15,5,10,0,1,1.214,-5.14,-17.397,65.221,227.817,-27.786,6.215,-1.794,-12.639,46.672,152.29,6.214,2.584,5.413,-13.144,-31.985,-361.298,-3.42,12.658,0.838,-7.381,-7.069,-47.099,3.527,0,0
0,75.658,0,1.595,-6.626,-78.404,15,5,10,0,1,0.287,-2.836,-17.656,66.458,238.595,-35.252,4.991,-2.666,-11.776,59.908,139.053,11.237,2.781,6.474,-13.225,-31.13,-61.908,2.611,10.969,2.438,-7.238,-13.191,-47.954,2.962,0,0
0,74.669,0,1.35,-24.49,-98.923,15,5,10,0,1,1.643,-3.058,-18.037,59.313,246.992,-41.618,4.34,-2.838,-11.554,73.649,121.939,15.069,6.023,4.014,-10.423,-30.855,-70.015,7.542,7.47,0.055,-10.775,-15.42,-48.916,1.71,0,0
0,73.501,0,1.068,-28.187,-116.776,15,5,10,0,1,1.49,-0.826,-19.857,49.069,255.74,-45.802,5.403,-3.248,-11.041,87.588,104.916,11.267,5.259,2.656,-11.01,-20.763,-67.328,4.198,10.026,0.862,-7.209,-7.924,-51.16,3.634,0,0
0,72.084,0,0.851,-21.664,-141.724,15,5,10,0,1,0.469,-1.14,-19.706,34.168,260.962,-50.733,4.955,-2.805,-10.658,100.702,86.061,10.55,5.046,3.657,-11.494,-5.985,-62.595,0.153,12.023,1.976,-6.342,2.076,-54.092,3.206,0,0
0,70.447,0,0.669,-18.242,-163.685,15,5,10,0,1,2.809,-1.487,-19.936,25.237,272.046,-52.229,5.544,-3.559,-11.046,110.504,72.931,4.84,8.694,2.4,-9.875,7.344,-63.74,5.008,5.99,-1.027,-11.769,9.038,-60.305,3.206,0,0
0,68.495,0,0.617,-5.127,-195.214,15,5,10,0,1,6.84,0.886,-21.313,11.176,286.565,-52.733,3.89,-1.085,-13.434,124.763,50.443,-5.817,2.917,5.868,-14.131,16.656,-66.427,-1.344,12.066,2.45,-6.275,3.939,-51.13,4.229,0,0
0,66.364,0,0.459,-15.793,-213.089,15,5,10,0,1,2.651,-0.948,-21.572,1.832,284.855,-48.198,4.206,-1.736,-12.239,132,36.534,-18.855,7.274,3.202,-12.217,23.115,-68.977,3.176,5.544,-2.364,-13.242,15.481,-60.473,2.198,0,0
0,64.016,0,0.452,-0.755,-234.799,15,5,10,0,1,4.802,-2.373,-21.701,1.649,286.366,-49.069,6.366,-0.031,-10.224,134.351,26.443,-33.771,2.764,5.257,-15.249,22.733,-262.305,-13.313,11.657,2.002,-6.347,17.557,-58.748,4.626,0,0
0,61.482,0,0.452,-0,-253.43,15,5,10,0,1,5.87,-5.264,-22.075,9.985,286.061,-41.328,2.943,3.367,-11.704,116.916,13.542,-37.496,3.027,5.874,-19.079,119.191,-250.947,-30.84,9.614,0.843,-8.208,19.16,-61.038,3.237,0,0
0,58.911,0,0.467,1.499,-257.081,15,5,10,0,1,4.124,-3.446,-24.956,9.206,279.802,-35.679,4.237,3.478,-9.513,92.763,7.481,-47.038,2.304,4.857,-14.322,35.847,-61.847,-18.397,10.061,0.34,-6.486,23.725,-63.191,2.809,0,0
0,56.267,0,0.485,1.82,-264.336,15,5,10,0,0,-0.594,-3.626,-26.343,6.122,256.198,-31.573,6.162,5.415,-5.576,60.656,-3.481,-45.939,3.83,5.998,-16.535,72.84,-119.588,-55.634,9.875,-0.359,-7.238,35.893,-65.511,6.931,0,0
0,53.718,0,0.507,2.209,-254.929,15,5,10,0,0,2.524,-4.313,-25.89,2.748,240.916,-19.221,4.103,3.767,-6.498,35.802,-17.603,-45.176,6.141,3.97,-15.654,328.901,248.656,-129.954,8.977,0.278,-8.43,46.947,-74.901,9.71,0,0
0,51.269,0,0.558,5.127,-244.95,15,5,10,0,0,1.19,-5.726,-26.259,-14.26,206.275,-12.046,3.909,3.434,-5.549,20.962,-28.779,-33.618,6.807,3.745,-24.755,321.45,-379.13,-51.176,11.975,1.969,-10.495,37.985,-76.84,10.382,0,0
0,49.071,0,0.8,24.136,-219.796,15,5,10,0,0,0.295,-5.535,-27.866,-30.824,168.855,-1.099,4.321,3.147,-4.107,10.076,-38.595,-28,6.644,4.84,-11.106,38.672,-139.435,-38.779,10.751,2.692,-8.931,36.397,-96.824,6.58,0,0
0,47.049,0,1.345,54.554,-202.126,15,5,10,0,0,-0.728,-8.292,-25.272,-41.023,128.015,11.115,5.051,1.291,-2.474,1.985,-48.595,-22.55,5.463,6.297,-12.88,43.649,-31.053,-6.29,10.114,3.046,-8.572,28.58,-99.191,4.504,0,0
0,45.39,0,2.012,66.651,-165.928,15,5,10,0,0,0.759,-6.613,-26.992,-59.985,91.267,20.718,5.887,2.625,-1.492,-10.611,-59.954,-16.351,5.245,5.614,-13.683,47.618,-33.237,-16.397,10.294,0.62,-10.873,19.573,-104.29,6.58,0,0
0,44.047,0,2.81,79.846,-134.32,15,5,10,0,0,1.763,-6.708,-27.112,-66.168,58.153,26.153,9.424,2.421,-1.176,-25.099,-66.275,-19.023,4.045,6.728,-12.737,47.908,-32,-10.244,15.005,0.01,-8.028,16.473,-106.168,9.282,0,0
0,42.945,0,3.671,86.06,-110.23,15,5,10,0,0,7.264,-5.794,-24.563,-58.718,44.763,22.382,10.842,-0.036,-3.559,-43.618,-64.702,-14.84,4.287,5.008,-13.4,50.672,-34.794,-5.939,12.437,-0.395,-8.418,18.076,-111.695,13.053,0,0
0,42.047,0,4.528,85.728,-89.733,15,5,10,0,0,7.956,-4.586,-25.442,-60.244,42.748,22.397,9.175,-0.141,-2.524,-22.137,-60.351,-5.328,4.402,5.243,-12.773,59.252,-42.092,-2.29,11.894,-2.565,-9.693,30.366,-113.359,18.763,0,0
0,41.501,0,5.414,88.623,-54.588,15,5,10,0,0,-5.233,0.838,-42.437,-60.229,-69.618,8.885,5.243,2.026,-3.511,-22.962,-77.725,11.618,4.45,5.774,-12.289,67.008,-125.695,-341.496,13.525,-0.091,-6.182,42.031,-111.695,23.969,0,0
0,41.637,0,6.256,84.183,13.561,15,5,10,1,0,3.224,-3.212,-22.034,-51.45,-124.397,-8.947,8.21,-2.888,-2.527,-7.969,-78.901,24.092,8.617,4.476,-10.732,71.939,-19.481,12.198,12.107,-0.934,-7.197,55.649,-126.763,27.481,1,0
0,42.084,0,7.169,91.267,44.655,5,5,10,1,0,13.537,-5.671,-6.359,-30.366,-113.832,-13.481,14.78,-6.538,-4.883,1.74,-68.519,29.252,7.235,6.488,-11.884,73.649,-11.282,16.183,13.846,-0.113,-6.783,62.489,-122.244,28.901,0,0
0.655,42.63,0,8.183,101.395,54.588,5,15,10,1,0,12.593,-7.975,-6.17,4.29,-89.985,-4.489,14.186,-5.41,-8.957,15.481,-41.954,44.504,9.578,8.452,-10.734,63.42,5.893,19.359,13.867,0.407,-7.31,65.634,-139.725,30.824,0,0
1.273,43.317,0,9.381,119.763,68.791,5,15,10,1,0,8.977,-6.399,-5.353,38.55,-78.779,1.359,14.088,-1.772,-4.848,26.885,-14.061,68.962,10.962,9.005,-10.986,44.137,15.237,19.298,14.55,2.158,-8.224,49.649,-147.74,30.901,0,0
1.852,44.252,0,10.794,141.381,93.441,5,15,10,1,0,4.402,-4.74,-14.083,49.756,-87.466,-2.718,9.151,-0.879,-3.097,28.931,-6.26,98.29,12.018,9.968,-9.424,17.817,18.962,40.519,15.366,1.176,-8.416,22.534,-158.672,28.641,0,0
2.394,45.379,0,12.507,171.307,112.759,5,15,10,1,0,2.467,-4.024,-25.814,73.817,-105.786,-5.511,1.32,-2.057,-4.371,43.328,-31.618,104.076,12.698,8.986,-9.139,-6.626,43.42,16.947,13.446,2.728,-8.213,4.947,-172.763,24.611,0,0
2.897,46.464,0,14.632,212.483,108.456,5,15,10,1,0,2.793,0.726,-25.787,68.305,-120.656,-7.481,4.677,-5.075,-7.061,50.382,-59.878,87.527,10.272,6.277,-9.036,-31.664,60.183,14.824,12.583,2.62,-7.777,-25.71,-182.947,19.71,0,0
3.363,47.178,0,17.096,246.392,71.388,5,15,10,1,0,12.169,-5.705,-17.886,88.962,-97.756,-8.26,9.156,-2.814,-9.226,69.863,-74.031,64.489,11.031,6.234,-8.545,-32.412,62.534,14.382,19.112,-1.674,-7.044,-47.038,-195.511,18.84,0,0
3.791,47.141,0,19.905,280.884,-3.719,5,15,10,1,0,8.136,5.135,-21.196,82.29,-61.466,-0.321,13.405,-0.786,-11.762,61.695,-92.168,38.58,11.053,9.573,-5.149,-44.702,106.427,8.611,15.613,2.041,0.295,-62.168,-222.916,23.099,0,0
4.181,46.42,0,22.992,308.716,-72.075,5,15,10,1,0,9.52,4.574,-18.066,41.725,-42.809,6.55,14.837,2.73,-9.999,43.191,-110.015,28.489,12.552,7.017,-5.463,-45.908,137.084,6.519,23.668,-0.556,1.899,-61.618,-203.74,21.389,0,0
4.534,45.141,0,26.267,327.439,-127.842,5,15,10,1,0,11.302,2.618,-19.469,-4.916,-21.221,20.504,14.025,4.625,-8.727,20.58,-132.672,12.824,11.647,8.926,-6.955,-66.947,162.87,8.702,22.317,1.289,-1.312,-71.481,-172.122,22.168,0,0
4.848,43.439,0,29.661,339.455,-170.277,5,15,10,1,0,11.724,3.513,-19.472,-9.725,-18.55,22.702,14.286,3.724,-9.709,-3.893,-148.443,-6.214,10.679,9.139,-7.767,-89.374,188.763,9.802,17.551,3.784,-5.875,-80.412,-165.115,28.29,0,0
5.124,41.293,0,33.316,365.468,-214.6,5,15,10,1,0,12.131,0.204,-16.413,-104.84,18.534,33.679,12.421,2.333,-13.977,-30.244,-163.527,-9.588,6.835,10.588,-11.017,-122.443,410.794,-0.855,13.889,6.33,-12.423,-92.305,-170.58,34.168,0,0
5.363,38.806,0,37.219,390.359,-248.681,5,15,10,1,0,10.43,0.467,-17.239,-106.229,22.916,32.519,11.12,3.868,-12.057,-45.298,-171.939,-15.74,5.063,9.537,-15.093,-126.504,219.603,-20.641,15.517,4.21,-20.619,-102.076,-182.046,28.534,0,0
5.564,36.037,0,41.504,428.479,-276.867,5,15,10,1,0,6.926,-1.899,-14.454,-130.656,55.023,41.756,9.113,4.656,-11.613,-43.969,-178.092,-9.496,2.393,9.06,-18.925,-147.237,444.595,-96.916,16.468,4.309,-20.851,-138.504,-202.214,27.328,0,0
5.727,33.181,0,46.075,457.101,-285.588,5,15,10,1,0,6.567,-4.606,-10.234,-156.687,34.779,50.336,10.957,-0.237,-7.202,-54.656,-187.832,-12.977,7.3,8.945,-18.842,-163.42,-71.344,-212.885,21.05,13.822,-15.122,-184.504,-204.092,36.168,0,0
5.852,30.233,0,50.85,477.471,-294.812,5,15,10,1,0,4.534,1.394,-16.897,-149.786,40.122,48.748,7.662,2.273,-7.851,-69.863,-187.557,-7.908,7.717,9.366,-26.494,-364.763,12.198,404.031,15.364,-1.054,-17.726,-198.183,-212.489,38.565,0,0
5.939,27.519,0,55.626,477.586,-271.409,5,15,10,1,0,1.284,-4.67,-16.195,-130.107,12.885,42.595,10.751,-0.472,-5.774,-78.031,-173.115,-7.969,7.056,3.195,-20.214,-160.061,-492.992,-162.595,15.362,5.798,-16.365,-189.603,-195.053,43.069,0,0
5.988,25.157,0,60.379,475.354,-236.184,5,15,10,1,0,4.325,-6.213,-18.976,-98.382,15.74,36.916,7.346,3.046,-10.718,-78.855,-164.702,2.412,7.331,-0.273,-20.008,-144.397,263.527,-89.084,10.514,4.091,-23.213,-174.855,-171.481,29.878,0,0
5.999,23.283,0,64.964,458.508,-187.477,5,15,10,1,0,7.41,-8.483,-13.941,-69.603,2.84,33.969,12.883,-0.616,-9.13,-82.626,-148.427,7.099,7.623,2.776,-20.645,-106.198,62.382,-346.382,11.07,9.949,-17.637,-187.084,-144.885,21.618,0,0
5.973,21.689,0,69.084,411.931,-159.314,5,15,10,1,0,4.768,-6.797,-15.053,-36.26,-0.87,34.244,12.174,-3.272,-8.064,-77.664,-139.863,14.672,8.902,5.573,-20.988,-80.336,243.237,-80.733,9.429,0.695,-14.452,-187.893,-121.695,12.122,0,0
5.908,20.309,0,72.409,332.543,-138.073,5,15,10,1,0,6.905,-4.792,-12.689,-37.389,0.809,29.405,11.091,-3.801,-9.41,-74.168,-137.74,26.962,8.862,2.502,-20.391,-117.679,-116.595,-275.603,11.228,-2.474,-12.926,-135.053,-96.489,15.435,0,0
5.806,18.936,0,75.203,279.431,-137.272,5,15,10,1,0,7.781,-6.498,-13.544,-30.962,9.573,28.061,8.612,-4.04,-10.411,-65.985,-141.527,32.29,10.493,2.831,-11.793,-50.504,410.885,-101.13,12.837,-6.222,-10.356,-73.695,-46.473,20.809,0,0
5.666,17.482,0,77.437,223.32,-145.443,5,15,10,1,0,8.696,-4.883,-13.527,-32.458,8.443,24.718,9.628,-2.953,-9.549,-67.206,-145.634,33.45,7.245,4.51,-14.995,-41.069,385.908,-45.588,13.331,-9.029,-13.886,-17.634,4.901,28.153,0,0
5.488,16.035,0,79.184,174.752,-144.654,5,15,10,1,0,7.173,-5.147,-14.787,-44,8.534,22.198,8.996,-2.929,-9.463,-72,-145.038,28.534,5.803,3.985,-14.631,-56.427,373.359,-1.802,7.983,-3.257,-12.813,27.588,41.359,26.183,0,0
5.272,14.559,0,80.55,136.574,-147.572,5,15,10,1,0,3.904,-4.165,-15.992,-37.13,11.16,22.824,6.924,-2.503,-9.666,-74.748,-148.519,25.145,3.645,2.247,-14.761,-42.351,181.832,27.084,7.243,-2.582,-14.265,68.931,64.489,18.092,0,0
5.018,13.003,0,81.663,111.305,-155.651,5,15,10,1,0,4.452,-3.3,-13.903,-47.863,8.092,17.557,8.986,-1.902,-8.418,-77.573,-147.145,23.786,1.801,1.885,-14.679,-32.824,178.702,22.534,4.977,-0.922,-15.374,96.321,80.992,9.786,0,0
4.727,11.586,0,82.538,87.502,-141.667,5,15,10,1,0,4.766,-6.146,-14.179,-48.214,8.733,18,9.587,-1.164,-9.733,-78.748,-144.824,19.924,0.228,1.619,-16.107,-17.038,172.733,30.412,5.188,-0.335,-16.959,99.756,104.198,-0.137,0,0
4.397,10.227,0,83.333,79.514,-135.865,5,15,10,1,0,5.094,-3.691,-14.38,-38.107,7.099,15.74,10.73,-0.853,-9.408,-86.031,-142.321,19.664,2.541,1.923,-14.588,3.924,174.031,33.496,2.369,1.444,-15.093,104.046,114.718,-3.176,0,0
4.03,9.128,0,83.941,60.825,-109.909,5,15,10,1,0,6.342,-5.298,-13.762,-29.649,-0.977,12.26,11.906,-0.548,-9.015,-91.939,-131.527,21.817,2.836,0.956,-14.849,21.252,338.87,479.878,4.158,0.74,-14.737,88.977,137.908,-3.008,0,0
3.625,8.103,0,84.351,41.004,-102.551,5,15,10,1,0,9.02,-7.523,-13.194,0.305,7.191,15.634,7.398,-2.642,-11.422,-84.885,-130.458,20.656,1.854,2.641,-20.889,73.221,320.244,80.794,5.549,1.195,-13.537,69.435,160.809,-0.366,0,0
3.181,7.012,0,84.571,21.95,-109.108,5,15,10,0,0,5.48,-1.911,-13.781,5.863,2.656,17.267,8.43,-2.117,-9.947,-70.046,-132.504,17.863,0.369,3.26,-15.776,44.061,322.87,30.779,2.941,-4.146,-17.306,60.107,176.748,4.855,0,0
2.7,5.899,0,84.483,-8.823,-111.305,5,15,10,0,0,6.081,-3.178,-13.125,-3.069,-2,13.374,8.634,-1.183,-9.973,-59.863,-130.763,12.351,0.592,3.027,-15.733,42.702,-142.107,28.519,3.612,-5.149,-19.093,46.718,196.885,11.496,0,0
2.182,4.884,0,84.223,-26.012,-101.498,5,15,10,0,0,7.837,-5.097,-13.355,-2.26,-1.786,12.275,9.508,-0.704,-11.031,-52.901,-125.176,9.542,-1.973,3.491,-40.869,262.351,388.885,90.382,8.677,-1.775,-15.642,14.809,225.313,9.389,0,0
1.625,3.947,0,83.582,-64.018,-93.716,5,15,10,0,0,6.716,-3.777,-13.92,5.16,-7.481,12.718,11.118,-1.109,-11.211,-50.489,-115.374,6.916,-0.134,5.224,-15.484,10.565,-434.076,-125.069,8.181,0.127,-13.424,-4.687,239.13,13.511,0,0
1.03,3.181,0,82.594,-98.866,-76.573,5,15,10,0,0,3.76,-3.937,-12.77,6.519,-14.519,12.092,11.175,-1.15,-11.544,-47.008,-106.183,6.031,-0.584,5.695,-15.501,10.748,130.595,1.74,6.84,-1.449,-14.471,-11.191,257.206,21.679,0,0
0.398,2.694,0,81.293,-130.039,-48.695,5,15,10,0,0,5.307,-2.91,-12.686,5.145,-23.344,8.87,12.049,-2.412,-11.46,-41.008,-88.977,6.107,-1.55,5.985,-16.605,-2.687,233.466,5.313,5.753,-2.282,-16.427,-12.015,270.733,29.176,0,0
0,2.518,0,79.744,-154.942,-17.567,5,15,10,0,0,2.965,-5.039,-13.218,14.687,-32.779,9.725,13.151,-2.419,-10.382,-32.595,-72.748,4.519,-1.231,4.446,-21.292,-30.565,208.718,-125.679,6.61,-0.213,-17.055,-10.489,281.527,35.023,0,0
0,2.518,0,77.924,-182.019,0,5,15,10,0,0,9.935,-4.428,-11.93,29.985,-30.031,10.702,7.973,-4.565,-12.562,-17.405,-68.427,10.092,-2.884,6.622,-16.971,-21.924,183.634,1.16,7.099,0.441,-17.297,-16.641,292.275,38.595,0,0
0,2.467,0,75.885,-203.9,-5.116,5,15,10,0,0,6.433,-5.022,-12.401,36.107,-34.214,10.947,8.787,-3.796,-10.555,5.328,-72.351,8,-2.373,6.15,-15.232,-46.382,160.779,-1.74,5.482,0.575,-16.19,-23.344,297.282,42.183,0,0
0,2.104,0,73.581,-230.359,-36.278,5,15,10,0,0,7.379,-1.741,-14.224,36.84,-18.962,15.008,5.743,-5.609,-11.218,29.832,-89.847,5.71,-3.238,7.063,-16.162,-60.824,250.244,-75.725,6.833,2.012,-14.947,-27.252,309.863,48.412,0,0
0,1.284,0,71.09,-249.07,-82.031,5,15,10,0,0,9.544,-0.766,-13.209,20.702,-13.435,12.351,5.511,-1.926,-11.096,46.168,-112.061,5.481,-1.593,7.075,-14.65,-57.038,113.939,-12.092,7.044,0.548,-16.248,-6.947,309.878,52.305,0,0
0,0.181,0,68.421,-266.957,-110.253,5,15,10,0,0,7.405,-2.009,-12.061,-5.237,-11.878,10.351,8.706,0.623,-9.192,42.122,-122.015,1.115,-4.96,3.245,-18.317,-70.992,68.321,-15.206,3.039,-2.979,-20.37,12.55,312.595,49.298,0,0
0,-1.012,0,65.678,-274.235,-119.374,5,15,10,0,0,5.317,-2.347,-13.019,-26.534,-14.55,11.069,11.597,2.857,-8.445,22.305,-120.26,2.198,-5.786,3.51,-40.917,285.924,252.214,29.679,5.549,-2.579,-21.136,13.573,313.618,46.046,0,0
0,-2.194,0,62.902,-277.657,-118.218,5,15,10,0,0,7.41,-4.299,-11.036,-38.26,-16.275,11.069,14.715,3.94,-6.354,-12.931,-103.221,9.603,-4.127,3.013,-16.102,-84.656,34.244,7.893,8.639,2.39,-19.493,19.725,304.137,42.962,0,0
0,-3.202,0,60.177,-272.473,-100.743,5,15,10,0,0,4.33,-1.926,-9.288,-58.87,-25.13,9.679,15.632,3.058,-4.673,-46.626,-88.931,19.756,-0.46,3.866,-12.246,-65.588,62.321,31.939,5.674,3.612,-21.155,23.023,285.084,38.885,0,0
0,-3.946,0,57.486,-269.154,-74.387,5,15,10,0,0,8.289,-4.062,-3.921,-82.947,-33.023,3.206,12.775,-0.366,-4.091,-68.427,-71.252,28.076,-0.431,3.403,-11.894,-62.595,63.756,23.206,3.696,0.467,-26.302,23.13,270.107,29.954,0,0
0,-4.296,0,54.945,-254.094,-35.076,5,15,10,0,0,3.109,-5.626,-8.668,-96.031,-55.466,-4.763,15.556,-1.847,-2.991,-72.107,-46.153,23.145,-3.264,2.39,-10.509,8.29,4.275,67.573,4.141,2.946,-26.027,19.618,244.916,24.901,0,0
0,-4.315,0,52.52,-242.421,-1.831,5,15,10,0,0,9.139,-10.296,-9.487,-70.794,-60.076,-6.992,9.609,-6.675,-7.777,-69.496,-35.924,20.443,-3.092,3.7,-8.229,39.496,6.244,2.29,4.431,4.416,-25.55,22.687,215.863,16.84,0,0
0,-4.315,0,50.323,-219.727,0,5,15,10,0,0,6.548,-7.425,-14.102,-28.382,-63.985,-2.992,10.445,-5.715,-8.929,-54.046,-43.344,10.489,-3.051,4.584,-6.627,51.863,-27.664,101.13,4.534,4.982,-25.04,38.092,175.908,7.496,0,0
0,-4.253,0,48.323,-199.986,6.203,5,15,10,0,0,6.802,-3.65,-14.15,-13.71,-73.023,-7.527,11.532,-5.042,-10.279,-38.901,-49.954,9.221,-2.726,4.359,-3.516,107.863,-121.038,126.29,1.832,6.093,-26.101,47.649,137.618,-2.794,0,0
0,-3.894,0,46.731,-159.268,35.832,5,15,10,0,0,9.53,-5.6,-11.786,-17.176,-92.458,-19.359,12.844,-4.836,-11.233,-27.771,-46.763,16.122,-4.44,4.962,-6.917,205.176,-313.649,70.473,3.772,6.011,-26.242,61.74,94.901,-15.206,0,0
0,-3.279,0,45.456,-127.442,61.558,5,15,10,0,0,8.081,-4.922,-14.638,-0.366,-96.427,-20.229,14.066,-1.59,-11.015,-16.611,-50.092,12.855,-4.373,5.307,-4.062,394.244,158.275,-75.237,4.069,8.579,-25.289,62.794,47.771,-29.878,0,0
0,-2.546,0,44.507,-94.929,73.277,5,15,10,0,0,6.766,-5.671,-13.771,2.672,-99.13,-20.29,13.297,0.592,-11.101,-12.824,-45.191,11.573,-2.203,5.738,-5.441,99.313,-267.191,-47.206,2.302,10.169,-25.088,55.573,-5.893,-37.344,0,0
0,-1.8,0,43.918,-58.903,74.65,5,15,10,0,0,9.982,-0.17,-13.64,14.229,-96.107,-18.229,12.603,2.187,-10.569,-19.313,-36.855,2.092,8.684,3.075,2.96,72.504,-260.107,-13.924,13.513,-4.522,-27.294,76.427,-24.748,-12.534,0,0
0,-0.997,0,43.797,-12.085,80.235,5,15,10,0,0,7.791,-0.18,-12.849,0.305,-105.924,-21.939,13.213,1.672,-9.681,-32.733,-26.656,-0.779,4.608,9.59,-8.488,1.084,-259.069,-119.939,10.009,5.6,-26.46,58.183,-54.534,13.084,0,0
0,-0.041,0,44.035,23.815,95.593,5,15,10,0,0,8.589,0.371,-13.228,-11.634,-106.107,-24.321,12.84,0.721,-10.141,-43.45,-17.115,-5.634,2.357,21.817,-9.896,-357.649,-55.237,-104.55,9.137,6.033,-19.874,-17.817,-103.511,26.855,0,0
0,0.841,0,44.541,50.549,88.211,5,15,10,0,0,9.894,-1.574,-12.459,-14.229,-103.603,-27.832,10.591,-0.891,-11.475,-44.733,-21.344,-3.084,-1.823,4.612,-23.203,496.458,-246.748,266.748,10.119,6.682,-2.029,-125.008,-97.191,21.725,0,0
0,1.584,0,44.895,35.454,74.341,5,15,10,0,1,8.929,-1.861,-12.488,-16.321,-99.542,-28.55,11.795,-1.851,-10.864,-35.832,-26.504,-8.931,2.096,0.116,-15.596,-155.557,-342.55,-349.802,20.887,2.898,10.085,-163.557,-62.748,27.771,0,1
0,2.185,0,44.848,-4.749,60.116,5,5,10,0,1,10.933,-2.915,-10.828,-20.305,-94.611,-30.718,11.613,-1.224,-11.618,-29.191,-27.634,-12.718,7.152,7.676,-10.454,-119.618,-316.229,495.023,12.037,-10.782,1.253,-132.824,-40.733,25.969,0,0
0,2.774,0.659,44.852,0.401,58.891,5,5,10,0,1,11.043,-4.127,-11.079,-29.221,-96.183,-34.046,15.671,-3.605,-9.374,-22.305,-25.634,-18.916,3.305,3.36,-6.922,-177.481,-244.229,-346.26,9.714,-4.093,-11.06,-103.466,-55.756,17.679,0,0
0,3.364,1.279,44.961,10.941,59.017,5,5,10,0,1,10.979,-3.667,-11.101,-33.878,-96.977,-35.053,16.985,-2.711,-7.992,-17.221,-17.466,-19.802,-1.274,-8.646,-7.314,-181.374,-51.069,-96.458,38.739,3.111,-15.122,-80.794,-66.962,-5.511,0,0
0,4.118,1.862,45.452,49.084,75.405,15,5,10,0,1,9.726,-6.184,-8.311,-37.573,-103.908,-36.84,17.594,-1.617,-7.029,-14.183,-6.702,-19.695,3.025,-5.47,7.142,-303.16,-209.053,-274.809,9.604,-0.752,-23.316,-47.634,-141.405,-25.237,0,0
0,5.064,2.405,46.463,101.12,94.517,15,5,10,0,1,10.172,-5.631,-9.223,-34.122,-107.389,-36.229,17.658,-1.921,-7.008,-8.504,6.565,-16.137,2.864,-3.813,-1.365,-135.13,-222.687,-14.901,8.478,6.052,-11.357,-47.481,-135.725,-26.229,0,0
0,6.283,2.911,47.353,88.978,121.903,15,5,10,0,1,12.749,-6.28,-7.592,-24.26,-111.084,-35.618,16.868,-1.231,-6.332,-4.855,24.763,-10.26,1.65,1.181,-14.722,10.305,-69.267,-127.603,14.777,-0.824,-11.302,-71.389,-75.435,-19.893,0,0
0,7.857,3.378,47.631,27.786,157.46,15,5,10,0,1,11.956,-4.606,-7.767,-24.947,-111.252,-34.794,18.791,-1.392,-4.215,-6.641,49.145,-14.916,1.126,12.649,-46.099,312.901,255.74,88.672,14.945,-5.48,-10.373,-57.557,-35.664,-7.573,0,0
0,9.729,3.807,47.133,-49.748,187.168,15,5,10,0,1,10.964,-7.396,-4.888,-18.595,-124.183,-37.374,13.261,1.526,-6.306,-3.634,69.832,-11.557,4.771,8.348,-43.034,138.733,18.55,318.29,18.549,-7.075,-13.309,5.939,-20.977,1.527,0,0
0,11.78,4.198,46.108,-102.585,205.101,15,5,10,0,1,12.248,-2.955,-8.069,-8.718,-124.015,-32.061,15.371,1.782,-3.664,-7.511,87.74,-15.634,4.627,8.355,-23.878,21.847,11.71,-370.321,14.08,-7.786,-19.448,50.702,-13.74,-13.603,0,0
0,14.174,4.55,44.672,-143.521,239.445,15,5,10,0,1,9.063,-0.52,-11.652,-18.183,-128.656,-31.664,13.829,1.315,-4.828,-17.634,105.527,-22.443,1.521,3.713,-17.608,18.656,-278.244,-25.405,16.403,2.45,-14.95,60.824,4.122,-15.664,0,0
0,16.848,4.865,42.76,-191.185,267.346,15,5,10,0,1,7.717,-6.907,-11.053,-27.374,-148.809,-37.206,16.329,0.984,-3.303,-35.511,135.008,-18.702,1.71,4.324,-32.783,254.351,-378.626,86.473,14.483,0.625,-11.637,62.901,27.405,-12.046,0,0
0,19.917,5.14,40.245,-251.587,306.897,15,5,10,0,1,9.532,-4.658,-16.202,-31.679,-153.588,-35.649,15.57,-3.432,-4.862,-48.382,154.763,-21.695,2.838,3.387,-12.313,23.588,291.969,487.573,12.018,2.069,-10.061,60.443,36.763,-3.679,0,0
0,23.18,5.378,37.333,-291.15,326.329,15,5,10,0,1,10.16,-9.762,-17.97,-3.908,-171.802,-38.534,14.957,-2.194,-6.596,-46.504,166.687,-16.748,3.42,3.69,-14.456,46.214,243.237,80.244,6.644,0.266,-9.439,72.443,44.458,-6.519,0,0
0,26.823,5.577,34.217,-311.646,364.323,15,5,10,0,1,11.338,-6.495,-21.28,23.084,-188.534,-41.435,12.799,-4.567,-5.99,-25.527,181.13,-14.656,5.264,0.283,-6.342,34.153,249.099,75.969,13.752,-2.22,-6.023,103.969,28.595,-11.511,0,0
0,30.724,5.738,31.159,-305.741,390.061,15,5,10,0,1,14.31,-7.058,-19.821,52.626,-199.435,-42.672,13.436,-5.612,-8.56,-2.489,188.885,-6.84,-0.436,0.193,-19.476,59.069,187.725,108.214,5.592,-4.881,-14.102,104.794,28.397,-25.603,0,0
0,34.836,5.86,28.178,-298.154,411.233,15,5,10,0,1,10.679,-7.753,-17.1,91.756,-202.122,-40.656,17.855,-9.166,-10.629,30.137,203.466,5.45,2.385,-1.988,-12.363,44.611,-189.664,14.763,10.26,-6.088,-13.161,110.382,19.16,-22.092,0,0
0,39.026,5.945,25.699,-247.868,418.946,15,5,10,0,1,13.891,-10.471,-17.654,118.153,-194.595,-47.893,17.52,-6.217,-11.925,71.435,212.672,31.359,5.389,-0.257,-12.368,114.824,322.321,76.275,10.385,-0.007,-13.793,108.168,8.687,-16.779,0,0
0,43.388,5.991,23.747,-195.248,436.204,15,5,10,0,1,8.704,-7.59,-20.748,133.802,-196.26,-48.427,10.684,-3.298,-14.808,94.611,214.214,60.061,7.398,2.405,-10.799,75.481,-146.489,17.053,10.392,5.578,-11.06,86.55,0.611,-20.26,0,0
0,47.727,5.998,22.091,-165.505,433.892,15,5,10,0,1,11.202,-1.423,-24.736,138.305,-198.595,-43.908,10.121,-2.28,-14.183,100.427,207.695,81.481,4.939,7.763,-19.687,-313.817,383.023,-268.702,11,4.512,-9.659,54.87,7.008,-24.641,0,0
0,52.158,5.968,20.451,-164.017,443.173,15,5,10,0,1,4.766,-8.145,-18.832,187.328,-188.977,-43.939,11.455,-1.851,-17.457,104.473,213.908,105.817,4.424,8.593,-14.217,82.794,-303.084,-125.069,9.652,-0.05,-10.785,69.496,9.466,-19.481,0,0
0,56.242,5.899,18.869,-158.203,408.337,15,5,10,0,1,9.975,-1.662,-16.65,188.58,-154.962,-37.924,16.382,1.684,-10.188,95.511,219.939,93.115,2.932,8.767,-20.544,163.832,-312.55,29.496,8.689,2.979,-11.645,77.924,7.588,-14.305,0,0
0,59.943,5.791,17.203,-166.638,370.16,15,5,10,0,1,15.534,-0.481,-18.07,170.198,-115.634,-37.282,16.284,1.799,-14.758,83.954,233.786,84.977,1.31,9.791,-17.536,81.313,-154.824,-2.87,11.91,3.961,-10.878,76.26,14.305,-9.069,0,0
0,63.181,5.646,15.624,-157.894,323.743,15,5,10,0,1,10.016,1.518,-16.904,138.473,-86.183,-30.137,17.553,0.472,-13.415,72.076,234.855,77.481,8.857,5.416,-19.974,-366.092,407.45,-224.244,-9.283,-12.337,-32.235,124.061,-15.008,-8.351,0,0
0,66.074,5.462,15.741,11.753,289.307,15,5,10,0,1,10.543,0.546,-16.612,134.26,-85.618,-30.977,13.125,-2.098,-12.528,60.733,229.405,65.038,-0.23,21.457,-12.337,76.565,-312.443,-114.076,18.255,33.688,9.556,46.672,-25.313,13.176,0,0
0,68.7,5.24,15.174,-56.797,262.597,15,5,10,0,1,7.666,0.96,-16.142,61.13,-33.847,-15.985,12.974,-0.719,-10.933,52.916,218.229,47.634,-4.479,21.754,-20.37,76.748,-135.695,-34.534,17.11,13.594,-6.852,-89.344,42,-21.542,0,0
0,71.066,4.979,13.145,-202.813,236.573,15,5,10,0,1,6.069,4.383,-18.71,21.588,-5.74,-7.893,15.192,-1.827,-9.846,48.595,211.786,26.672,-4.97,10.267,-13.975,-1.878,316.687,-189.557,3.976,-18.844,-14.713,-1.634,29.939,-6.809,0,0
0,73.069,4.681,10.98,-216.511,200.341,15,5,10,0,1,4.905,0.649,-18.554,-6.534,22.656,-0.504,14.483,-0.261,-11.099,49.679,208.092,11.145,-1.715,2.669,-15.462,-67.496,-342.198,4.55,6.989,-7.719,-15.896,86.305,8.519,9.542,0,0
0,74.805,4.344,9.281,-169.899,173.561,15,5,10,0,1,4.019,0.481,-18.193,-34.84,43.145,2.962,13.735,-0.541,-11.769,51.969,207.847,-2.687,2.075,-0.901,-9.197,-62.458,443.115,298.015,7.93,3.092,-13.168,99.42,-3.847,9.252,0,0
0,76.281,3.968,8.04,-124.1,147.595,15,5,10,0,1,3.228,-0.29,-17.905,-53.45,67.511,5.802,12.734,-1.032,-10.943,51.771,203.145,-12.168,9.537,2.952,-13.153,73.084,-244.275,14.26,10.229,12.054,-7.901,26.641,4.397,3.328,0,0
0,77.475,3.555,7.139,-90.145,119.396,15,5,10,0,1,3.149,0.331,-18.377,-66.29,90.092,10.26,11.568,-0.072,-10.914,52.55,195.954,-21.084,5.94,8.725,-11.755,57.847,-190.748,1.099,8.68,2.644,-9.899,-18.305,0.351,-4.198,0,0
0,78.375,3.103,6.575,-56.362,90.065,15,5,10,0,1,3.011,-0.383,-18.039,-68.992,116.397,14.504,11.702,0.065,-10.984,42.275,191.786,-30.992,6.811,16.318,-22.877,377.985,-204.947,7.817,8.296,0.405,-8.313,-33.313,-16,-3.115,0,0
0,78.994,2.612,6.327,-24.857,61.913,15,5,10,0,1,3.015,0.393,-17.596,-62.55,139.13,14.84,11.367,-0.592,-10.342,31.038,188.336,-34.84,5.094,6.986,-13.872,19.221,-126.611,-2.931,9.333,0.295,-8.627,-24.565,-26.611,-4.397,0,0
0,79.313,2.084,6.308,-1.854,31.872,15,5,10,0,1,3.123,-2.148,-15.196,-51.176,164.458,14.153,10.591,-1.358,-12.236,23.878,183.206,-32.29,4.445,7.305,-14.164,14.519,-124.382,-1.252,9.544,1.696,-8.869,-35.771,-30.046,-6.198,0,0
0,79.401,1.517,6.293,-1.522,8.789,15,5,10,0,1,-1.574,0.362,-17.613,-46.55,183.588,9.74,12.571,-2.132,-11.587,22.122,182.275,-32.046,4.448,6.258,-12.672,-9.053,-58.092,-2.87,9.015,0.307,-8.536,-29.42,-34.87,-8.885,0,0
0,79.327,0.912,6.297,0.446,-7.359,15,5,10,0,1,1.789,-2.328,-17.776,-23.878,204.763,1.206,12.32,-0.412,-11.884,14.565,181.771,-16.718,3.758,5.671,-11.74,-15.908,-56.947,-6.122,9.058,0.596,-8.162,-24.885,-41.13,-7.557,0,0
0,79.001,0.268,6.425,12.806,-32.604,15,5,10,0,1,-1.729,-0.002,-20.08,8.473,229.359,2.076,10.797,-1.595,-11.676,23.74,177.267,-12.519,2.263,6.239,-13.707,-15.466,-58.183,-9.725,10.126,-1.269,-9.621,-13.969,-39.634,-5.695,0,0
0,78.39,0,6.473,4.726,-61.112,15,5,10,0,1,-0.113,-3.346,-17.005,32.046,243.863,-4.336,7.971,-1.497,-13.64,29.756,166.626,0.641,3.478,4.572,-13.692,-19.603,-61.145,-6.992,6.337,0.774,-9.223,-15.313,-46.962,-6.26,0,0
0,77.5,0,6.469,-0.355,-89.035,15,5,10,0,1,-0.321,-2.711,-16.545,40.443,260.534,-12,5.279,-1.784,-12.722,38.885,151.71,8.031,2.829,5.777,-13.496,-14.397,-59.374,-12.534,10.344,0.196,-9.192,-10,-46.015,-6.565,0,0
0,76.332,0,6.462,-0.744,-116.799,15,5,10,0,1,0.627,-1.13,-18.346,38.824,274.718,-18.198,4,-1.818,-12.844,53.649,134.641,7.405,3.006,4.536,-12.914,-6.29,-61.13,-14.183,10.337,0.972,-8.651,-12.443,-44.168,-6.321,0,0
0,74.925,0,6.465,0.378,-140.66,15,5,10,0,1,0.623,-2.053,-19.407,37.924,283.817,-22.702,3.813,-2.716,-12.32,67.42,117.863,4.794,3.418,4.663,-11.733,1.221,-58.916,-12.55,9.733,-0.005,-8.251,-7.893,-46.046,-4.29,0,0
0,73.266,0,6.458,-0.71,-165.882,15,5,10,0,1,0.953,-0.596,-19.388,35.725,291.878,-24.611,2.843,-2.833,-13.609,84.947,99.481,1.053,3.008,4.407,-12.969,15.206,-55.42,-11.893,9.693,-0.433,-8.454,3.756,-46.611,-2.565,0,0
0,71.351,0,6.458,-0,-191.54,15,5,10,0,1,1.169,-1.667,-18.947,24.992,296.992,-30.473,3.727,-2.189,-14.04,105.893,82.198,-3.42,2.682,4.409,-13.376,23.069,-53.252,-7.985,9.578,0.419,-9.393,10.122,-47.557,-1.939,0,0
0,69.213,0,6.458,-0,-213.822,15,5,10,0,0,0.831,-2.352,-18.93,15.237,303.023,-31.893,3.566,-2.797,-13.807,123.13,64.992,-13.053,2.57,4.848,-13.898,31.099,-52.473,-6.107,9.836,0.491,-10.078,17.435,-48.977,-2.214,0,0
0,66.905,0,6.458,-0,-230.759,15,5,10,0,0,4.649,-1.935,-20.391,1.817,304.794,-30.916,2.797,-1.415,-14.104,129.008,52.565,-23.191,3.02,5.274,-14.253,34.977,-53.466,-5.695,10.126,0.726,-10.129,21.344,-50.992,-1.695,0,0
0,64.452,0,6.458,-0,-245.293,15,5,10,0,0,1.914,1.233,-25.818,-7.405,303.145,-27.908,0.723,0.776,-12.667,122.947,38.122,-37.939,3.71,5.338,-14.629,37.344,-55.45,-7.618,10.368,1.444,-10.138,21.42,-51.527,-1.374,0,0
0,62.016,0,6.458,-0,-243.611,15,5,10,0,0,-2.618,-4.845,-23.787,-8.244,284.473,-27.252,2.314,2.029,-10.251,100.855,28.427,-47.863,2.529,6.232,-14.945,36.137,-60.382,-10.947,9.963,1.775,-10.253,18.092,-51.252,-2.519,0,0
0,59.552,0,6.447,-1.156,-246.438,15,5,10,0,0,0.187,-4.084,-25.205,-9.115,268.672,-22.901,2.206,2.464,-9.412,65.74,15.42,-47.145,2.266,5.324,-14.737,35.786,-68.855,-20.626,8.888,0.599,-10.916,15.863,-54.916,-6.168,0,0
0,57.16,0,6.44,-0.71,-239.159,15,5,10,0,0,-2.749,-1.657,-29.289,-5.206,254.626,-18.977,1.629,2.752,-8.677,43.649,1.069,-48.031,2.778,6.103,-14.222,31.863,-72.137,-20.122,10.03,0.237,-9.856,17.756,-58.534,-6.153,0,0
0,54.762,0,6.44,-0,-239.789,15,5,10,0,0,-2.191,-6.074,-25.62,-3.435,226.061,-15.008,2.536,2.716,-8.047,22.947,-14.183,-37.954,3.525,5.609,-13.498,29.359,-142.733,-38.473,10.933,0.436,-9.463,20.137,-60.901,-5.115,0,0
0,52.488,0,6.44,-0,-227.44,15,5,10,0,0,-1.38,-4.38,-27.658,-15.115,197.832,-9.863,3.293,1.715,-6.21,12.29,-30.58,-28.718,3.731,5.616,-13.276,30.656,-71.374,-17.405,11.328,0.975,-9.288,20.519,-63.756,-3.771,0,0
0,50.312,0,6.44,-0,-217.587,15,5,10,0,0,-0.189,-5.729,-26.908,-21.496,167.511,-0.84,3.48,1.674,-5.425,5.908,-47.359,-22.397,3.741,5.281,-13.961,33.985,-68.947,-12.214,12.916,1.157,-7.755,19.374,-65.802,-2.412,0,0
0,48.371,0,6.44,-0,-194.058,15,5,10,0,0,-0.213,-4.701,-27.756,-34.214,133.924,7.863,4.352,2.56,-5.956,2.031,-58.779,-20.656,5.075,3.966,-12.768,45.481,-61.588,-9.13,11.525,0.165,-8.842,23.176,-61.267,-0.779,0,0
0,46.585,0,6.44,-0,-178.688,15,5,10,0,0,0.903,-6.038,-26.465,-40.885,103.466,18.718,4.428,0.158,-4.34,-1.252,-69.069,-20.794,4.5,4.953,-13.846,54.718,-59.466,-5.481,11.889,-0.175,-8.862,30.183,-60.366,1.649,0,0
0,45.006,0,6.44,-0,-157.883,15,5,10,0,0,-0.891,-4.261,-27.219,-55.557,68.977,27.527,6.67,0.663,-4.119,-2.885,-76.916,-19.374,4.213,5.839,-14.195,57.939,-58.168,-3.542,11.122,-0.158,-9.774,38.947,-63.496,4.351,0,0
0,43.56,0,6.44,-0,-144.619,15,5,10,0,0,1.241,-6.031,-25.418,-60.687,44.29,34.382,7.453,1.447,-3.789,-16.092,-83.695,-15.893,4.713,5.758,-14.107,59.282,-58.519,-1.42,11.137,-0.125,-10.124,46.779,-67.588,8.519,0,0
0,42.289,0,6.458,1.865,-127.087,15,5,10,0,0,3.662,-2.649,-27.77,-71.008,17.481,27.221,13.642,-0.357,-2.455,-24.962,-85.237,-17.328,4.51,5.937,-14.653,62.26,-59.237,0.168,11.671,0.022,-10.255,48.275,-66.397,11.45,0,0
0,41.241,0,6.462,0.332,-104.737,15,5,10,0,0,14.82,-3.128,-22.52,-69.878,14.275,4,18.607,-4.172,-2.702,-44.718,-70.87,-13.985,5.264,7.609,-13.606,68.611,-57.908,0.244,10.907,4.237,-7.662,41.389,-78.672,15.405,0,0
0,40.48,0,6.487,2.563,-76.149,15,5,10,0,0,11.886,-3.552,-29.983,-55.511,-19.221,-10.336,8.256,-7.202,-6.392,-10.168,-73.71,3.542,4.261,6.941,-14.296,70.595,-63.374,-1.725,13.189,0.625,-9.753,39.252,-69.038,15.557,0,0
0,40.351,0,6.502,1.499,-12.875,15,5,10,0,0,1.506,-6.035,-26.846,-33.863,-95.954,-25.725,9.863,-2.112,0.311,5.893,-63.542,21.176,4.634,6.383,-14.188,68.595,368.794,10.779,10.612,-0.218,-10.442,42.58,-74.779,19.969,0,0
0,40.553,0,6.557,5.493,20.199,15,5,10,1,0,18.231,-13.618,-4.745,24.824,-77.359,-18.87,11.247,-1.018,0.278,17.389,-59.313,24.412,6.227,6.098,-13.517,68.26,-117.771,24.916,10.646,-2.002,-10.78,52.901,-81.496,24.901,1,0
0,40.74,0,6.832,27.432,18.654,5,5,10,1,0,22.633,-13.11,-0.158,38.702,-72.275,-2.229,10.124,-3.844,-3.389,43.511,-51.496,50.885,4.91,7.833,-20.789,134.885,-175.695,91.847,12.586,0.778,-7.789,63.145,-84.779,29.313,0,0
0.659,41.114,0,7.239,40.695,37.388,5,15,10,1,0,14.31,-4.943,-2.28,17.573,-77.328,0.84,10.72,-3.236,-5.463,75.466,-35.74,70.321,9.64,7.659,-12.361,64.565,-124.947,200.061,14.346,2.273,-6.21,48.885,-102.55,32.748,0,0
1.279,41.845,0,7.857,61.833,73.197,5,15,10,1,0,0.457,-5.576,-11.204,24.702,-89.542,-2.397,10.49,-0.474,-5.609,69.45,-24.641,101.191,11.362,10.775,-10.952,52.565,-2.885,27.481,14.097,2.714,-4.994,47.42,-112.977,31.45,0,0
1.862,42.868,0,8.736,87.868,102.219,5,15,10,1,0,0.194,-6.639,-16.751,63.695,-93.282,-8.351,5.7,0,-6.871,40.947,-20.748,122.092,9.781,11.043,-12.643,28.458,8.489,21.359,16.324,3.662,-5.777,32.061,-110.748,29.16,0,0
2.405,43.947,0,9.809,107.3,107.964,5,15,10,1,0,1.518,-0.589,-23.009,96.672,-87.878,-20.473,3.909,-2.476,-10.548,28.29,-34.458,119.573,11.982,11.077,-10.255,-3.389,23.435,14.809,13.987,4.215,-5.432,17.939,-130.992,24.107,0,0
2.911,44.973,0,11.175,136.62,102.551,5,15,10,1,0,3.075,1.808,-27.861,98.229,-95.786,-31.725,7.954,-2.201,-9.096,46.916,-51.374,102.198,3.669,14.499,-9.647,-61.313,74.748,17.191,13.45,3.142,-5.679,8.122,-140.626,18.366,0,0
3.378,45.764,0,12.951,177.647,79.147,5,15,10,1,0,12.076,-3.037,-21.526,107.496,-86.229,-17.725,10.066,0.216,-9.029,66.641,-61.084,69.42,11.575,5.834,-6.926,-50.885,59.74,4.58,12.337,4.131,-4.594,-11.786,-159.908,14.076,0,0
3.807,45.834,0,15.049,209.816,6.924,5,15,10,1,0,12.171,1.528,-18.863,106.153,-60.611,7.863,10.818,0.4,-11.376,79.466,-87.466,35.649,9.662,4.85,-5.995,-57.954,75.038,1.069,15.019,2.697,-2.908,-37.985,-163.069,11.603,0,0
4.198,45.152,0,17.401,235.119,-68.104,5,15,10,1,0,13.156,4.716,-14.71,39.328,-38.504,12.336,13.144,1.32,-10.404,65.74,-111.206,15.359,8.886,5.044,-6.596,-43.115,98.55,1.786,16.047,-2.721,-3.322,-33.939,-164.168,16.321,0,0
4.55,43.714,0,20.012,261.097,-143.887,5,15,10,1,0,12.67,1.42,-16.308,1.954,-2.55,24.137,14.938,2.156,-8.557,45.008,-136.992,3.557,9.508,6.919,-5.607,-44.397,118.794,1.191,15.34,1.241,0.218,-40.992,-167.771,18.046,0,0
4.865,41.589,0,22.832,282.006,-212.471,5,15,10,1,0,11.245,7.221,-20.813,-55.573,13.069,34.977,15.968,3.684,-10.878,7.053,-161.603,-4.534,9.259,4.445,-7.08,-33.557,141.832,0.931,19.1,-1.229,-2.999,-41.466,-147.802,16.443,0,0
5.14,39.037,0,25.812,298.073,-255.181,5,15,10,1,0,5.535,6.028,-18.612,-89.863,27.786,42.122,12.38,7.357,-12.514,-26.977,-173.832,-10.794,8.531,6.617,-8.385,-38.244,162.336,7.695,18.106,2.57,-5.31,-40.321,-145.466,14.626,0,0
5.378,36.232,0,28.973,316.052,-280.518,5,15,10,1,0,13.47,-1.823,-16.799,-118.534,62.351,44.702,9.757,9.369,-15.002,-61.466,-183.847,-7.878,9.415,5.547,-9.293,-43.176,185.053,11.374,13.953,2.148,-14.167,-42.824,-152.855,10.901,0,0
5.577,33.133,0,32.452,347.867,-309.872,5,15,10,1,0,7.029,-2.996,-9.039,-162.046,57.237,56.687,20.772,-4.96,-6.787,-84.489,-184.168,-17.695,8.021,7.195,-12.176,-50.611,203.695,5.954,14.332,3.945,-18.616,-51.634,-175.466,6.458,0,0
5.738,29.844,0,36.242,379.086,-328.87,5,15,10,1,0,4.309,6.023,-14.27,-175.42,70.519,59.328,6.277,2.002,-9.671,-93.771,-210.855,-10.046,9.652,8.395,-13.805,-62.458,219.878,-4.504,12.706,5.882,-18.178,-76.718,-194.824,2.275,0,0
5.86,26.483,0,40.399,415.639,-336.125,5,15,10,1,0,7.827,3.37,-17.955,-195.206,58.168,53.008,8.035,0.469,-6.229,-104.992,-203.511,-14.702,8.172,8.208,-14.849,-74.595,232.84,-56.855,19.639,0.376,-17.496,-111.313,-215.511,-0.824,0,0
5.945,23.286,0,44.76,436.17,-319.76,5,15,10,1,0,7.329,-3.688,-15.841,-172.885,37.328,48.931,9.012,-1.547,-7.88,-108.443,-190.504,-9.542,5.973,9.005,-16.37,-75.42,449.206,-124.885,18.085,3.552,-15.477,-127.924,-192.336,-1.969,0,0
5.991,20.334,0,49.279,451.837,-295.132,5,15,10,1,0,-1.794,-5.707,-17.644,-145.328,21.282,46.107,9.058,0.735,-8.605,-95.649,-186.947,-1.298,7.633,3.439,-19.709,-96.366,496.351,-125.069,15.795,0.934,-15.108,-134.061,-183.176,5.16,0,0
5.998,18.068,0,53.794,451.55,-226.639,5,15,10,1,0,3.717,-12.092,-17.579,-104.672,20.641,38.687,10.703,-2.508,-7.437,-98.122,-166.046,3.374,8.704,3.129,-28.127,-175.267,-489.603,-280.916,15.783,4.85,-17.704,-121.908,-170.229,3.008,0,0
5.968,16.138,0,58.292,449.731,-192.982,5,15,10,1,0,7.468,-11.096,-13.798,-58,14.702,38.855,12.667,-5.214,-8.701,-104.321,-148.87,20.382,8.155,0.433,-19.246,-80.687,262.748,-82.901,11.573,4.9,-19.019,-124.763,-157.267,-12.763,0,0
5.899,14.453,0,62.591,429.944,-168.492,5,15,10,1,0,6.974,-11.065,-13.963,-53.374,16.153,38.229,9.736,-6.831,-9.503,-91.786,-147.725,31.191,4.342,-2.429,-23.395,-45.008,-487.13,-147.634,11.161,-9.812,-28.714,-130.84,-119.939,-25.527,0,0
5.791,12.944,0,66.374,378.297,-150.925,5,15,10,1,0,6.16,-4.622,-13.47,-27.817,12.031,29.282,10.773,-5.034,-9.391,-81.954,-143.618,37.435,4.78,3.549,-20.655,-29.71,492.656,-136.305,7.506,-3.645,-14.111,-143.634,-89.435,-21.786,0,0
5.646,11.527,0,69.549,317.517,-141.667,5,15,10,1,0,7.734,-9.221,-12.61,-22.412,13.954,28.092,9.307,-4.426,-9.561,-67.832,-141.115,36.84,6.007,2.487,-23.107,-69.359,-180.29,84.519,12.959,-5.188,-10.651,-101.435,-51.084,-17.557,0,0
5.462,10.143,0,72.167,261.761,-138.462,5,15,10,1,0,6.383,-1.511,-14.102,-30.504,14.015,24.305,10.2,-3.19,-7.851,-64.412,-140.885,33.725,4.989,4.14,-20.247,-14.229,426.519,-102.412,10.33,-7.99,-11.273,-43.237,-18.137,-8.931,0,0
5.24,8.832,0,74.361,219.395,-131.069,5,15,10,1,0,6.117,-6.517,-11.673,-38.458,12.565,21.664,8.292,-2.352,-8.483,-64.809,-135.786,31.267,5.171,3.959,-15.821,-2.443,392.626,-120.672,9.659,-9.108,-12.667,12.229,20.702,-0.275,0,0
4.979,7.411,0,76.06,169.911,-142.079,5,15,10,1,0,4.486,-3.037,-13.46,-27.221,14.794,24.336,7.633,-1.269,-7.607,-61.756,-138.626,27.099,5.408,1.489,-27.524,-70.824,23.924,-124.092,8.897,-2.467,-12.749,49.298,61.328,-1.115,0,0
4.681,5.986,0,77.345,128.54,-142.491,5,15,10,1,0,6.802,-2.345,-11.463,-48.534,10.534,17.74,9.501,0.077,-7.137,-70.275,-134.168,21.603,3.935,3.49,-15.014,-14.046,357.618,31.084,7.741,0.769,-14.085,63.985,85.847,-4.733,0,0
4.344,4.613,0,78.349,100.353,-137.295,5,15,10,1,0,8.04,-4.625,-12.773,-39.099,15.695,18.733,8.852,-0.309,-9.415,-75.588,-131.954,17.191,2.565,5.013,-14.006,-14.244,179.389,28.641,8.119,2.773,-14.84,75.71,99.695,-9.893,0,0
3.968,3.236,0,79.026,67.715,-137.696,5,15,10,1,0,6.965,-2.84,-12.413,-31.099,9.496,18.855,9.353,1.289,-8.859,-79.573,-126.458,14.565,2.635,9.141,-18.231,-11.328,355.786,41.954,5.264,2.314,-15.651,69.573,116.443,-13.832,0,0
3.555,2.083,0,79.572,54.6,-115.368,5,15,10,1,0,6.462,-3.482,-12.595,-37.71,-1.282,15.908,12.464,-0.649,-8.366,-86.656,-115.542,11.191,3.161,4.301,-14.715,6.168,352.305,75.359,4.795,2.182,-14.904,58.122,135.374,-13.115,0,0
3.103,1.123,0,79.964,39.185,-95.993,5,15,10,1,0,6.582,-6.409,-12.492,-21.725,-2.397,15.802,11.209,-2.539,-9.353,-85.771,-109.084,12.992,2.417,5.202,-14.904,14.412,170.412,14.733,5.137,-0.936,-15.764,47.053,156.275,-8.87,0,0
2.612,0.273,0,80.004,4.063,-84.961,5,15,10,1,0,5.281,-4.596,-12.061,-6.366,-8.901,14.977,11.451,-3.358,-8.581,-77.771,-104.718,14.519,2.417,4.81,-19.246,42.626,324.214,29.374,5.434,-0.651,-14.351,28.809,177.145,-0.443,0,0
2.084,-0.418,0,79.898,-10.62,-69.157,5,15,10,1,0,9.307,-4.658,-13.022,-4.84,-10.702,10.183,11.721,-3.195,-9.508,-67.267,-98.519,13.221,1.209,5.494,-15.63,22.84,374.763,-0.489,7.238,-2.812,-15.762,21.527,195.756,8.656,0,0
1.517,-0.953,0,79.689,-20.874,-53.501,5,15,10,1,0,4.625,-5.703,-12.454,3.924,-18,11.389,11.659,-5.281,-10.545,-53.176,-88.397,9.481,1.988,6.821,-14.761,21.649,151.71,-5.221,3.676,-0.838,-14.887,20.947,200.534,16.336,0,0
0.912,-1.294,0,79.32,-36.999,-34.069,5,15,10,1,0,5.482,-3.775,-13.901,8.992,-22.656,8.244,13.264,-4.479,-10.744,-40.229,-77.466,8.183,0.81,9.507,-33.578,138.137,377.389,-308.275,8.967,1.688,-12.624,-4.656,220.137,20.244,0,0
0.268,-1.258,0,78.649,-67.051,3.662,5,15,10,1,0,4.507,-6.967,-11.573,18.779,-39.42,2.565,14.562,-3.442,-8.624,-28.168,-53.344,9.099,-0.216,7.324,-16.013,0.046,140.168,-19.359,9.863,2.747,-12.289,-33.13,244.901,22.84,0,0
0,-1.107,0,77.576,-107.289,15.003,5,15,10,0,0,7.587,-7.068,-11.872,47.13,-32.901,5.099,9.393,-4.996,-11.245,-13.45,-54.427,11.084,0.034,6.553,-14.792,-12.519,129.969,-20.672,6.771,-0.316,-15.91,-37.313,258.641,32.275,0,0
0,-0.953,0,76.214,-136.242,15.404,5,15,10,0,0,8.239,-4.076,-10.433,49.344,-37.893,5.069,6.167,-5.456,-11.46,11.634,-58.061,11.588,-1.128,6.62,-14.507,-29.252,234.641,-37.221,4.936,-2.766,-18.482,-32.534,268.153,41.817,0,0
0,-1.027,0,74.639,-157.437,-7.313,5,15,10,0,0,5.578,-2.939,-13.352,45.71,-35.053,6.015,7.164,-2.098,-10.579,35.099,-73.863,5.13,-2.093,3.591,21.536,-302.397,370.794,436.763,6.725,0.963,-16.423,-35.389,277.939,47.069,0,0
0,-1.049,0,72.834,-180.565,-2.209,5,15,10,0,0,4.723,-2.702,-11.827,22.122,-44.397,3.802,9.587,-1.054,-9.642,38.931,-74.198,-0.733,-1.42,6.383,-14.303,-48.87,93.939,-14.58,6.531,-0.599,-17.112,-36.183,288.412,46.901,0,0
0,-1.184,0,70.797,-203.625,-13.527,5,15,10,0,0,9.183,-7.518,-10.002,34.885,-40.947,3.023,9.302,-2.5,-9.867,39.496,-76.061,2.351,-2.084,3.462,-30.436,-425.771,-343.221,-131.176,8.689,1.861,-15.398,-27.252,294.779,50.076,0,0
0,-1.66,0,68.553,-224.442,-47.596,5,15,10,0,0,10.164,0.072,-13.503,26.412,-28.229,7.023,7.113,-2.417,-11.657,37.145,-90.962,2.321,-2.726,8.005,-21.574,-123.939,135.832,-24.244,7.441,-3.717,-20.219,-10.382,302.015,49.817,0,0
0,-2.323,0,66.139,-241.379,-66.307,5,15,10,0,0,8.442,-3.77,-11.132,8.015,-29.359,5.603,8.023,0.515,-10.018,30.824,-97.038,2.321,-4.34,6.146,-16.614,-70.565,53.481,-10.916,8.933,-1.811,-18.552,-10.687,308.794,51.374,0,0
0,-3.099,0,63.62,-251.954,-77.637,5,15,10,0,0,8.804,-1.437,-13.091,-12.84,-25.053,5.71,10.895,1.31,-9.575,12.687,-97.008,0.168,-2.048,4.935,-17.56,-147.359,93.817,-14.656,7.499,3.054,-16.15,1.802,298.87,52.122,0,0
0,-3.857,0,61.042,-257.779,-75.794,5,15,10,0,0,7.959,-3.24,-12.761,-23.389,-27.649,4.748,11.345,1.6,-9.891,-8.076,-92.275,2.397,-3.228,3.82,-13.822,-66.153,36.015,-1.374,5.607,-0.268,-20.858,10.641,295.71,46.534,0,0
0,-4.572,0,58.42,-262.219,-71.423,5,15,10,0,0,6.126,-3.425,-13.165,-27.176,-33.237,4.229,12.753,0.601,-9.57,-25.008,-84.29,5.679,-1.274,3.536,-15.697,-118.046,65.618,12.061,8.45,2.8,-18.456,-2.229,292.626,43.237,0,0
0,-5.132,0,55.827,-259.278,-56.053,5,15,10,0,0,8.148,-6.45,-11.202,-24.382,-34.931,3.878,11.63,-0.525,-10.974,-35.16,-76.137,12.015,-1.274,3.536,-15.697,-112.305,132.214,23.573,9.25,0.714,-21.764,-1.832,288.076,39.16,0,0
0,-5.542,0,53.215,-261.143,-41.004,5,15,10,0,0,5.726,-6.553,-10.215,-25.634,-46.427,1.74,12.042,0.022,-9.559,-37.679,-66.305,18.336,-3.676,3.082,-10.768,-13.191,35.634,23.786,8.972,3.214,-21.107,-3.206,269.496,36.305,0,0
0,-5.798,0,50.704,-251.187,-25.635,5,15,10,0,0,6.009,-4.974,-11.209,-29.008,-49.985,2.656,12.212,-2.211,-8.83,-36.58,-62,16.076,-2.651,3.688,-8.253,5.298,8.015,19.191,6.68,2.201,-22.848,-2.198,237.13,29.832,0,0
0,-5.776,0,48.316,-238.736,2.209,5,15,10,0,0,7.228,-8.936,-8.083,-30.473,-67.527,-5.496,12.533,-2.043,-7.01,-33.099,-44.641,22.733,-3.451,3.801,-6.617,13.237,-5.16,16.366,6.114,0.853,-23.131,11.344,202.534,26.183,0,0
0,-5.758,0,46.145,-217.152,1.82,5,15,10,0,0,7.726,-8.344,-9.832,-10.672,-64.962,-2.611,11.199,-4.699,-7.159,-24.122,-47.618,21.771,-2.563,9.451,-0.805,58.55,-25.588,75.786,4.725,2.376,-22.25,30.885,163.542,22.198,0,0
0,-5.733,0,44.24,-190.441,2.563,5,15,10,0,0,10.162,-3.822,-12.248,-7.496,-65.252,-3.603,10.588,-2.84,-8.754,-17.786,-56.214,18.779,-2.433,4.292,-0.905,57.511,-105.405,135.695,3.729,3.432,-23.313,43.985,123.817,17.221,0,0
0,-5.696,0,42.728,-151.268,3.674,5,15,10,0,0,9.808,-3.396,-12.421,-8.397,-64.198,-3.252,11.568,-0.486,-9.769,-18.565,-57.832,12.992,-2.05,5.868,0.091,40.168,-131.237,8.305,3.729,4.313,-23.222,50.321,81.542,9.405,0,0
0,-5.45,0,41.574,-115.391,24.559,5,15,10,0,0,3.719,-3.286,-13.534,-23.527,-87.985,-11.634,15.637,0.953,-8.268,-30.168,-41.71,15.206,0.613,8.43,2.371,15.832,-145.344,30.107,10.555,3.097,-22.377,46.321,49.252,9.756,0,0
0,-4.964,0,40.889,-68.47,48.637,5,15,10,0,0,9.906,-4.069,-12.356,-17.359,-87.908,-13.038,14.511,-0.721,-10.653,-46.565,-33.115,16.992,2.292,7.07,-0.948,-17.847,-61.496,3.298,7.789,6.725,-24.374,42.321,-3.511,11.939,0,0
0,-4.341,0,40.823,-6.557,62.313,5,15,10,0,0,7.563,-3.286,-14.612,-10.977,-92.305,-15.023,11.302,-1.684,-11.101,-52.885,-35.16,15.405,1.023,7.178,-5.715,-10.779,-30.992,1.069,6.261,10.033,-24.997,19.389,-61.298,3.573,0,0
0,-3.674,0,41.307,48.328,66.673,5,15,10,0,0,8.646,-3.14,-12.593,-11.71,-91.573,-17.191,9.762,-1.413,-12.413,-51.237,-38.26,10.397,-0.455,7.362,-6.797,-60.87,-109.328,-199.817,1.15,5.427,-31.14,-19.099,-120.87,-3.679,0,0
0,-3.052,0,42.277,97.058,62.187,5,15,10,0,0,8.933,-2.342,-13.446,-18.519,-90.305,-18.901,10.586,-2.146,-12.358,-45.298,-40.809,4.244,-2.735,7.373,-10.045,-121.664,-167.832,-220.458,4.558,7.044,-20.758,-61.969,-165.099,-5.863,0,0
0,-2.462,0,43.592,131.424,58.994,5,15,10,0,0,9.865,-2.637,-12.844,-26.733,-91.985,-21.405,10.057,-1.897,-12.083,-45.603,-44.336,3.237,0.309,9.458,-11.913,-66.458,-51.817,-49.74,9.942,2.812,-6.61,-91.145,-168.244,-1.481,0,0
0,-2.004,0,44.888,129.639,45.765,5,15,10,0,0,11.295,-4.081,-11.479,-28.397,-85.832,-22.55,10.605,-0.826,-12.856,-45.282,-47.664,0.977,2.405,2.782,-28.625,329.511,23.405,-177.832,15.551,2.285,4.931,-117.069,-119.053,7.359,0,0
0,-1.601,0,45.888,100.044,40.329,5,15,10,0,1,10.318,-1.648,-11.999,-44.641,-85.45,-23.435,13.767,0.383,-10.916,-47.557,-40.962,-3.191,3.775,5.155,-24.075,-186.153,-117.206,-172.855,23.162,-1.006,7.504,-109.328,-62.427,21.115,0,1
0,-1.209,0,46.324,43.545,39.185,15,5,10,0,1,12.94,-1.569,-12.006,-53.618,-80.55,-23.71,16.753,-0.275,-9.582,-54.824,-31.374,-11.466,7.456,6.055,-10.84,-119.405,-55.237,-103.176,11.055,-7.266,-6.435,-87.878,-51.573,17.282,0,0
0,-0.745,0.655,46.587,26.344,46.44,15,5,10,0,1,12.773,-5.255,-10.323,-62.107,-84.687,-27.679,17.711,-1.633,-8.337,-62.687,-18.046,-10.962,4.601,-2.182,-8.078,-124.824,-48.397,-98.382,9.623,-5.803,-15.963,-39.389,-75.939,8.031,0,0
0,-0.177,1.273,46.903,31.54,56.774,15,5,10,0,1,9.992,-1.94,-10.023,-72.061,-87.802,-26.412,18.102,-0.908,-7.71,-70.733,-9.282,-10.275,2.985,-30.043,-46.368,166.336,-420.412,2.687,10.749,1.025,-21.802,-21.206,-95.725,-10.87,0,0
0,0.559,1.852,47.474,57.095,73.609,15,5,10,0,1,10.16,-2.874,-10.026,-72.092,-89.969,-27.206,16.468,-0.429,-7.573,-66.748,-2.366,-7.053,0.596,-3.569,-2.658,-59.832,-119.038,-98.809,6.974,-1.645,-20.183,3.847,-115.954,-23.13,0,0
0,1.46,2.394,48.254,78.037,90.111,15,5,10,0,1,10.694,-3.585,-8.821,-73.786,-100.565,-33.802,16.262,-1.758,-6.009,-62.794,6.901,-5.145,0.577,-0.156,-6.79,9.298,-147.985,-97.496,10.361,5.909,-12.375,-7.176,-102.214,-18.198,0,0
0,2.551,2.897,48.822,56.774,109.097,15,5,10,0,1,9.82,-2.4,-8.435,-65.985,-101.557,-36.382,15.029,-2.081,-5.255,-54.412,13.008,-9.115,3.42,5.608,-12.473,249.267,231.191,388.885,9.745,-3.593,-14.782,-10.733,-79.847,-13.695,0,0
0,3.804,3.363,48.825,0.309,125.267,15,5,10,0,1,11.01,-3.075,-6.392,-63.817,-110.244,-41.527,15.52,-0.719,-4.919,-48.473,25.435,-13.038,3.775,6.902,-17.987,62.473,-110.58,-74.809,11.774,-2.862,-13.659,-12.198,-45.664,-16.595,0,0
0,5.327,3.791,47.983,-84.194,152.321,15,5,10,0,1,8.648,-5.032,-5.379,-64.534,-119.511,-45.496,18.164,-1.969,-2.898,-45.969,50.29,-21.282,5.346,5.261,-20.133,46.763,441.878,-231.084,15.275,-3.684,-14.907,3.985,-30.87,-9.802,0,0
0,7.184,4.181,46.759,-122.36,185.738,15,5,10,0,1,9.305,-5.829,-10.006,-53.008,-123.16,-49.221,19.043,-1.837,-2.347,-48.931,77.908,-25.863,1.186,7.98,-17.548,-8.748,-155.557,-14.229,20.894,1.959,-10.706,19.878,-6.321,-11.802,0,0
0,9.477,4.534,44.951,-180.874,229.248,15,5,10,0,1,8.768,-7.573,-7.319,-33.038,-136.489,-54.031,15.587,-2.999,-2.203,-40.901,105.405,-25.832,1.744,2.926,-29.67,-108.763,-482.687,66.443,16.037,0.01,-14.531,35.847,20.336,-12.107,0,0
0,11.978,4.848,42.61,-234.044,250.1,15,5,10,0,1,13.644,-11.41,-10.138,-17.817,-141.695,-53.13,16.018,-2.048,-5.056,-30.947,122.397,-25.985,3.842,4.298,-24.812,7.313,-363.847,23.42,13.786,0.043,-11.561,50.916,37.267,-7.939,0,0
0,14.882,5.124,39.725,-288.54,290.383,15,5,10,0,1,6.682,-8.208,-18.849,6.107,-163.374,-44.305,16.411,-2.529,-4.239,-5.328,143.282,-36.443,1.176,0.764,-18.015,4.168,231.267,59.481,11.546,-4.541,-14.734,64.397,55.038,-7.817,0,0
0,18.247,5.363,36.455,-327.004,336.594,15,5,10,0,1,11.077,-7.973,-20.027,41.023,-187.527,-39.817,15.256,-4.792,-7.326,22.55,167.466,-29.099,-1.631,-1.303,-16.784,28.031,354.687,68.641,11.257,-5.971,-12.174,79.069,59.954,-7.573,0,0
0,22.21,5.564,32.858,-359.643,396.207,15,5,10,0,1,12.356,-6.251,-20.959,84.473,-211.496,-41.435,17.024,-7.923,-9.118,44.702,187.435,-10.763,-4.349,1.427,-14.986,30.672,-212.092,12.534,12.713,-4.962,-8.692,97.985,52.107,-16.244,0,0
0,26.615,5.727,29.188,-366.99,440.541,15,5,10,0,1,10.184,-6.143,-18.595,120.84,-231.405,-44.153,13.194,-8.929,-10.931,71.328,203.267,8.015,-2.012,0.177,-13.165,31.634,-218.534,15.679,6.694,-5.224,-15.467,133.374,36.763,-19.023,0,0
0,31.383,5.852,25.926,-326.226,476.762,15,5,10,0,1,8.766,-8.711,-15.719,155.878,-234.687,-49.878,15.556,-7.619,-12.6,89.847,215.45,30.092,5.602,-1.637,-12.914,94.183,-407.756,82.992,7.913,1.087,-13.391,149.038,10.656,-12.397,0,0
0,36.224,5.939,23.413,-251.278,484.143,15,5,10,0,1,12.169,-3.887,-19.879,169.817,-225.374,-55.252,12.308,-4.936,-14.155,118.397,230.061,59.267,6.833,-0.067,-11.034,68.427,-178.076,12.168,11.654,7.963,-10.622,112.733,8.366,-16.122,0,0
0,41.139,5.988,21.396,-201.748,491.49,15,5,10,0,1,11.34,-5.746,-20.592,171.053,-228.107,-60.885,12.579,-2.692,-13.838,131.878,232.443,82.427,5.439,2.941,-12.356,84.779,352.794,-500.275,8.823,5.885,-10.658,58.031,2.427,-24.198,0,0
0,46.123,5.999,19.693,-170.323,498.426,15,5,10,0,1,10.842,-7.089,-20.48,180.931,-215.527,-59.649,15.17,1.059,-13.316,125.618,238.87,90.015,4.263,7.551,-12.873,91.863,-310.061,-8.366,10.677,2.191,-9.041,43.069,5.359,-22.046,0,0
0,50.913,5.973,18.162,-153.076,479.028,15,5,10,0,1,12.128,-10.936,-17.108,221.725,-186.382,-49.634,15.448,-0.738,-15.953,112.061,240.397,100.626,1.538,6.395,-15.069,92.015,-151.664,-8.183,10.96,0.766,-9.47,45.038,10.718,-19.573,0,0
0,55.417,5.908,16.627,-153.454,450.372,15,5,10,0,1,10.081,-5.686,-11.779,208.641,-178.397,-49.344,14.959,3.336,-14.145,101.466,250.809,120.84,4.582,7.918,-13.036,88.931,388.137,-25.282,8.996,1.346,-9.214,61.71,10.656,-15.374,0,0
0,59.223,5.806,15.082,-154.507,380.551,15,5,10,0,1,13.256,3.676,-17.682,187.756,-120.229,-47.206,11.827,-0.723,-14.346,107.664,246.885,96.214,0.913,7.441,-14.816,91.969,-154.229,-7.45,12.742,2.948,-7.585,68.29,17.786,-10.321,0,0
0,62.617,5.666,13.274,-180.863,339.432,15,5,10,0,1,10.773,1.406,-14.169,155.023,-87.954,-43.542,12.586,1.722,-12.138,92.26,236.137,78.061,3.866,15.969,-40.62,-263.74,409.634,-106.504,9.479,-0.031,-10.756,84.336,19.908,-5.969,0,0
0,65.562,5.488,11.475,-179.879,294.491,15,5,10,0,1,10.572,1.655,-13.498,102.336,-58.015,-36.107,13.118,0.18,-11.537,80.519,226.015,59.786,1.341,8.292,-14.849,74.55,367.863,-28.947,11.015,4.721,-8.074,88.565,21.771,2.809,0,0
0,68.136,5.272,9.644,-183.06,257.424,15,5,10,0,1,8.486,-0.345,-14.303,49.634,-33.221,-27.634,12.26,0.908,-10.797,70.84,218.137,36.412,6.562,2.657,-18.346,-372.931,66.427,-226.687,6.603,3.59,-11.786,92.733,17.771,5.084,0,0
0,70.293,5.018,8.106,-153.809,215.722,15,5,10,0,1,6.203,2.376,-16.825,10.84,-1.969,-13.939,13.537,0.06,-9.899,59.893,208.214,8.809,3.746,14.977,-27.38,-432.901,472.901,-179.786,7.288,6.979,-11.077,73.191,19.16,5.924,0,0
0,72.124,4.727,6.854,-125.244,183.094,15,5,10,0,1,6.232,1.095,-16.056,-26.122,31.115,-3.405,12.895,-0.917,-9.76,56.687,198.809,-11.374,4.246,0.626,-24.784,-449.878,-79.16,-276.031,9.202,7.13,-9.451,36.626,13.176,4.244,0,0
0,73.64,4.397,5.858,-99.598,151.554,15,5,10,0,1,3.739,1.004,-17.649,-61.176,51.008,1.237,12.018,-0.022,-10.09,53.45,192.397,-27.328,4.27,1.393,-24.879,229.664,-462.733,-35.908,10.548,5.116,-9.101,7.359,9.145,3.863,0,0
0,74.933,4.03,4.96,-89.779,129.33,15,5,10,0,1,3.535,0.297,-17.266,-83.008,73.985,6.947,11.245,0.551,-10.294,47.008,186.733,-43.863,2.594,8.66,-12.504,41.71,-109.511,-1.634,8.172,3.42,-8.632,-6.305,9.435,-0.809,0,0
0,75.936,3.625,4.191,-76.904,100.296,15,5,10,0,1,2.038,-0.376,-17.34,-97.649,96.336,11.878,12.133,0.498,-9.709,34.611,182.412,-53.588,0.024,8.253,-14.195,25.084,-201.13,10.626,9.501,1.787,-7.252,-17.924,1.802,-0.519,0,0
0,76.632,3.181,3.367,-82.34,69.615,15,5,10,0,1,0.558,1.159,-17.433,-101.084,123.328,17.802,11.18,0.268,-10.919,22.061,176.092,-58.473,1.976,5.616,-13.582,12.046,-389.618,31.634,8.79,-2.338,-9.839,-9.176,-3.374,-2.565,0,0
0,77.02,2.7,2.624,-74.341,38.807,15,5,10,0,1,2.908,1.823,-18.799,-101.389,145.969,20.672,9.592,0.836,-11.439,8.916,168.244,-58.992,4.728,4.916,-15.635,8.901,-363.649,-124.092,6.433,-1.126,-9.877,5.924,-11.313,-1.206,0,0
0,77.046,2.182,2.104,-52.036,2.552,15,5,10,0,1,1.071,-2.323,-17.201,-81.237,166.855,24.153,8.557,0.944,-11.786,1.634,158.321,-55.069,4.831,7.197,-12.145,1.084,-152.427,72.489,7.966,4.23,-7.599,1.634,-27.084,-1.405,0,0
0,76.991,1.625,1.815,-28.896,-5.493,15,5,10,0,1,2.522,-0.316,-18.643,-65.969,184.611,18.397,9.329,2.927,-13.594,-11.053,158.076,-44.641,7.935,5.547,-10.533,1.13,-57.618,23.359,9.575,3.94,-7.695,-13.298,-36.031,-2.443,0,0
0,76.925,1.03,1.734,-8.08,-6.592,15,5,10,0,1,-1.612,-1.672,-18.264,-46.794,201.13,15.176,10.775,0.781,-12.981,-20.489,168.641,-42.656,5.674,7.846,-13.309,-1.802,-54.824,7.832,8.122,2.505,-9.168,-27.206,-37.542,-5.603,0,0
0,76.559,0.398,1.767,3.284,-36.633,15,5,10,0,1,1.056,-3.092,-17.56,-2.336,224.992,15.71,12.152,-1.765,-11.918,-17.939,167.74,-27.282,3.791,7.971,-13.649,-14.718,-51.893,0.565,9.817,2.002,-8.126,-37.023,-43.511,-6.962,0,0
0,75.859,0,1.906,13.893,-69.946,15,5,10,0,1,5.818,-4.855,-18.068,20.214,246.092,5.191,10.198,-4.222,-11.683,-0.58,161.053,-11.191,3.31,8.169,-13.874,-16.107,-52.672,0.687,9.733,1.289,-7.365,-38.382,-55.511,-7.374,0,0
0,74.896,0,1.976,7.015,-96.325,15,5,10,0,1,2.464,-2.297,-19.309,31.115,259.649,-3.389,8.069,-3.739,-11.867,18.885,149.832,-0.672,-0.125,8.371,-16.095,-35.847,-66.015,-4.565,9.381,0.905,-10.282,-43.298,-41.847,-9.16,0,0
0,73.724,0,1.936,-4.028,-117.153,15,5,10,0,1,2.903,-2.795,-19.361,43.634,270.214,-10.061,6.297,-3.42,-12.425,37.099,135.527,5.42,2.948,5.013,-13.273,-40.794,-63.924,-6.611,8.409,-0.457,-8.993,-28.046,-58.321,-6.305,0,0
0,72.326,0,1.936,-0,-139.893,15,5,10,0,1,1.847,-2.881,-19.503,49.725,280.321,-14.87,6.51,-2.733,-11.707,56.733,122.565,6.977,2.821,4.179,-13.355,-30.687,-67.634,-9.817,10.579,0.345,-7.587,-17.908,-53.557,-4.382,0,0
0,70.743,0,1.936,-0,-158.215,15,5,10,0,1,2.359,-1.969,-19.881,44.687,289.847,-20.504,4.385,-2.606,-13.735,72.214,104.427,5.802,2.613,4.172,-13.438,-29.221,-68.061,-10.061,9.82,-0.254,-8.43,-6.916,-52.565,-3.405,0,0
0,68.897,0,1.931,-0.423,-184.605,15,5,10,0,1,4.11,-1.7,-18.904,33.832,296.443,-23.405,2.941,-3.114,-12.246,88,85.206,4.611,3.224,3.238,-13.05,6.107,-68.611,-11.206,9.113,-0.656,-9.156,6.29,-55.267,-1.573,0,0
0,66.88,0,1.931,-0,-201.771,15,5,10,0,1,5.039,0.22,-20.736,12.901,304.947,-26.412,2.347,-1.447,-13.609,107.557,70.611,-5.023,3.034,3.557,-13.314,23.878,-64.061,-10.947,10.608,0.479,-8.308,14.489,-57.328,0.198,0,0
0,64.646,0,1.931,-0,-223.389,15,5,10,0,0,2.785,1.605,-21.423,9.74,303.374,-25.42,3.652,-1.612,-13.027,119.649,58.031,-17.328,3.104,3.894,-13.563,39.481,-62.26,-9.359,9.865,0.577,-8.689,20.962,-57.313,-0.198,0,0
0,62.335,0,1.931,-0,-231.08,15,5,10,0,0,3.365,-1.363,-22.923,-23.511,305.252,-22.641,5.171,-1.444,-11.216,122.809,51.74,-30.153,2.127,4.278,-13.458,45.893,-63.008,-8.076,8.871,0.192,-9.391,27.679,-58.55,-0.031,0,0
0,59.896,0,1.931,-0,-243.886,15,5,10,0,0,10.011,1.866,-26.364,-37.679,305.176,-17.405,1.31,5.3,-12.507,106.702,37.435,-32.794,1.463,5.585,-14.442,51.756,-63.13,-13.344,10.27,0.742,-8.615,33.832,-60.58,0.916,0,0
0,57.285,0,1.931,-0,-261.132,15,5,10,0,0,7.377,-4.28,-22.616,-14.366,306.366,-18.076,0.12,-3.324,-13.781,110.947,39.969,-38.733,3.528,7.686,-14.66,45.45,-63.878,-9.084,10.665,1.578,-9.039,38.947,-64.031,3.969,0,0
0,54.736,0,1.931,-0,-254.86,15,5,10,0,0,-1.274,-2.33,-26.055,-27.786,274.107,-13.893,3.157,4.258,-6.009,74.748,23.634,-46.015,4.474,7.638,-15.163,39.863,-62.137,-6.992,10.907,3.228,-9.626,32.031,-65.221,4.168,0,0
0,52.349,0,1.931,-0,-238.713,15,5,10,0,0,1.562,-2.108,-26.733,-41.389,249.817,-10.153,5.092,4.986,-4.119,28.168,10.855,-51.267,5.509,7.64,-14.907,35.053,-57.863,-7.74,10.981,2.73,-9.398,23.878,-72.992,2.153,0,0
0,50.122,0,1.936,0.423,-222.668,15,5,10,0,0,2.251,-4.021,-28,-37.664,231.115,-2.656,4.943,3.707,-4.347,-7.389,-2.977,-52.107,2.867,9.518,-16.068,25.267,-61.71,-8.641,11.63,3.068,-8.1,12.504,-65.527,2.779,0,0
0,47.998,0,1.953,1.774,-212.437,15,5,10,0,0,0.541,-5.262,-27.758,-27.496,200.366,0.794,5.736,1.099,-4.812,-33.298,-13.359,-40.84,5.367,6.912,-13.702,19.756,-61.298,-7.847,10.926,-0.378,-9.008,15.924,-71.481,8.321,0,0
0,46.005,0,1.997,4.417,-199.253,15,5,10,0,0,1.008,-6.85,-27.308,-16.29,172.656,3.664,4.22,0.194,-5.48,-37.71,-26.672,-28.519,5.03,5.65,-13.031,18.992,-57.634,-5.511,11.494,-0.314,-8.409,22.321,-72.351,12.687,0,0
0,44.145,0,2.272,27.489,-186.013,15,5,10,0,0,1.444,-6.838,-26.657,-20.305,136.321,7.389,2.266,-0.98,-4.768,-23.13,-47.908,-13.053,5.41,4.4,-12.138,26.397,-41.847,-5.038,6.941,0.347,-10.267,32.885,-96.977,13.725,0,0
0,42.512,0,2.836,56.362,-163.353,15,5,10,0,0,-0.975,-6.323,-27.619,-27.45,96.168,12.076,2.282,0.23,-4.639,-6.779,-64.763,-5.679,4.522,6.658,-12.849,35.557,-36.061,-0.824,10.193,3.578,-9.02,21.359,-95.893,12.198,0,0
0,41.088,0,3.536,69.958,-142.411,15,5,10,0,0,8.014,-12.107,-20.116,-28.26,64.992,8.031,5.973,-0.014,-2.989,1.191,-69.282,-0.183,4.733,7.113,-12.528,42.351,-33.176,0.321,11.091,1.995,-10.215,6.504,-104.794,11.481,0,0
0,39.964,0,4.323,78.758,-112.404,15,5,10,0,0,1.569,-5.133,-31.78,-38.137,13.939,12.076,8.263,-1.066,-2.041,34.031,-70.565,2.885,5.521,5.358,-13.359,44.275,-31.023,1.16,12.145,-0.491,-8.938,5.893,-110.992,13.802,0,0
0,39.279,0,5.198,87.49,-68.47,15,5,10,0,0,0.707,-5.269,-36.112,-35.527,-43.298,9.389,7.434,-0.331,-2.395,39.725,-70.534,9.084,4.57,6.481,-12.344,44.901,-27.511,1.664,14.162,-0.278,-6.584,12.198,-113.313,16.244,0,0
0,39.125,0,6.052,85.35,-15.415,15,5,10,0,0,-3.303,-3.473,-34.143,-26.916,-114.168,-1.924,5.446,-0.673,-4.797,39.786,-75.969,27.74,6.967,5.247,-11.161,48.58,-27.298,9.954,10.5,-1.3,-8.912,24.992,-120.305,20.534,0,0
0,39.392,0,6.978,92.674,26.745,15,5,10,1,0,9.52,-4.656,-12.277,-2.763,-114.458,-17.756,6.622,-2.706,-9.12,30.214,-84.947,35.939,5.322,5.101,-13.194,54.519,-21.328,9.603,14.732,0.474,-5.149,31.038,-117.099,23.481,1,0
0,39.725,0,7.894,91.576,33.302,5,5,10,1,0,15.024,-5.025,-0.872,20.87,-89.42,-29.206,14.274,-5.135,-7.525,43.267,-67.74,39.771,8.141,5.765,-11.467,58.031,-12.962,13.206,13.561,0.172,-7.959,39.771,-126.58,24.458,0,0
